0 3180.28
1 3169.2
2 3159.26
3 3147.93
4 3140.1
5 3128.09
6 3119.43
7 3108.73
8 3101.74
9 3095.23
10 3087.31
11 3083.46
12 3078.86
13 3071.67
14 3063.46
15 3054.83
16 3049.93
17 3045.14
18 3041.49
19 3037.51
20 3032.26
21 3029.72
22 3020.84
23 3016.7
24 3014.78
25 3011.59
26 3009.08
27 3004.56
28 3001.34
29 2997.46
30 2992.37
31 2989.25
32 2988.47
33 2984.95
34 2982
35 2978.95
36 2977.31
37 2974.29
38 2971.39
39 2968.27
40 2963.57
41 2961.69
42 2959.48
43 2956.69
44 2952.78
45 2949.65
46 2946.45
47 2942.32
48 2940.91
49 2939.04
50 2935.9
51 2933.97
52 2932.04
53 2928.94
54 2926.52
55 2923.84
56 2922.61
57 2920.65
58 2919.12
59 2916.51
60 2914.43
61 2912.25
62 2910.64
63 2909.26
64 2908.3
65 2907.51
66 2905.58
67 2903.08
68 2901.72
69 2899.84
70 2899.44
71 2898.63
72 2897.64
73 2896.65
74 2894.94
75 2893.62
76 2892.43
77 2890.77
78 2889.49
79 2887.33
80 2886.54
81 2885.72
82 2885.23
83 2883.11
84 2881.99
85 2881.59
86 2879.34
87 2878.35
88 2876.97
89 2875.3
90 2873.6
91 2873.4
92 2871.34
93 2870.48
94 2869.96
95 2868.76
96 2867.85
97 2867.7
98 2866.51
99 2865.48
100 2865
101 2863.85
102 2862.9
103 2862.37
104 2861.5
105 2860.29
106 2859.46
107 2858.95
108 2857.97
109 2856.98
110 2856.33
111 2855.43
112 2853.98
113 2853.55
114 2852.87
115 2852.18
116 2851.47
117 2850.84
118 2850.11
119 2849.1
120 2848.48
121 2847.98
122 2847.93
123 2847.37
124 2845.59
125 2844.51
126 2844.11
127 2843.17
128 2843.01
129 2842.69
130 2841.84
131 2841.19
132 2840.44
133 2839.6
134 2839.4
135 2837.77
136 2837.42
137 2836.55
138 2836.17
139 2836.03
140 2836.01
141 2835.36
142 2834.91
143 2834.17
144 2834.04
145 2833.53
146 2832.62
147 2831.79
148 2831.69
149 2831.14
150 2830.16
151 2829.64
152 2829.59
153 2829.29
154 2828.99
155 2828.76
156 2827.98
157 2827.53
158 2826.82
159 2826.51
160 2826.4
161 2825.52
162 2825.34
163 2824.8
164 2824.18
165 2823.77
167 2823.71
168 2822.71
169 2822.54
170 2822.2
171 2821.82
172 2821.74
173 2821.22
174 2820.68
175 2820.6
176 2820.18
177 2819.47
178 2819.42
179 2819.06
180 2818.68
181 2818.45
182 2818
183 2817.96
184 2816.68
185 2815.86
186 2815.56
187 2815.34
188 2815.21
189 2815.11
190 2814.9
191 2814.36
192 2813.48
193 2812.72
194 2812.38
195 2811.8
196 2811.55
197 2811.21
198 2811.16
199 2810.64
200 2810.4
201 2810.07
202 2810.01
203 2809.72
204 2809.37
205 2809.01
206 2808.63
207 2808.49
208 2808.36
209 2807.57
210 2806.81
211 2806.65
212 2806.64
213 2806.35
214 2806.05
215 2805.08
216 2805.02
218 2804.26
219 2803.67
220 2803.11
221 2802.87
222 2802.59
223 2802.17
224 2801.91
225 2801.82
226 2801.22
227 2800.85
228 2800.5
229 2800.3
230 2800.11
231 2799.4
232 2799.17
234 2798.87
235 2798.15
236 2797.98
237 2797.84
239 2797.62
240 2797.42
242 2797.32
243 2796.97
244 2796.92
245 2796.88
246 2796.86
247 2796.75
248 2796.47
249 2796.22
250 2796.11
251 2795.27
252 2794.77
254 2794.67
255 2794.59
256 2794.58
259 2794.47
260 2794.22
261 2794.08
262 2793.52
263 2793.14
264 2792.81
265 2792.03
266 2791.93
267 2791.4
268 2791.34
269 2791.23
270 2790.93
272 2790.71
273 2790.46
274 2790.45
275 2790.32
276 2789.96
277 2789.9
278 2789.78
279 2789.52
280 2789.06
281 2788.61
282 2788.56
283 2788.4
285 2788.35
286 2788.31
287 2788.23
288 2787.94
290 2787.54
292 2787.27
294 2787.12
295 2787.08
296 2787.04
297 2786.98
298 2786.8
299 2786.65
300 2786.61
301 2786.42
303 2786.11
304 2786.02
305 2785.91
306 2785.73
307 2785.32
308 2785.24
309 2785.05
310 2784.86
311 2784.54
313 2784.2
314 2784.02
316 2783.19
318 2782.78
319 2782.13
320 2782.02
321 2781.63
322 2781.51
323 2781.47
324 2781.1
325 2780.39
326 2780.38
328 2780.35
329 2780.27
330 2780.22
333 2780.07
334 2779.6
335 2779.51
336 2779.38
337 2779.3
338 2778.63
340 2778.35
341 2778.33
342 2778.12
343 2777.82
344 2777.69
345 2777.31
346 2777.29
348 2777.14
349 2776.99
350 2776.84
351 2776.76
352 2776.36
353 2776.34
354 2776.26
355 2776.1
356 2775.87
358 2775.66
360 2775.5
361 2775.43
362 2775.38
363 2775.21
364 2775.11
365 2774.94
366 2774.53
367 2774.43
368 2774.27
371 2773.96
372 2773.36
374 2773.27
376 2773.15
377 2773.1
381 2772.94
383 2772.81
384 2772.51
385 2772.43
387 2772.4
388 2772.35
389 2772.22
390 2772.15
393 2772.13
394 2772.09
395 2771.78
397 2771.63
398 2771.52
400 2771.38
403 2771.37
407 2771.32
408 2771.17
409 2771.14
411 2771
412 2770.79
415 2770.78
416 2770.32
417 2770.2
418 2770.09
419 2770.03
420 2769.92
421 2769.88
422 2769.48
423 2769.35
425 2769.17
427 2768.93
428 2768.89
429 2768.85
431 2768.79
432 2768.45
433 2768.38
434 2768.19
436 2767.73
439 2767.63
440 2767.54
444 2767.36
454 2767.22
462 2767.08
463 2766.85
467 2766.83
468 2766.64
469 2766.35
472 2766.27
473 2766.25
478 2766.21
479 2766.08
480 2766.05
482 2765.94
484 2765.93
487 2765.9
488 2765.69
491 2765.54
492 2765.35
495 2765.28
499 2765.03
500 2765
502 2764.77
505 2764.76
508 2764.61
509 2764.55
510 2764.27
516 2764.25
517 2764.22
520 2764.12
521 2764.08
522 2763.83
524 2763.63
526 2763.56
528 2763.55
529 2763.54
530 2763.46
531 2763.34
536 2762.96
538 2762.89
539 2762.69
542 2762.62
544 2762.6
545 2762.56
547 2762.36
548 2762.23
550 2762.08
551 2762.07
552 2762.05
553 2761.77
556 2761.76
558 2761.44
559 2761.33
561 2761.32
562 2761.14
568 2761.02
570 2760.52
573 2760.5
577 2760.42
581 2760.33
583 2760.23
591 2760.22
595 2760.2
600 2760.18
611 2760.01
618 2759.98
619 2759.69
621 2759.68
630 2759.66
631 2759.59
638 2759.45
641 2759.16
643 2759.1
644 2759.09
647 2758.81
650 2758.73
653 2758.69
658 2758.66
660 2758.62
664 2758.59
668 2758.54
707 2758.52
708 2758.4
713 2758.31
719 2758.28
724 2758.24
726 2758.12
727 2758.09
730 2758.08
736 2758.03
743 2757.92
749 2757.91
753 2757.87
758 2757.86
760 2757.79
761 2757.76
762 2757.75
763 2757.6
764 2757.52
765 2757.49
766 2757.32
767 2757.28
770 2757.25
772 2757.07
775 2756.78
776 2756.7
778 2756.49
779 2756.44
780 2756.36
792 2756.26
793 2756.25
795 2756.22
796 2756.18
798 2755.99
799 2755.94
802 2755.84
803 2755.83
804 2755.79
805 2755.67
809 2755.6
810 2755.46
812 2755.45
821 2755.39
826 2755.34
828 2754.98
830 2754.97
831 2754.91
835 2754.79
859 2754.64
860 2754.63
866 2754.58
871 2754.57
873 2754.52
885 2754.39
891 2754.37
899 2754.34
902 2754.13
919 2754.12
922 2754.08
932 2754.02
933 2753.99
938 2753.97
942 2753.95
950 2753.91
953 2753.9
954 2753.87
964 2753.86
976 2753.85
991 2753.75
996 2753.68
999 2753.66
1004 2753.63
1006 2753.58
1007 2753.44
1019 2753.37
1023 2753.36
1028 2753.27
1033 2753.26
1036 2753.24
1040 2753.19
1044 2753.18
1045 2753.1
1047 2753.05
1048 2753.03
1049 2753.01
1059 2753
1071 2752.99
1072 2752.97
1075 2752.96
1078 2752.92
1081 2752.81
1082 2752.78
1086 2752.58
1101 2752.49
1106 2752.4
1107 2752.39
1108 2752.32
1109 2752.27
1111 2752.08
1115 2752.06
1117 2752.01
1122 2751.99
1124 2751.97
1128 2751.71
1139 2751.64
1146 2751.44
1155 2751.42
1158 2751.4
1160 2751.36
1161 2751.32
1172 2751.29
1180 2751.27
1184 2751.26
1186 2751.24
1196 2751.22
1202 2751.18
1210 2750.92
1211 2750.7
1224 2750.65
1237 2750.63
1238 2750.56
1241 2750.48
1250 2750.41
1251 2750.39
1254 2750.33
1259 2750.28
1260 2750.23
1264 2750.22
1265 2750.21
1272 2750.16
1276 2750.15
1278 2749.97
1284 2749.92
1290 2749.88
1291 2749.84
1305 2749.77
1307 2749.58
1322 2749.56
1332 2749.53
1340 2749.51
1347 2749.43
1354 2749.41
1356 2749.36
1360 2749.35
1362 2749.3
1363 2749.28
1367 2749.26
1374 2749.24
1376 2749.23
1402 2749.01
1405 2749
1406 2748.98
1407 2748.82
1413 2748.76
1418 2748.61
1425 2748.52
1433 2748.5
1444 2748.48
1447 2748.45
1460 2748.4
1464 2748.38
1502 2748.32
1514 2748.26
1521 2748.21
1536 2748.16
1546 2748.11
1551 2748.1
1570 2748.05
1577 2748.03
1593 2748
1609 2747.92
1633 2747.86
1635 2747.67
1637 2747.57
1664 2747.55
1666 2747.43
1669 2747.38
1672 2747.31
1685 2747.28
1686 2747.15
1691 2747.13
1712 2747.03
1718 2746.97
1721 2746.93
1728 2746.88
1730 2746.83
1735 2746.77
1747 2746.71
1757 2746.69
1762 2746.54
1813 2746.53
1814 2746.5
1820 2746.49
1829 2746.38
1843 2746.3
1852 2746.29
1874 2746.23
1906 2746.18
1911 2746.15
1928 2746.1
1937 2746.01
1956 2746
1964 2745.97
1968 2745.91
1975 2745.9
2011 2745.89
2018 2745.85
2023 2745.82
2045 2745.79
2047 2745.78
2049 2745.7
2054 2745.68
2094 2745.62
2111 2745.6
2123 2745.53
2149 2745.51
2169 2745.49
2186 2745.43
2196 2745.38
2213 2745.35
2225 2745.28
2261 2745.2
2309 2745.19
2339 2745.18
2343 2745.13
2346 2745.03
2362 2744.87
2378 2744.86
2396 2744.77
2406 2744.54
2412 2744.51
2416 2744.48
2417 2744.46
2422 2744.35
2437 2744.33
2472 2744.26
2486 2744.23
2492 2744.05
2507 2743.95
2528 2743.89
2559 2743.83
2577 2743.79
2594 2743.74
2658 2743.61
2664 2743.6
2693 2743.56
2698 2743.51
2704 2743.34
2741 2743.32
2767 2743.3
2844 2743.29
2893 2743.27
2913 2743.15
2930 2743.1
2938 2743.06
2944 2743.02
2948 2743.01
2964 2743
3016 2742.94
3032 2742.93
3044 2742.87
3064 2742.86
3079 2742.76
3080 2742.75
3096 2742.63
3100 2742.55
3112 2742.5
3116 2742.44
3119 2742.42
3145 2742.37
3180 2742.32
3183 2742.28
3184 2742.27
3192 2742.25
3195 2742.19
3196 2742.18
3211 2742.12
3234 2742.05
3253 2741.99
3268 2741.96
3313 2741.91
3325 2741.85
3332 2741.79
3345 2741.77
3375 2741.75
3378 2741.74
3409 2741.7
3411 2741.64
3414 2741.58
3422 2741.55
3429 2741.51
3435 2741.47
3436 2741.34
3460 2741.32
3531 2741.31
3548 2741.23
3550 2741.21
3573 2741.19
3592 2741.15
3619 2741.13
3641 2741.08
3647 2741.01
3652 2740.83
3656 2740.8
3684 2740.79
3697 2740.69
3702 2740.67
3710 2740.62
3714 2740.54
3853 2740.37
3867 2740.35
3879 2740.23
3881 2740.21
3948 2740.19
3951 2740.18
3953 2740.11
3987 2740.05
3995 2740.03
4010 2740.02
4020 2740
4036 2739.97
4050 2739.96
4055 2739.95
4089 2739.9
4106 2739.82
4107 2739.7
4130 2739.68
4244 2739.67
4248 2739.66
4293 2739.65
4304 2739.63
4307 2739.61
4345 2739.59
4346 2739.58
4388 2739.53
4394 2739.51
4399 2739.46
4405 2739.4
4414 2739.38
4416 2739.31
4441 2739.3
4451 2739.24
4476 2739.18
4508 2739.17
4516 2739.13
4521 2739.11
4538 2739.1
4578 2739.02
4625 2739.01
4639 2738.96
4640 2738.9
4643 2738.77
4668 2738.75
4678 2738.7
4694 2738.66
4713 2738.64
4724 2738.63
4749 2738.45
4780 2738.42
4794 2738.4
4823 2738.35
4824 2738.34
4835 2738.31
4845 2738.3
4848 2738.24
4855 2738.2
4880 2738.19
4889 2738.13
4894 2738.1
4907 2738.07
4912 2738.05
4914 2737.95
4946 2737.93
4988 2737.91
4998 2737.9
5008 2737.85
5010 2737.8
5040 2737.78
5041 2737.73
5049 2737.68
5050 2737.63
5076 2737.6
5092 2737.55
5101 2737.51
5106 2737.46
5121 2737.44
5145 2737.43
5160 2737.42
5161 2737.26
5165 2737.23
5195 2737.18
5211 2737.1
5232 2737.04
5242 2737.02
5374 2736.96
5400 2736.94
5407 2736.9
5424 2736.84
5429 2736.8
5456 2736.75
5504 2736.7
5531 2736.65
5607 2736.6
5627 2736.55
5639 2736.54
5644 2736.53
5666 2736.47
5669 2736.46
5694 2736.43
5696 2736.41
5707 2736.39
5724 2736.36
5737 2736.31
5745 2736.26
5755 2736.25
5863 2736.2
5922 2736.14
5932 2736.13
5938 2736.07
5939 2736.06
5940 2736.03
5952 2735.97
5967 2735.92
5980 2735.89
5985 2735.86
5992 2735.82
5994 2735.79
6001 2735.78
6029 2735.7
6044 2735.68
6047 2735.67
6204 2735.63
6309 2735.58
6329 2735.55
6330 2735.52
6335 2735.5
6341 2735.49
6380 2735.38
6381 2735.32
6433 2735.31
6482 2735.26
6501 2735.21
6515 2735.19
6526 2735.18
6550 2735.07
6573 2735.03
6673 2734.97
6715 2734.91
6748 2734.89
6788 2734.87
6792 2734.86
6819 2734.82
6872 2734.77
6952 2734.66
6996 2734.65
7082 2734.59
7135 2734.53
7317 2734.48
7498 2734.41
7649 2734.37
7682 2734.33
7686 2734.31
7839 2734.25
7872 2734.22
7878 2734.21
7879 2734.19
7889 2734.11
7919 2734.09
8126 2734.04
8164 2734
8165 2733.98
8271 2733.87
8283 2733.85
8312 2733.83
8326 2733.72
8511 2733.7
8513 2733.66
8606 2733.59
8664 2733.54
8694 2733.43
8890 2733.38
9279 2733.36
9408 2733.34
9468 2733.28
9637 2733.23
9708 2733.16
9709 2733.1
9921 2733.05
10008 2733.02
10026 2732.98
10186 2732.93
10508 2732.88
10512 2732.85
10513 2732.83
10728 2732.77
10778 2732.71
10827 2732.65
10867 2732.63
10889 2732.61
10904 2732.55
10994 2732.54
11073 2732.52
11330 2732.47
11344 2732.4
11535 2732.29
11778 2732.22
11819 2732.16
11886 2732.11
11909 2732.08
11910 2732.03
11938 2731.99
11951 2731.96
12248 2731.94
12345 2731.83
12384 2731.78
12412 2731.77
12534 2731.71
12716 2731.65
12819 2731.61
12887 2731.59
13297 2731.57
13437 2731.46
13472 2731.41
13560 2731.37
13575 2731.36
13751 2731.31
14020 2731.29
14163 2731.25
14186 2731.23
14187 2731.22
14191 2731.18
14303 2731.12
14305 2731.07
14609 2731.05
14619 2731.02
14643 2731.01
15578 2730.95
15621 2730.89
15807 2730.83
15847 2730.77
16458 2730.71
18100 2730.65
18101 2730.59
18356 2730.54
18365 2730.49
18370 2730.48
18375 2730.45
18939 2730.42
19283 2730.36
19774 2730.31
20121 2730.28
20477 2730.26
20610 2730.23
20824 2730.21
20931 2730.2
20947 2730.19
20961 2730.14
21115 2730.09
21731 2730.03
23396 2730
23441 2729.97
23540 2729.91
24096 2729.85
25205 2729.8
25889 2729.75
26472 2729.69
26578 2729.63
27466 2729.58
28834 2729.53
28837 2729.47
30506 2729.42
33017 2729.39
33029 2729.38
33035 2729.37
33051 2729.31
34832 2729.28
34851 2729.22
34852 2729.21
34854 2729.19
35429 2729.14
36859 2729.08
37308 2729.03
37444 2728.98
38664 2728.92
41285 2728.86
41697 2728.81
42905 2728.76
42908 2728.75
43818 2728.69
45373 2728.63
45426 2728.58
47600 2728.52
47828 2728.46
48802 2728.4
54079 2728.34
55393 2728.29
56731 2728.23
57236 2728.17
57422 2728.14
57425 2728.12
59216 2728.06
59253 2728.01
59302 2727.95
60861 2727.9
60934 2727.85
61569 2727.79
64645 2727.78
64651 2727.73
65290 2727.67
71004 2727.63
71035 2727.62
71608 2727.57
76502 2727.54
76506 2727.51
79004 2727.45
79187 2727.39
79730 2727.33
83104 2727.3
83206 2727.29
83355 2727.24
84947 2727.18
87056 2727.16
89670 2727.1
92062 2727.09
92322 2727.05
95245 2726.99
100157 2726.93
100739 2726.89
100745 2726.87
102240 2726.81
108250 2726.75
108561 2726.7
110416 2726.65
110537 2726.61
110605 2726.6
110646 2726.59
111244 2726.54
111446 2726.49
131210 2726.43
131323 2726.38
132487 2726.33
136639 2726.29
136647 2726.27
136839 2726.22
139098 2726.16
139117 2726.11
143728 2726.05
146268 2726
159461 2725.99
159464 2725.96
159470 2725.95
185590 2725.9
201453 2725.85
219687 2725.8
228444 2725.75
233698 2725.71
234038 2725.7
264700 2725.66
264716 2725.65
273111 2725.6
276724 2725.55
284168 2725.5
311182 2725.45
397634 2725.44
397635 2725.4
407545 2725.35
425034 2725.3
433853 2725.25
441596 2725.2
505957 2725.15
508601 2725.1
608016 2725.05
668952 2725.01
669003 2725
686800 2724.99
686899 2724.96
686902 2724.95
750090 2724.91
750119 2724.9
818938 2724.88
818940 2724.85
832111 2724.8
872767 2724.77
872770 2724.75
890079 2724.7
984538 2724.65
996707 2724.6
1010996 2724.55
1042748 2724.5
1058936 2724.45
1065965 2724.43
1065968 2724.4
1154371 2724.35
