512 2
0
213
510
1
47
203
2
160
214
3
343
467
4
366
409
5
424
458
6
50
303
7
72
161
8
338
506
9
229
240
9
10
42
11
27
289
12
52
273
13
23
274
14
276
462
15
84
333
16
353
452
17
385
458
18
58
402
19
121
390
20
167
296
21
239
319
22
88
241
23
260
386
10
24
202
25
118
275
26
291
299
27
119
367
28
219
284
29
55
400
30
36
150
31
82
380
32
122
152
9
33
333
34
162
272
35
381
469
36
38
322
37
73
412
38
134
166
39
351
477
40
473
486
41
85
248
42
202
311
6
43
258
44
53
90
45
181
481
46
220
235
47
160
306
48
120
161
24
49
313
0
50
444
51
107
424
38
52
384
53
135
165
54
205
272
55
347
350
56
450
478
57
276
437
58
227
265
34
59
395
60
415
442
61
239
462
62
276
469
63
170
255
64
80
212
65
111
244
66
74
505
11
67
158
68
319
443
69
333
370
70
394
496
71
176
398
72
153
495
73
103
325
74
182
454
75
187
371
76
226
284
77
134
331
78
108
371
79
84
432
80
377
491
42
81
485
55
82
417
83
175
465
73
84
376
58
85
184
86
231
502
87
206
399
88
316
352
89
455
463
90
96
428
91
135
374
61
92
455
93
144
159
63
94
466
15
95
156
96
166
454
97
254
321
98
264
429
99
453
477
44
100
208
101
211
487
102
244
294
103
254
398
104
231
418
16
105
364
106
309
499
107
319
323
107
108
251
5
57
109
110
173
325
9
111
160
11
112
441
113
351
385
114
171
248
115
127
296
5
116
438
117
219
268
118
158
499
101
119
139
120
337
345
121
335
469
122
222
316
123
395
499
75
124
168
107
125
451
23
126
151
28
127
404
38
41
128
67
103
129
130
182
460
90
131
502
132
270
299
133
388
433
134
171
440
135
500
505
136
373
425
90
137
394
1
138
360
112
139
182
62
70
140
35
141
227
113
142
160
143
229
230
67
144
221
145
195
255
44
146
265
147
276
484
148
285
506
43
149
421
150
244
272
151
335
438
97
152
457
7
153
362
154
405
463
73
92
155
156
208
268
144
157
192
3
158
221
159
303
413
160
415
454
161
244
471
7
130
162
89
163
464
164
352
383
83
165
190
166
257
314
167
396
448
82
168
339
169
218
255
170
343
440
171
485
503
172
239
287
173
251
296
58
102
174
145
175
464
46
96
176
177
269
279
4
178
222
179
377
396
180
223
466
181
433
509
1
92
182
183
362
422
184
188
189
185
312
453
186
214
383
56
187
198
42
188
501
148
174
189
190
337
483
191
213
333
110
192
427
193
242
376
194
242
458
168
195
202
48
196
507
72
197
269
145
179
198
159
199
385
200
245
455
21
201
340
128
202
220
21
99
203
204
316
364
205
219
447
120
206
226
207
242
261
187
208
249
209
482
498
210
423
481
211
309
312
27
212
355
127
213
428
214
265
459
36
215
306
216
380
452
122
217
371
218
442
493
30
219
280
220
330
385
221
333
437
62
222
464
18
223
496
10
224
437
103
225
259
190
226
472
218
227
497
228
241
246
67
229
349
72
230
399
164
231
371
13
50
232
158
233
307
153
234
236
169
235
410
225
236
297
237
251
445
38
238
420
64
176
239
240
321
429
76
172
241
88
242
414
211
242
243
53
236
244
134
166
245
206
246
351
247
424
455
74
171
248
133
240
249
144
250
473
196
251
263
90
252
428
253
326
414
216
254
391
56
64
255
68
256
314
29
118
257
39
258
467
247
259
329
72
187
260
261
404
485
38
69
262
145
263
353
264
362
476
186
265
501
173
257
266
170
267
284
80
268
351
269
305
352
14
270
391
271
364
393
53
272
476
217
273
307
71
145
274
48
110
275
181
252
276
17
236
277
91
168
278
279
359
500
170
190
280
281
374
396
213
282
461
283
414
490
160
188
284
94
244
285
224
286
388
204
227
287
288
311
464
183
289
323
42
290
495
291
440
447
64
292
441
24
293
456
294
327
329
248
295
359
68
82
296
182
297
477
94
298
374
299
369
493
63
300
323
58
238
301
299
302
351
29
303
486
304
323
485
80
305
430
105
282
306
2
149
307
308
350
452
309
440
477
310
391
444
285
311
453
284
312
424
207
313
496
17
41
314
241
290
315
209
316
491
317
435
458
172
318
380
319
449
472
243
320
380
186
321
444
312
322
352
159
244
323
324
333
474
78
192
325
121
175
326
4
60
327
43
328
426
168
277
329
218
330
401
228
331
365
190
332
436
109
139
333
334
422
425
199
335
496
66
285
336
20
318
337
338
438
499
263
339
415
340
478
484
273
289
341
112
342
382
273
277
343
14
159
344
317
345
509
191
346
468
322
347
510
238
305
348
349
471
497
111
308
350
35
246
351
352
364
489
101
128
353
171
227
354
337
355
466
166
356
442
327
357
360
54
282
358
274
359
406
128
170
360
5
183
361
362
370
387
252
281
363
194
335
364
278
330
365
35
118
366
122
297
367
232
336
368
208
341
369
145
370
465
19
79
371
161
316
372
316
373
426
282
324
374
138
337
375
113
376
502
211
297
377
99
378
496
41
328
379
225
380
511
282
293
381
26
382
465
169
217
383
282
384
445
385
448
503
137
334
386
218
387
478
23
94
388
62
278
389
159
390
408
12
214
391
306
392
445
180
310
393
68
394
480
22
394
395
267
396
437
266
390
397
229
398
424
94
129
399
302
400
448
401
453
492
356
402
411
107
139
403
254
349
404
1
347
405
237
393
406
56
321
407
91
218
408
165
407
409
49
305
410
276
336
411
61
75
412
346
413
475
203
217
414
28
70
415
265
337
416
115
195
417
23
95
418
182
409
419
308
356
420
8
421
473
64
96
422
375
423
507
82
273
424
102
425
461
118
426
464
44
206
427
337
382
428
2
187
429
220
313
430
3
431
495
32
281
432
182
232
433
101
198
434
9
92
435
116
396
436
353
383
437
201
330
438
14
321
439
225
340
440
110
441
481
361
428
442
270
381
443
56
227
444
75
445
461
280
388
446
294
447
477
137
174
448
140
325
449
144
299
450
26
163
451
382
419
452
267
428
453
270
407
454
213
269
455
25
437
456
208
457
461
277
456
458
352
354
459
217
260
460
293
461
497
127
452
462
129
437
463
25
379
464
265
339
465
83
306
466
162
467
510
320
452
468
92
394
469
88
313
470
24
117
471
177
376
472
142
457
473
58
461
474
128
208
475
93
476
504
231
317
477
95
441
478
13
479
490
207
344
480
257
481
493
431
472
482
389
479
483
16
379
484
18
373
485
79
330
486
248
442
487
50
205
488
10
89
489
379
445
490
22
387
491
307
313
492
45
234
493
280
357
494
162
269
495
116
337
496
196
211
497
68
74
498
148
282
499
283
357
500
74
277
501
116
418
502
281
349
503
316
446
504
77
288
505
29
487
506
324
461
507
60
451
508
95
459
509
30
46
510
262
351
511
0.720324
0.932557
0.000114
0.128124
0.302333
0.999041
0.146756
0.236089
0.186260
0.387911
0.345561
0.669746
0.396767
0.935539
0.538817
0.846311
0.685220
0.524548
0.204452
0.443453
0.878117
0.229577
0.027388
0.534414
0.417305
0.457205
0.558690
0.430699
0.140387
0.939128
0.198101
0.778389
0.968262
0.802758
0.313424
0.092801
0.692323
0.518153
0.876389
0.865020
0.085044
0.829603
0.039055
0.273050
0.169830
0.059243
0.878143
0.670528
0.421108
0.671654
0.957890
0.411788
0.533165
0.197551
0.691877
0.289630
0.686501
0.783314
0.834626
0.412539
0.018288
0.034171
0.750144
0.624030
0.748166
0.298495
0.280444
0.446135
0.789279
0.222125
0.103226
0.073364
0.908596
0.096172
0.293614
0.903370
0.287775
0.119490
0.130029
0.524799
0.678836
0.916861
0.211628
0.910448
0.265547
0.298930
0.491573
0.584389
0.574118
0.613938
0.146729
0.956536
0.589306
0.260979
0.699758
0.231015
0.414056
0.949938
0.694400
0.493060
0.414179
0.540601
0.049953
0.765485
0.663795
0.139966
0.514889
0.792404
0.944595
0.029801
0.586555
0.883125
0.137475
0.447980
0.139276
0.892136
0.807391
0.377584
0.397677
0.538425
0.927509
0.361261
0.347766
0.571009
0.750812
0.637836
0.725998
0.126315
0.623672
0.647749
0.750942
0.353939
0.348898
0.763233
0.269928
0.356532
0.428091
0.881342
0.964840
0.011669
0.663441
0.498109
0.621696
0.073792
0.949489
0.064067
0.449912
0.355310
0.578390
0.941837
0.408137
0.379803
0.903380
0.771595
0.573679
0.301361
0.002870
0.772739
0.617145
0.152930
0.527058
0.009008
0.885942
0.709043
0.357270
0.470641
0.908535
0.764593
0.015821
0.269001
0.929437
0.831693
0.690897
0.551325
0.997323
0.070081
0.137136
0.742765
0.932595
0.191956
0.696818
0.464312
0.066000
0.230363
0.753876
0.208568
0.923025
0.049304
0.711525
0.518862
0.124271
0.172278
0.026211
0.107365
0.028306
0.509810
0.246211
0.102135
0.860028
0.288718
0.552822
0.967668
0.842031
0.278319
0.124173
0.233623
0.279184
0.091556
0.969596
0.417927
0.561030
0.367843
0.018647
0.812995
0.800633
0.289760
0.807105
0.612948
0.387861
0.426910
0.863542
0.751873
0.747122
0.427813
0.136455
0.361904
0.059918
0.153338
0.121343
0.937190
0.044552
0.916410
0.225709
0.616329
0.712989
0.035999
0.559717
0.654324
0.012556
0.129770
0.967276
0.360815
0.568100
0.274645
0.203293
0.073969
0.252326
0.152137
0.195429
0.938712
0.581359
0.371134
0.970020
0.050018
0.846829
0.740956
0.493770
0.204358
0.619956
0.981757
0.828981
0.893021
0.156791
0.759349
0.070022
0.039684
0.486345
0.813876
0.606329
0.762573
0.568851
0.455282
0.988616
0.109336
0.579745
0.146033
0.380141
0.508789
0.550948
0.215650
0.669233
0.462153
0.264920
0.132267
0.066335
0.764242
0.370084
0.212734
0.210174
0.095419
0.752756
0.162206
0.066536
0.356464
0.260315
0.095308
0.193434
0.931013
0.639461
0.576584
0.524670
0.839645
0.924808
0.623292
0.065961
0.728012
0.735066
0.522737
0.772178
0.736811
0.907816
0.165406
0.013952
0.426811
0.234362
0.728557
0.616778
0.756335
0.949016
0.397611
0.556653
0.203510
0.915606
0.008003
0.641566
0.926351
0.390008
0.294512
0.604310
0.024102
0.549548
0.452002
0.926181
0.808339
0.918733
0.368377
0.963263
0.034848
0.173956
0.354577
0.126330
0.078520
0.135079
0.693185
0.021525
0.459545
0.947970
0.961317
0.827115
0.334185
0.015019
0.472083
0.332064
0.503076
0.130997
0.885690
0.809491
0.534377
0.344737
0.281477
0.582014
0.896280
0.878832
0.241489
0.844734
0.023884
0.905392
0.965727
0.546347
0.346289
0.798604
0.577068
0.285719
0.126526
0.490254
0.950043
0.015533
0.952831
0.593481
0.218393
0.433676
0.248700
0.807361
0.863802
0.892889
0.815100
0.577857
0.543897
0.184010
0.191260
0.787929
0.588840
0.053909
0.015873
0.420194
0.049711
0.679069
0.399415
0.918602
0.576904
0.976759
0.786162
0.376580
0.254703
0.973784
0.082255
0.604716
0.157756
0.574712
0.417383
0.628076
0.347690
0.285576
0.699884
0.586833
0.697509
0.858314
0.036470
0.755082
0.789400
0.698057
0.900529
0.864479
0.004663
0.670789
0.467377
0.450874
0.359816
0.382103
0.240218
0.410811
0.023169
0.317384
0.130195
0.621919
0.561459
0.430247
0.167831
0.973802
0.421075
0.198570
0.273900
0.426701
0.010000
0.343346
0.219866
0.797639
0.031956
0.903842
0.782092
0.662720
0.517594
0.270208
0.016463
0.252367
0.298800
0.527715
0.859884
0.802161
0.185114
0.572489
0.083546
0.733143
0.044272
0.770884
0.019319
0.568858
0.067032
0.465710
0.811772
0.342689
0.636291
0.377924
0.705682
0.079626
0.238211
0.982817
0.044418
0.181613
0.281217
0.874962
0.073123
0.688413
0.660332
0.569494
0.187379
0.160971
0.522287
0.345172
0.475153
0.225040
0.847022
0.592512
0.838779
0.312270
0.139280
0.909636
0.467085
0.257118
0.218683
0.110891
0.440828
0.192963
0.480278
0.728586
0.008913
0.208194
0.505464
0.248034
0.673147
0.851672
0.055459
0.616685
0.605103
0.233666
0.319224
0.101967
0.890517
0.515857
0.790374
0.152672
0.200209
0.621806
0.680440
0.544010
0.156217
0.654137
0.510361
0.751528
0.144692
0.222049
0.048300
0.519352
0.899064
0.785296
0.715330
0.324362
0.392940
0.872922
0.080784
0.844710
0.352121
0.538441
0.001013
0.949806
0.200271
0.826407
0.625112
0.854115
0.321452
0.098743
0.047318
0.703517
0.759252
0.610241
0.406304
0.799615
0.704335
0.034571
0.585359
0.731729
0.303878
0.259698
0.313755
0.257069
0.226462
0.632303
0.672335
0.796589
0.512662
0.446146
0.615265
0.782749
0.045661
0.990472
0.446100
0.143006
0.359560
0.901308
0.554032
0.541559
0.411354
0.974740
0.966047
0.993913
0.992827
0.546071
0.659200
0.526426
0.809077
0.135428
0.458151
0.026219
0.533934
0.160395
0.577279
0.745637
0.917498
0.030400
0.314147
0.862346
0.805236
0.692678
0.480063
0.690942
0.487574
0.188637
0.841410
0.581577
0.269881
0.989752
0.486743
0.203906
0.275846
0.247733
0.225390
0.750172
0.921134
0.456975
0.200475
0.056929
0.879853
0.508516
0.465808
0.798604
0.302871
0.297331
0.489007
0.027606
0.203674
0.593432
0.088616
0.381016
0.502997
0.749858
0.787581
0.511141
0.903602
0.540952
0.219524
0.803961
0.257803
0.032323
0.564209
0.709387
0.132430
0.465001
0.372088
0.221433
0.505726
0.267072
0.694407
0.081474
0.456978
0.428619
0.361275
0.633787
0.045812
0.802963
0.387828
0.696800
0.458523
0.766211
0.735732
0.845851
0.277405
0.428769
0.817768
0.824010
0.656316
0.626496
0.011280
0.078387
0.603495
0.018333
0.680019
0.066725
0.583960
0.458584
0.573521
0.027783
0.958700
0.754861
0.986943
0.394850
0.387135
0.746938
0.836180
0.450087
0.585353
0.478073
0.670932
0.474004
0.086257
0.803163
0.991451
0.904686
0.994365
0.037061
0.653690
0.773874
0.037428
0.125641
0.719089
0.010364
0.608813
0.538627
0.106211
0.003018
0.280685
0.951194
0.776215
0.795967
0.510599
0.915274
0.715708
0.145558
0.077779
0.157730
0.615304
0.622496
0.696005
0.905809
0.555059
0.989955
0.861190
0.711122
0.745322
0.909293
0.999769
0.400874
0.573732
0.249851
0.639059
0.173430
0.489700
0.812611
0.874510
0.146792
0.847790
0.264297
0.647724
0.819089
0.585579
0.982417
0.991654
0.266639
0.799661
0.533653
0.501636
0.314467
0.772315
0.366557
0.921018
0.433592
0.044837
0.512293
0.228605
0.938886
0.842486
0.716879
0.484322
0.891019
0.650054
0.027287
0.143943
0.522051
0.305798
0.859489
0.886842
0.558517
0.515217
0.690228
0.267088
0.452853
0.880343
0.290097
0.333439
0.009349
0.894697
0.576756
0.204483
0.311444
0.819605
0.916406
0.522796
0.426475
0.161938
0.247396
0.948977
0.371294
0.059449
0.936868
0.574344
0.844330
0.378847
0.920207
0.640905
0.227900
0.127807
0.227310
0.356410
0.314377
0.151156
0.174766
0.856473
0.607094
0.102008
0.816352
0.166814
0.185130
0.439404
0.701877
0.160416
0.240356
0.879272
0.348988
0.399153
0.056964
0.275470
0.228814
0.051641
0.664103
0.138715
0.519016
0.178053
0.174720
0.583439
0.570716
0.928124
0.996753
0.107664
0.594373
0.155992
0.975989
0.304211
0.901563
0.764124
0.595608
0.626922
0.093577
0.193461
0.065372
0.068431
0.451733
0.879656
0.375435
0.319849
0.167983
0.955210
0.972788
0.415792
0.767475
0.195892
0.824238
0.166028
0.668733
0.056294
0.476882
0.328553
0.013136
0.980412
0.353006
0.771597
0.730091
0.585282
0.468628
0.439788
0.457405
0.613554
0.137663
0.319971
0.758278
0.313015
0.319953
0.993938
0.984383
0.165774
0.220234
0.462920
0.523896
0.037088
0.754891
0.253274
0.463858
0.870213
0.124823
0.139631
0.504519
0.689714
0.673849
0.871078
0.770150
0.355508
0.130336
0.396799
0.519082
0.932257
0.809989
0.450759
0.012604
0.974991
0.672470
0.697937
0.449247
0.577774
0.914789
0.134606
0.644361
0.807699
0.005240
0.104669
0.859318
0.564364
0.830400
0.622589
0.649154
0.458101
0.673698
0.812855
0.274120
0.422766
0.560530
0.805611
0.671730
0.548123
0.352430
0.247527
0.195037
0.246920
0.747321
0.249870
0.289603
0.615763
0.773799
0.261934
0.807698
0.380255
0.353535
0.036090
0.213693
0.843606
0.767285
0.449966
0.733245
0.057447
0.744473
0.163089
0.221397
0.182594
0.214112
0.541293
0.142518
0.493268
0.377083
0.733943
0.026628
0.184755
0.110920
0.920697
0.799777
0.690075
0.080530
0.168086
0.231702
0.685754
0.207626
0.601804
0.711315
0.517694
0.553885
0.069485
0.304518
0.473837
0.834854
0.484744
0.923456
0.100721
0.706052
0.028270
0.478031
0.067969
0.126210
0.375883
0.159834
0.407131
0.202602
0.934955
0.431182
0.532677
0.404202
0.446410
0.729319
0.344065
0.188745
0.047464
0.643896
0.448608
0.754306
0.903231
0.600954
0.812956
0.748928
0.960228
0.638219
0.306551
0.597127
0.928267
0.731606
0.360133
0.945308
0.076018
0.425561
0.925426
0.782182
0.338023
0.835272
0.749122
0.192250
0.465830
0.395097
0.082326
0.300081
0.199965
0.904631
0.892464
0.370154
0.720971
0.530697
0.447687
0.494116
0.576449
0.206454
0.720518
0.076189
0.847344
0.507922
0.568554
0.261550
0.606442
0.108065
0.893316
0.787552
0.600380
0.106584
0.784025
0.985709
0.788337
0.572405
0.686563
0.044845
0.919947
0.787116
0.069396
0.189606
0.531458
0.740078
0.386633
0.149931
0.261260
0.551087
0.449316
0.216617
0.547591
0.722915
0.815795
0.176549
0.261264
0.861967
0.982056
0.019775
0.928058
0.558904
0.704562
0.403220
0.649134
0.758747
0.208791
0.716929
0.744471
0.278085
0.415604
0.003794
0.091558
0.933903
0.261298
0.857897
0.228855
0.516689
0.526814
0.706956
0.032700
0.780530
0.760843
0.374876
0.423374
0.750624
0.701239
0.613211
0.597598
0.401866
0.275584
0.697308
0.061840
0.774897
0.358194
0.896417
0.723237
0.239316
0.526975
0.120767
0.094942
0.302097
0.909984
0.883029
0.178666
0.543166
0.192428
0.286712
0.201307
0.290144
0.629671
0.613871
0.949955
0.324139
0.040095
0.457360
0.464233
0.828135
0.593844
0.426348
0.598580
0.345699
0.350454
0.674972
0.261992
0.467246
0.904910
0.314766
0.404988
0.626856
0.706368
0.877360
0.550539
0.784457
0.462996
0.456966
0.103300
0.656229
0.950032
0.131841
0.125496
0.909312
0.160427
0.605479
0.870082
0.766775
0.987102
0.504701
0.938849
0.842900
0.482247
0.067807
0.669888
0.573272
0.812798
0.942763
0.918039
0.194466
0.128513
0.847939
0.735464
0.251639
0.962871
0.700726
0.567131
0.948836
0.856924
0.624337
0.703499
0.837978
0.180116
0.007933
0.619334
0.077715
0.062509
0.322130
0.439119
0.946152
0.859965
0.008939
0.010628
0.861212
0.428749
0.439831
0.587465
0.255745
0.859552
0.802690
0.614593
0.134339
0.836449
0.927849
0.744061
0.895970
0.327867
0.491545
0.244692
0.418578
0.608783
0.683465
0.068068
0.397991
0.386599
0.505742
0.536384
0.964989
0.939331
0.294216
0.218100
0.103460
0.561832
0.144315
0.134154
0.715946
0.153213
0.564498
0.002547
0.794578
0.014004
0.507080
0.217611
0.695764
0.063271
0.777848
0.292299
0.406483
0.145026
0.647771
0.651545
0.321820
0.310968
0.172605
0.954782
0.408637
0.917505
0.241419
0.848547
0.975222
0.096774
0.320319
0.146325
0.982491
0.415103
0.636306
0.524872
0.857484
0.262218
0.619587
0.456978
0.252033
0.396003
0.792856
0.729957
0.357511
0.613720
0.330277
0.031197
0.697369
0.062710
0.268650
0.257612
0.295289
0.088207
0.544121
0.861043
0.487921
0.072465
0.855356
0.328781
0.184384
0.933149
0.585348
0.246993
0.898205
0.554556
0.446117
0.560480
0.278991
0.449832
0.608831
0.935863
0.682454
0.390073
0.228206
0.046876
0.416724
0.432552
0.938482
0.294153
0.343028
0.541572
0.779744
0.760635
0.341953
0.771671
0.144598
0.564868
0.716771
0.171437
0.699308
0.425665
0.253396
0.032961
0.692360
0.482098
0.227298
0.521726
0.424649
0.537513
0.355308
0.638078
0.057655
0.236199
0.631647
0.156810
0.707317
0.388616
0.648313
0.165633
0.169941
0.556938
0.149447
0.810447
0.514175
0.136345
0.183953
0.982249
0.462839
0.942545
0.428932
0.339231
0.497289
0.693087
0.342441
0.827978
0.261880
0.846496
0.844527
0.555046
0.800332
0.673246
0.607015
0.007978
0.145466
0.712066
0.509613
0.508476
0.296947
0.190539
0.813734
0.633474
0.721225
0.124751
0.060331
0.470588
0.010678
0.986573
0.608310
0.645086
0.001182
0.151725
0.471005
0.639127
0.538985
0.565662
0.922110
0.428037
0.650901
0.599270
0.063536
0.849970
0.305026
0.751121
0.411547
0.924704
0.317865
0.064740
0.488282
0.991347
0.062716
0.052995
0.948837
0.422753
0.751886
0.107509
0.101407
0.623670
0.584938
0.047993
0.643294
0.061037
0.664543
0.703519
0.225004
0.668456
0.081448
0.378581
0.003844
0.747005
0.957428
0.340379
0.064792
0.795301
0.764933
0.487901
0.499811
0.028491
0.087548
0.644232
0.013014
0.350657
0.064872
0.229205
0.972104
0.382467
0.148840
0.469789
0.599692
0.979483
0.411833
0.364378
0.636540
0.552768
0.920947
0.889131
0.674172
0.354953
0.228418
0.245519
0.511046
0.043534
0.971720
0.950753
0.002559
0.556407
0.064839
0.376363
0.945479
0.058363
0.766003
0.516706
0.651160
0.031097
0.815088
0.571176
0.252872
0.630959
0.330269
0.980924
0.100652
0.874903
0.645129
0.451836
0.355245
0.777469
0.216428
0.494843
0.475496
0.528533
0.223543
0.150784
0.738999
0.142221
0.460742
0.726894
0.071300
0.477013
0.335148
0.448879
0.702423
0.527619
0.869807
0.409091
0.005511
0.268892
0.298707
0.072012
0.863316
0.025753
0.896700
0.291154
0.399194
0.503510
0.438245
0.965933
0.225082
0.673041
0.147680
0.499932
0.002587
0.777098
0.766219
0.143607
0.826033
0.399219
0.185735
0.796962
0.762506
0.191676
0.189207
0.767777
0.608595
0.216891
0.689795
0.016716
0.388097
0.398659
0.269398
0.381081
0.304447
0.070918
0.584530
0.152604
0.424555
0.016576
0.342557
0.113796
0.760839
0.402657
0.862550
0.321026
0.515751
0.557912
0.291348
0.993460
0.958140
0.699623
0.997802
0.918259
0.549790
0.039729
0.747382
0.070333
0.299906
0.349167
0.858737
0.937252
0.342195
0.489565
0.793313
0.539649
0.256894
0.446635
0.095632
0.877034
0.105734
0.253582
0.262925
0.273810
0.740478
0.547564
0.317931
0.220129
0.495554
0.671429
0.855452
0.142793
0.047518
0.870192
0.100038
0.236869
0.225726
0.386004
0.358340
0.571542
0.784811
0.076024
0.372465
0.874126
0.061842
0.951136
0.724032
0.812507
0.488800
0.527847
0.707032
0.339417
0.542847
0.554667
0.249791
0.974403
0.427213
0.668797
0.941079
0.325967
0.967517
0.774477
0.032196
0.325810
0.081347
0.751708
0.421842
0.762632
0.150522
0.469479
0.556960
0.210765
0.949377
0.321829
0.336973
0.037113
0.508410
0.693855
0.875110
0.670350
0.648140
0.767789
0.164723
0.536008
0.352644
0.039860
0.791257
0.134793
0.633724
0.335664
0.764163
0.052313
0.815824
0.605117
0.453434
0.512061
0.161523
0.432356
0.617359
0.847700
0.871365
0.454059
0.882084
0.015404
0.273736
0.656202
0.848296
0.823003
0.252929
0.951776
0.084629
0.050912
0.515021
0.063343
0.064406
0.421658
0.456559
0.863829
0.289386
0.081624
0.405986
0.125543
0.964581
0.772886
0.526782
0.841422
0.173998
0.043291
0.354962
0.239411
0.402277
0.952474
0.958437
0.943893
0.977091
0.613934
0.705621
0.344861
0.028622
0.897851
0.408526
0.434595
0.931111
0.235815
0.659759
0.684218
0.259557
0.064912
0.505096
0.870425
0.677517
0.701380
0.496753
0.732375
0.012079
0.253439
0.470816
0.600489
0.266043
0.814619
0.542451
0.130511
0.786911
0.842446
0.575470
0.618346
0.699374
0.531288
0.529454
0.295079
0.951464
0.872686
0.312523
0.421666
0.750524
0.064430
0.079230
0.203381
0.300392
0.826228
0.624828
0.881771
0.647319
0.486751
0.396722
0.527267
0.057812
0.624821
0.511597
0.855042
0.184451
0.282139
0.415486
0.567690
0.316162
0.115103
0.644469
0.227001
0.648464
0.595982
0.895496
0.131416
0.380957
0.161848
0.471695
0.844873
0.847239
0.602184
0.217997
0.345679
0.625420
0.595625
0.411450
0.598985
0.591436
0.615704
0.297853
0.750317
0.792971
0.948209
0.514763
0.534679
0.263826
0.192556
0.660929
0.007319
0.434488
0.328256
0.434140
0.917606
0.179209
0.588367
0.913288
0.604672
0.051405
0.822578
0.734191
0.879484
0.328118
0.320986
0.084492
0.721303
0.055524
0.440347
0.525908
0.126736
0.937509
0.589824
0.234356
0.200182
0.850914
0.788301
0.656932
0.012097
0.645423
0.303346
0.931057
0.997485
0.438093
0.582030
0.052713
0.293376
0.547494
0.928949
0.853310
0.454692
0.721343
0.587872
0.931012
0.264138
0.485215
0.305288
0.888721
0.244448
0.089803
0.584547
0.966785
0.695846
0.133981
0.071947
0.858828
0.753071
0.454268
0.806163
0.128900
0.751640
0.308793
0.080061
0.693147
0.445673
0.639273
0.672473
0.295594
0.448737
0.348348
0.704313
0.514817
0.697149
0.607738
0.618601
0.205722
0.150981
0.992568
0.760802
0.718765
0.904103
0.647367
0.233769
0.798854
0.176679
0.613725
0.391099
0.536337
0.815477
0.647552
0.613526
0.322653
0.760002
0.476402
0.427665
0.425571
0.115035
0.957837
0.373407
0.840763
0.193848
0.932998
0.820747
0.677620
0.688845
0.609057
0.491110
0.204431
0.088174
0.165722
0.235078
0.537346
0.198592
0.340003
0.025476
0.484226
0.729398
0.868370
0.724917
0.546620
0.843494
0.181609
0.428442
0.700848
0.864686
0.783241
0.657065
0.825642
0.200727
0.391217
0.529547
0.928511
0.894432
0.050894
0.304994
0.873173
0.908745
0.853793
0.329845
0.796316
0.683074
0.504733
0.899221
0.486284
0.878588
0.847719
0.190839
0.750862
0.849769
0.427643
0.667119
0.474654
0.151376
0.079138
0.635371
0.888156
0.847788
0.052957
0.821849
0.366512
0.956302
0.922317
0.589923
0.810765
0.197833
0.879357
0.429331
0.858762
0.991945
0.799128
0.380236
0.611540
0.992701
0.846907
0.518804
0.112778
0.074574
0.411084
0.370306
0.883795
0.123419
0.956684
0.634519
0.267912
0.990916
0.837249
0.929956
0.947571
0.149236
0.192349
0.394882
0.096268
0.560949
0.436896
0.780364
0.109961
0.487194
0.571274
0.419994
0.104100
0.910806
0.636677
0.022272
0.677059
0.821122
0.589997
0.188468
0.967264
0.355209
0.201434
0.974213
0.504989
0.122772
0.276423
0.187570
0.243538
0.583406
0.047570
0.309246
0.141115
0.000764
0.082199
0.227598
0.421406
0.203434
0.705305
0.896323
0.129384
0.873094
0.780924
0.700289
0.122429
0.827136
0.980042
0.495826
0.499203
0.363489
0.224212
0.275603
0.981992
0.386989
0.782339
0.492881
0.006607
0.254438
0.009273
0.884967
0.397832
0.297575
0.199675
0.717595
0.450026
0.190870
0.116076
0.118193
0.669736
0.744136
0.689406
0.590521
0.242512
0.242892
0.342127
0.623247
0.806592
0.327569
0.550979
0.067489
0.290738
0.880539
0.981390
0.459957
0.700061
0.253889
0.867988
0.591387
0.972268
0.428795
0.199411
0.382101
0.487126
0.244267
0.562050
0.079342
0.000589
0.302858
0.565125
0.741705
0.289887
0.672411
0.980895
0.008383
0.887493
0.678377
0.943091
0.503181
0.599987
0.174897
0.070685
0.184983
0.354935
0.844260
0.722448
0.982590
0.429816
0.347369
0.379116
0.780225
0.415930
0.546455
0.619116
0.816442
0.360942
0.589951
0.888396
0.787263
0.264154
0.100235
0.064193
0.537007
0.275837
0.604307
0.572087
0.958803
0.249483
0.392823
0.183761
0.392973
0.952347
0.645078
0.107123
0.393884
0.629883
0.688955
0.267595
0.404002
0.314097
0.450643
0.659667
0.334419
0.086968
0.217969
0.567401
0.925775
0.598821
0.418412
0.746657
0.502573
0.541971
0.552711
0.700533
0.395849
0.862617
0.871361
0.167442
0.686625
0.263139
0.939200
0.071610
0.008124
0.236384
0.657523
0.660598
0.453272
0.089631
0.769096
0.210771
0.975339
0.104954
0.908509
0.388873
0.589315
0.537988
0.489048
0.339204
0.023370
0.536768
0.633490
0.390610
0.673414
0.696270
0.628201
0.678482
0.463466
0.561491
0.047912
0.358080
0.501252
0.613112
0.661734
0.935736
0.711355
0.979590
0.573646
0.441007
0.624237
0.739612
0.209384
0.037604
0.156337
0.518282
0.175714
0.005317
0.974876
0.277200
0.265282
0.534832
0.109977
0.053093
0.535261
0.549053
0.784192
0.800995
0.419625
0.649583
0.773089
0.074731
0.760038
0.276806
0.505968
0.919238
0.313654
0.765005
0.912880
0.832968
0.762189
0.896043
0.628384
0.972720
0.739264
0.998521
0.823002
0.070542
0.973974
0.073467
0.431977
0.014744
0.116698
0.971820
0.219891
0.841737
0.384596
0.685173
0.931902
0.487557
0.289673
0.346695
0.285178
0.253839
0.066699
0.911018
0.596993
0.725643
0.796458
0.025926
0.004104
0.281301
0.683400
0.028966
0.697623
0.884682
0.856930
0.771005
0.420504
0.796559
0.838066
0.324638
0.027818
0.307882
0.100292
0.928109
0.852541
0.523555
0.481449
0.951935
0.394266
0.887996
0.886776
0.518033
0.447222
0.710355
0.576456
0.455643
0.233596
0.605213
0.739740
0.990406
0.543689
0.334276
0.602279
0.088998
0.994822
0.184906
0.221667
0.526852
0.774740
0.800660
0.215363
0.933202
0.595704
0.177865
0.361323
0.860067
0.915302
0.959471
0.934159
0.037863
0.500037
0.057584
0.293004
0.005797
0.905736
0.055698
0.407425
0.293862
0.144289
0.356016
0.885650
0.953677
0.665384
0.278238
0.584050
0.503005
0.451936
0.643358
0.937202
0.111246
0.421833
0.851946
0.801388
0.844250
0.015728
0.890507
0.814827
0.381842
0.946633
0.101581
0.908381
0.225807
0.095393
0.971320
0.545744
0.284624
0.449326
0.890552
0.542902
0.922504
0.692072
0.156150
0.767433
0.879722
0.372045
0.210628
0.560150
0.345116
0.978424
0.159919
0.468966
0.444348
0.133405
0.165318
0.188647
0.197196
0.592657
0.691027
0.769621
0.573803
0.419255
0.244634
0.492235
0.629608
0.481535
0.034431
0.201684
0.516198
0.642861
0.984127
0.784726
0.009873
0.321274
0.252841
0.268503
0.223850
0.164909
0.010172
0.967635
0.490195
0.085671
0.045482
0.256432
0.278328
0.360758
0.294692
0.277986
0.269655
0.334087
0.590547
0.493833
0.380534
0.269654
0.496124
0.543139
0.633209
0.005094
0.353394
0.342602
0.287044
0.289147
0.937080
0.201083
0.804836
0.665198
0.938029
0.861596
0.185381
0.833676
0.935753
0.505150
0.283545
0.402748
0.274634
0.854438
0.551432
0.965905
0.442101
0.614601
0.185318
0.396064
0.947376
0.269695
0.493825
0.558832
0.644942
0.977109
0.484316
0.690970
0.967695
0.309313
0.143190
0.173766
0.661888
0.920683
0.433840
0.916352
0.059357
0.925379
0.492723
0.062755
0.806747
0.013448
0.256661
0.937719
0.391430
0.989964
0.240172
0.981998
0.989883
0.091702
0.177430
0.318550
0.821447
0.146180
0.230989
0.620774
0.138817
0.660961
0.935153
0.500221
0.888542
0.344814
0.289260
0.503870
0.849931
0.396585
0.434655
0.924608
0.468050
0.845589
0.629853
0.530862
0.014782
0.097623
0.265512
0.741840
0.015444
0.191426
0.674499
0.402084
0.321648
0.318218
0.780202
0.068504
0.145785
0.353148
0.244881
0.965809
0.195932
0.701712
0.087939
0.339001
0.869976
0.330174
0.088189
0.644005
0.120401
0.141051
0.010699
0.893876
0.557268
0.727236
0.907109
0.439905
0.338451
0.814807
0.027159
0.367257
0.800859
0.093098
0.805985
0.414153
0.669647
0.198219
0.807779
0.626354
0.897498
0.334587
0.453830
0.853122
0.506131
0.181401
0.691984
0.477810
0.682907
0.208879
0.520314
0.052994
0.505779
0.164169
0.824859
0.164692
0.281845
0.378546
0.178495
0.941978
0.741940
0.420113
0.259792
0.828591
0.581235
0.075623
0.955262
0.314055
0.083534
0.482108
0.619135
0.398843
0.224493
0.680178
0.765184
0.174822
0.666188
0.890457
0.107814
0.811468
0.084283
0.672722
0.625121
0.512896
0.087253
0.516363
0.371064
0.642790
0.672144
0.552043
0.189587
0.111141
0.949846
0.264490
0.961573
0.952747
0.730083
0.152327
0.406288
0.677018
0.287987
0.630067
0.314417
0.233357
0.605896
0.006128
0.594847
0.753324
0.254601
0.971846
0.766188
0.597557
0.941013
0.690291
0.001033
0.874498
0.657040
0.166072
0.843323
0.741936
0.183739
0.406053
0.856159
0.728876
0.892274
0.541081
0.027712
0.798150
0.085390
0.466716
0.981410
0.948939
0.417632
0.728708
0.169214
0.414960
0.649901
0.192278
0.036975
0.667838
0.323479
0.875138
0.607442
0.839541
0.650831
0.582397
0.846055
0.073469
0.660458
0.640005
0.578174
0.717651
0.398716
0.384170
0.966612
0.618845
0.895087
0.819592
0.311013
0.349813
0.548489
0.447773
0.682066
0.552313
0.167737
0.769699
0.508482
0.571389
0.791864
0.266249
0.692414
0.946407
0.900742
0.620615
0.479738
0.285585
0.946677
0.038130
0.553434
0.651262
0.202463
0.652219
0.854238
0.896162
0.705927
0.300183
0.894940
0.092336
0.528001
0.837529
0.650398
0.637462
0.594291
0.139583
0.231463
0.323617
0.248111
0.996910
0.845615
0.993470
0.986677
0.932461
0.066571
0.947563
0.330116
0.393625
0.625435
0.487781
0.258130
0.056050
0.651008
0.232098
0.294821
0.618413
0.911763
0.647788
0.942499
0.541199
0.613550
0.579241
0.939419
0.493350
0.750454
0.010746
0.751090
0.462825
0.211721
0.532491
0.240095
0.095327
0.631621
0.385143
0.710740
0.271620
0.742383
0.240135
0.759825
0.423933
0.902936
0.312406
0.587420
0.363784
0.090410
0.629682
0.105263
0.172219
0.172727
0.690400
0.126431
0.843699
0.778301
0.165255
0.241558
0.954767
0.879066
0.151469
0.973519
0.666596
0.605422
0.358323
0.043452
0.207081
0.948573
0.814098
0.311296
0.922567
0.798973
0.367040
0.859999
0.045114
0.458551
0.011891
0.930644
0.892387
0.257893
0.436937
0.619120
0.535231
0.985445
0.553048
0.032644
0.522636
0.725167
0.369877
0.492424
0.854367
0.259218
0.881260
0.326831
0.963449
0.249462
0.605327
0.799661
0.783161
0.502395
0.250211
0.083190
0.853484
0.776984
0.945831
0.739388
0.928579
0.515394
0.519199
0.399946
0.240145
0.986247
0.385910
0.932764
0.487444
0.930855
0.870256
0.390919
0.290413
0.214465
0.739327
0.177972
0.513660
0.803208
0.953688
0.253934
0.198189
0.290806
0.416902
0.902917
0.961890
0.535381
0.902685
0.862839
0.603098
0.352533
0.431019
0.433690
0.479848
0.294812
0.410703
0.041574
0.223998
0.989707
0.723057
0.734585
0.608689
0.640808
0.384515
0.723093
0.234968
0.051111
0.387568
0.926841
0.483592
0.551995
0.411935
0.963916
0.562341
0.280956
0.843867
0.396463
0.495631
0.628023
0.297404
0.300632
0.729098
0.819358
0.806281
0.041878
0.339826
0.049396
0.516898
0.150455
0.073683
0.395350
0.356447
0.110795
0.188752
0.647553
0.515897
0.527622
0.108944
0.353242
0.164300
0.220594
0.475795
0.043822
0.473108
0.713164
0.168963
0.653840
0.011189
0.718939
0.660902
0.109976
0.156202
0.938719
0.679616
0.847627
0.106227
0.378831
0.753362
0.416567
0.928751
0.482154
0.978264
0.935284
0.645587
0.477924
0.198861
0.554518
0.972867
0.875404
0.477555
0.949264
0.572123
0.748520
0.724279
0.351625
0.039911
0.918028
0.227406
0.836752
0.030724
0.867627
0.825528
0.849872
0.018007
0.808411
0.573074
0.130693
0.956520
0.900783
0.076726
0.770832
0.967016
0.420713
0.712773
0.977880
0.652521
0.333610
0.953525
0.954201
0.163647
0.808715
0.632159
0.900340
0.832931
0.379764
0.377031
0.235522
0.910291
0.295935
0.299890
0.737995
0.801556
0.461799
0.628658
0.365274
0.279640
0.584692
0.878123
0.533708
0.242994
0.615477
0.121104
0.395648
0.190876
0.771718
0.365411
0.251203
0.535522
0.960397
0.211770
0.003555
0.873119
0.723361
0.902311
0.108995
0.817320
0.626916
0.405645
0.242947
0.245087
0.913844
0.682315
0.622313
0.706924
0.770132
0.479316
0.105507
0.565157
0.555225
0.781353
0.094956
0.948700
0.252980
0.958488
0.649467
0.375098
0.715827
0.253788
0.524186
0.237689
0.813294
0.115912
0.807512
0.432047
0.619682
0.055984
0.451102
0.561056
0.874748
0.116971
0.702932
0.023496
0.184935
0.530587
0.565732
0.377143
0.150690
0.391901
0.845518
0.393573
0.820202
0.528843
0.499341
0.113213
0.147503
0.148684
0.922639
0.365999
0.044155
0.403700
0.372499
0.109730
0.196948
0.317095
0.981080
0.003584
0.155975
0.403359
0.539679
0.423415
0.230990
0.101284
0.466309
0.077654
0.491009
0.208844
0.766862
0.839229
0.467550
0.848709
0.666943
0.854037
0.453377
0.114296
0.525712
0.373108
0.181195
0.489940
0.788050
0.309767
0.602865
0.894357
0.980333
0.526817
0.466266
0.805208
0.895642
0.846722
0.601433
0.793065
0.725959
0.911330
0.684310
0.690739
0.946055
0.669112
0.200186
0.920790
0.807365
0.383734
0.014569
0.077116
0.215210
0.756523
0.117377
0.564065
0.767424
0.965026
0.998414
0.438466
0.389612
0.572820
0.905203
0.622848
0.188578
0.493383
0.844812
0.934560
0.595270
0.509023
0.462158
0.714718
0.512650
0.269516
0.440319
0.636899
0.193559
0.539738
0.113966
0.572842
0.151228
0.821770
0.558676
0.580155
0.847721
0.481769
0.359119
0.751256
0.075311
0.218877
0.602008
0.317903
0.425403
0.632888
0.810721
0.016138
0.941886
0.997628
0.704000
0.172267
0.470299
0.165106
0.682698
0.228521
0.013418
0.156496
0.172077
0.518377
0.906260
0.322357
0.807110
0.247928
0.800140
0.521059
0.219154
0.891292
0.428801
0.767755
0.849371
0.368928
0.450380
0.350007
0.352679
0.016297
0.619392
0.220819
0.980699
0.511462
0.643463
0.788310
0.463557
0.545828
0.334751
0.798195
0.532182
0.326101
0.284746
0.176669
0.668289
0.717550
0.681360
0.252148
0.867139
0.705388
0.132381
0.295237
0.826769
0.650163
0.646550
0.415066
0.204922
0.823561
0.261421
0.339688
0.541799
0.581405
0.477438
0.660552
0.467460
0.641455
0.839841
0.004637
0.816754
0.433643
0.877801
0.044326
0.571009
0.695287
0.964036
0.526677
0.603948
0.638447
0.319298
0.825697
0.681204
0.896280
0.051966
0.645145
0.130242
0.821412
0.655201
0.153979
0.175333
0.111901
0.341147
0.531240
0.233734
0.770372
0.964224
0.163606
0.509139
0.841024
0.151075
0.627930
0.943509
0.855225
0.865686
0.961306
0.392066
0.154182
0.283868
0.046954
0.240484
0.694684
0.254232
0.026200
0.084086
0.413833
0.864144
0.063844
0.561786
0.520687
0.736711
0.934328
0.796489
0.123643
0.447508
0.676788
0.828733
0.451090
0.030998
0.740784
0.946728
0.380151
0.576978
0.660543
0.608565
0.289918
0.251660
0.614350
0.296130
0.524434
0.532923
0.073174
0.184496
0.860658
0.509898
0.825253
0.343788
0.156722
0.769725
0.984170
0.424560
0.560647
0.204122
0.182920
0.067089
0.938085
0.198648
0.721671
0.598789
0.113353
0.873083
0.358469
0.128231
0.271148
0.958189
0.908152
0.741964
0.970009
0.982881
0.981170
0.416101
0.319852
0.531583
0.034913
0.512875
0.386105
0.299112
0.317130
0.105385
0.339849
0.284932
0.232991
0.640783
0.733222
0.801331
0.360575
0.517121
0.903222
0.232100
0.600965
0.304005
0.170320
0.029529
0.056810
0.903331
0.183927
0.420370
0.445049
0.741252
0.792299
0.948458
0.128429
0.072516
0.418982
0.172701
0.672242
0.248424
0.922552
0.495495
0.633702
0.824460
0.789029
0.853972
0.308212
0.240174
0.880083
0.186493
0.908572
0.743391
0.591358
0.237214
0.866578
0.749281
0.882263
0.228249
0.239511
0.174501
0.929316
0.039736
0.572731
0.851439
0.621229
0.104636
0.341617
0.223645
0.889133
0.032757
0.925547
0.231703
0.217857
0.413592
0.682970
0.139301
0.722809
0.377217
0.305539
0.472965
0.262280
0.422842
0.449443
0.102757
0.540277
0.772580
0.084920
0.424292
0.489736
0.271956
0.529125
0.301008
0.230138
0.672421
0.356556
0.190087
0.037639
0.469134
0.640989
0.339541
0.972986
0.704497
0.331229
0.844988
0.983189
0.526230
0.027956
0.500620
0.670067
0.253686
0.626311
0.471819
0.627730
0.981824
0.655429
0.132906
0.255998
0.283462
0.653847
0.664777
0.945000
0.278758
0.275729
0.314648
0.901993
0.419948
0.583393
0.719339
0.998734
0.857300
0.969467
0.681111
0.079667
0.236982
0.270141
0.781195
0.802751
0.307381
0.932302
0.304966
0.539260
0.881168
0.685108
0.633461
0.948104
0.277713
0.989255
0.827200
0.241059
0.364523
0.933678
0.192418
0.077885
0.481446
0.522839
0.803595
0.992581
0.396988
0.813449
0.648982
0.436292
0.753326
0.110914
0.280193
0.922109
0.451362
0.520464
0.871986
0.267091
0.707188
0.254984
0.590901
0.937440
0.817382
0.240184
0.002508
0.961453
0.397228
0.282411
0.561410
0.225893
0.733923
0.878791
0.399755
0.203194
0.279621
0.406439
0.423510
0.112937
0.497979
0.669955
0.496236
0.124083
0.620468
0.181477
0.582440
0.959405
0.428332
0.293567
0.194516
0.126943
0.320207
0.628787
0.146978
0.117947
0.598664
0.024877
0.500093
0.091214
0.320849
0.604164
0.653258
0.540428
0.190283
0.721109
0.734942
0.959495
0.443504
0.019617
0.697842
0.578768
0.185043
0.969785
0.378109
0.455308
0.695997
0.327922
0.102818
0.676387
0.195834
0.908479
0.621149
0.989722
0.750124
0.293528
0.109735
0.238992
0.624624
0.407595
0.670090
0.848013
0.203560
0.400602
0.527919
0.573067
0.172163
0.972860
0.486950
0.724064
0.184178
0.718095
0.638343
0.437009
0.536575
0.153883
0.392960
0.326664
0.989452
0.965601
0.515215
0.951084
0.478823
0.020347
0.572688
0.577906
0.362465
0.366809
0.489245
0.540308
0.189138
0.961905
0.029962
0.350676
0.462529
0.613105
0.274474
0.815311
0.526716
0.078899
0.555087
0.645473
0.292998
0.249407
0.577491
0.146811
0.732770
0.851634
0.663157
0.074916
0.238910
0.339262
0.998599
0.852948
0.242879
0.351804
0.217220
0.374210
0.497564
0.235410
0.821177
0.513839
0.716588
0.552747
0.440441
0.278989
0.754175
0.430934
0.919954
0.972407
0.441352
0.505126
0.066036
0.053866
0.390773
0.111657
0.467239
0.807226
0.895138
0.791177
0.731138
0.956731
0.545471
0.932114
0.606535
0.435432
0.029783
0.094221
0.283983
0.312183
0.004872
0.207040
0.669158
0.293815
0.870258
0.678331
0.543164
0.389312
0.615726
0.209132
0.302181
0.429440
0.366732
0.363469
0.809217
0.326464
0.201597
0.242711
0.327524
0.641302
0.742921
0.310224
0.047611
0.678964
0.156357
0.723985
0.193865
0.002543
0.495112
0.407674
0.880220
0.482490
0.902537
0.039938
0.307161
0.476803
0.753380
0.735390
0.368577
0.053247
0.292727
0.089391
0.413691
0.707291
0.214716
0.838549
0.121920
0.418510
0.963018
0.141072
0.503983
0.472107
0.923101
0.332300
0.457705
0.806052
0.754622
0.579162
0.628023
0.742187
0.303758
0.892701
0.712312
0.526489
0.305314
0.518648
0.012523
0.715017
0.268263
0.433478
0.929993
0.456383
0.625331
0.858731
0.132807
0.841778
0.757570
0.418333
0.753869
0.002468
0.858612
0.020268
0.947542
0.174483
0.654538
0.787798
0.742588
0.943963
0.727101
0.533641
0.858791
0.133554
0.923003
0.067048
0.395750
0.962684
0.084021
0.278237
0.829574
0.699964
0.538932
0.632462
0.825175
0.070274
0.031984
0.558849
0.877960
0.675219
0.034634
0.971098
0.587484
0.053675
0.641749
0.997346
0.374080
0.888042
0.275462
0.367252
0.885823
0.193713
0.565290
0.218336
0.663149
0.538059
0.441379
0.564966
0.742522
0.543635
0.354903
0.667886
0.653531
0.381610
0.542616
0.976935
0.275054
0.811196
0.108067
0.330505
0.191272
0.214598
0.387046
0.971214
0.270845
0.975412
0.626359
0.479469
0.623552
0.026643
0.408047
0.423307
0.744834
0.175862
0.295726
0.341959
0.398458
0.843790
0.377240
0.665648
0.086333
0.607104
0.549890
0.775850
0.015422
0.956531
0.983039
0.906090
0.384114
0.974128
0.146748
0.850944
0.696878
0.666790
0.905808
0.693631
0.766492
0.185606
0.287498
0.060280
0.957225
0.637513
0.702316
0.947164
0.930735
0.254099
0.269042
0.952649
0.923616
0.018881
0.678083
0.813695
0.571635
0.100815
0.833905
0.182520
0.698282
0.604706
0.146609
0.857526
0.279320
0.830622
0.915879
0.333634
0.198232
0.608243
0.285716
0.860859
0.447579
0.814661
0.557588
0.712751
0.573561
0.372718
0.905377
0.920780
0.447528
0.324260
0.851238
0.048982
0.576829
0.523625
0.653993
0.847341
0.487471
0.569424
0.620952
0.657226
0.133394
0.654858
0.032909
0.172446
0.477461
0.874743
0.024027
0.733406
0.626209
0.722111
0.097583
0.277042
0.426493
0.200849
0.115827
0.784544
0.270552
0.913366
0.021080
0.794966
0.611574
0.186818
0.378354
0.628545
0.026528
0.013631
0.389839
0.093254
0.931003
0.427815
0.278504
0.182626
0.614782
0.636744
0.665168
0.289520
0.505763
0.606630
0.786501
0.461327
0.096579
0.573415
0.606035
0.808041
0.007047
0.259632
0.059529
0.401345
0.481400
0.885140
0.925704
0.268668
0.075033
0.377594
0.861352
0.132290
0.519298
0.077728
0.318936
0.703802
0.938262
0.837651
0.260019
0.652923
0.201392
0.043164
0.588909
0.157168
0.336721
0.635265
0.586429
0.581288
0.162245
0.209407
0.194594
0.026697
0.150098
0.458968
0.265907
0.908642
0.689495
0.003378
0.015089
0.587592
0.287526
0.411089
0.336623
0.480495
0.362216
0.729246
0.807191
0.108437
0.358395
0.459615
0.638278
0.879154
0.143004
0.674212
0.857739
0.057593
0.115293
0.621267
0.208097
0.572743
0.745498
0.180811
0.403407
0.115153
0.887455
0.280984
0.137444
0.958820
0.964373
0.810169
0.042630
0.036100
0.223238
0.003111
0.806585
0.179699
0.455873
0.462116
0.653251
0.127719
0.166722
0.045167
0.520848
0.901700
0.740294
0.780172
0.462474
0.979176
0.660412
0.415578
0.249090
0.739337
0.234902
0.378213
0.374047
0.503757
0.937938
0.309286
0.861906
0.978143
0.261611
0.214181
0.412279
0.015559
0.546834
0.251714
0.389275
0.740115
0.101421
0.245000
0.712245
0.426004
0.866077
0.842621
0.863448
0.906590
0.708451
0.636995
0.486425
0.139836
0.394987
0.796258
0.797496
0.100977
0.786417
0.043990
0.155529
0.166575
0.343983
0.458438
0.364170
0.090358
0.566646
0.199945
0.041687
0.821204
0.201632
0.593225
0.416463
0.086627
0.450893
0.927408
0.348727
0.701465
0.180306
0.831616
0.068130
0.511942
0.551257
0.965064
0.595867
0.630966
0.230942
0.391434
0.286377
0.946105
0.830751
0.998806
0.153421
0.150441
0.568140
0.095207
0.343420
0.646594
0.350617
0.546525
0.959112
0.888924
0.652731
0.779638
0.490740
0.467625
0.646650
0.351229
0.605251
0.300973
0.334681
0.729599
0.460434
0.496025
0.127822
0.009994
0.363073
0.591605
0.847503
0.750821
0.341474
0.191349
0.226789
0.354490
0.408181
0.502686
0.065622
0.607421
0.180729
0.433020
0.694307
0.876978
0.752257
0.369799
0.879199
0.256092
0.168800
0.998183
0.703548
0.155628
0.917260
0.536637
0.243764
0.214359
0.546685
0.198680
0.344119
0.569785
0.690639
0.290621
0.160764
0.926523
0.716238
0.202262
0.970619
0.458121
0.929550
0.597031
0.127743
0.359331
0.145929
0.833069
0.072265
0.474165
0.542540
0.441284
0.531792
0.595781
0.781715
0.548715
0.188454
0.112226
0.863111
0.350742
0.054764
0.576554
0.421491
0.792084
0.555104
0.398468
0.970742
0.992116
0.273918
0.131363
0.105107
0.008932
0.390440
0.964068
0.289011
0.952281
0.348257
0.585404
0.928228
0.675471
0.789948
0.469138
0.861011
0.677538
Optimum: ?