0 0.49758926
128 0.52234525
256 0.54300001
384 0.56157466
512 0.57757085
640 0.59156195
768 0.60414866
896 0.61516002
1024 0.62524706
1152 0.63478273
1280 0.64312205
1408 0.65074587
1536 0.65765996
1664 0.66415471
1792 0.66984734
1920 0.67505606
2048 0.67985744
2176 0.6839315
2304 0.68800691
2432 0.69194816
2560 0.69478767
2688 0.69757581
2816 0.69991023
2944 0.70203153
3072 0.70390005
3200 0.70510809
3328 0.70651033
3456 0.7076214
3584 0.70835857
3712 0.70891187
3840 0.70931801
3968 0.70956937
4096 0.70972248
4224 0.70991641
4352 0.71006121
4480 0.7102087
4608 0.71032917
4736 0.71049303
4864 0.71070254
4992 0.71076407
5120 0.71076696
5248 0.710769
5376 0.71078432
