0 0.531453
128 0.553349
256 0.570185
384 0.588606
512 0.602894
640 0.615383
768 0.623858
896 0.630919
1024 0.636989
1152 0.642264
1280 0.647496
1408 0.650756
1536 0.658039
1664 0.66345
1792 0.665368
1920 0.666725
2048 0.674181
2176 0.675398
2304 0.680362
2432 0.684995
2560 0.687434
2688 0.691643
2816 0.692114
2944 0.695692
3072 0.699004
3200 0.700175
3328 0.70268
3456 0.702766
3584 0.70472
3712 0.706806
3840 0.711036
3968 0.713913
4096 0.714381
4224 0.719365
4352 0.723913
4480 0.725936
4608 0.727391
4736 0.732088
4864 0.741247
4992 0.744083
5120 0.744372
5248 0.744576
5376 0.746108
