0 442.56
1 436.32
2 430.24
3 424.9
4 416.32
5 411.44
6 405.96
7 400.26
8 395.88
9 390.28
10 385.86
11 380.82
12 378.38
13 373.58
14 368.9
15 366.18
16 362.76
17 360.26
18 357.12
19 353.58
20 351.66
21 349.28
22 346.34
23 343.36
24 340.9
25 338.88
26 335.22
27 333.1
28 331.38
29 328.2
30 326.42
31 324.62
32 322.12
33 320.2
34 318.94
35 315.44
36 312.96
37 311.88
38 310.74
39 308.9
40 307.14
41 305.14
42 304.04
43 302.02
44 300.68
45 299.24
46 298.3
47 296.38
48 295.14
49 293.06
50 292.6
51 290.88
52 290.22
53 288.84
54 287.46
55 285.68
56 284.54
57 283.14
58 281.84
59 281.32
60 279.7
61 278.56
62 277.58
63 275.7
64 274.38
65 273.6
66 272.94
67 272.12
68 271.42
69 270.48
70 269.58
71 268.66
72 268.02
73 267.26
74 266.14
75 265.18
76 264.24
77 263.58
78 263.18
79 262.66
80 262.38
81 261.48
82 261.08
83 259.56
84 259.06
85 258.12
86 257.78
87 256.54
88 255.94
89 254.86
90 254.44
91 253.62
92 252.9
93 252.5
94 251.86
95 251.38
96 251.2
97 250.8
98 250.12
99 249.74
100 249.12
101 248.62
102 247.42
103 246.98
104 246.48
105 246.22
106 245.84
107 245.52
108 244.78
109 244.34
110 244.02
111 243.72
112 243.22
113 242.42
114 241.9
115 241.2
116 240.98
117 240.74
118 240.34
119 239.82
120 239.44
121 238.5
122 238.1
123 236.82
124 236.28
125 235.58
126 235.22
127 234.78
128 234.38
129 233.88
130 233.62
131 233.52
132 233.14
133 232.88
134 232.48
135 232.42
136 231.84
137 231.42
138 231.36
139 230.82
140 230.18
141 230
142 229.78
143 229.24
144 228.34
145 227.8
146 227.38
147 226.98
148 226.58
149 226.14
150 226.02
151 225.74
152 225.36
153 225.28
154 224.66
155 224.34
156 224.2
157 223.72
158 223.44
159 223.04
160 222.86
161 222.76
162 222.36
163 221.94
164 221.54
165 221.36
166 221.06
167 220.66
168 220.48
170 220.24
171 219.8
172 219.18
173 218.48
174 218.24
175 217.98
176 217.9
177 217.86
178 217.48
179 217.14
180 216.88
181 216.46
182 216.1
183 215.8
184 215.76
185 215.68
186 215.5
187 215.32
188 214.9
189 214.74
190 214.32
191 214.12
192 213.72
193 213.42
194 213.14
195 213
196 212.42
197 212.02
198 211.56
199 211.14
200 210.78
201 210.52
202 210.34
203 209.96
204 209.92
205 209.88
206 209.66
207 209.42
208 208.82
211 208.5
212 208.36
213 208.32
214 208.14
215 207.9
216 207.86
217 207.66
218 207.6
219 207.44
220 207.26
221 207.14
222 207.08
223 207.02
224 206.82
225 206.6
226 206.44
227 206.28
228 206.12
229 205.84
230 205.82
231 205.78
232 205.72
234 205.58
235 205.26
236 205.24
237 205.22
238 205.08
239 204.84
240 204.56
241 204.54
242 204.38
243 204.16
244 203.88
245 203.72
246 203.6
247 203.42
248 203.32
250 203.2
251 202.98
252 202.9
253 202.8
254 202.72
255 202.66
256 202.48
257 202.46
258 202.38
259 202.06
260 201.6
261 201.22
262 201.14
263 200.94
264 200.86
265 200.64
266 200.44
267 200.3
268 200.28
269 200.04
270 199.78
271 199.76
272 199.42
273 199.28
274 199.18
275 198.92
276 198.86
277 198.8
278 198.64
279 198.34
280 198.22
281 197.98
282 197.86
283 197.72
284 197.5
285 197.24
287 197.2
289 197.06
290 196.88
291 196.8
292 196.62
293 196.3
294 196.2
295 196.04
296 195.92
297 195.7
298 195.58
299 195.52
300 195.44
301 195.34
302 195.24
303 195.1
304 195.02
305 194.84
306 194.8
307 194.66
308 194.26
309 194.16
310 194.1
311 193.94
313 193.88
314 193.8
316 193.6
317 193.56
318 193.48
319 193.28
320 193.24
321 193.18
322 193.16
323 193.04
324 193.02
325 192.86
326 192.8
327 192.72
328 192.64
329 192.48
330 192.36
331 192.28
332 192.08
334 192.06
335 191.98
336 191.86
337 191.82
338 191.78
339 191.58
340 191.38
341 191.2
342 191.16
343 190.96
344 190.9
345 190.82
346 190.66
348 190.38
349 190.18
350 190.12
351 190
352 189.88
353 189.82
354 189.76
356 189.7
357 189.56
359 189.46
360 189.38
361 189.28
362 189.16
363 189.02
364 188.78
365 188.7
366 188.54
367 188.46
368 188.34
369 188.26
370 188.08
371 188.04
372 187.92
373 187.9
374 187.74
375 187.62
376 187.52
377 187.34
378 187.22
380 187.02
381 186.96
382 186.86
383 186.78
384 186.64
385 186.52
386 186.4
387 186.38
388 186.36
390 186.28
391 186.16
392 185.98
393 185.92
394 185.84
396 185.66
397 185.58
398 185.4
399 185.3
402 185.28
403 185.24
405 185.16
406 185.04
408 185
409 184.92
410 184.88
411 184.8
412 184.6
414 184.48
415 184.46
419 184.22
420 184.18
421 184.16
422 184.04
423 184
424 183.88
425 183.74
426 183.68
427 183.58
428 183.54
429 183.46
431 183.42
432 183.38
433 183.3
436 183.26
437 183.18
438 183.06
439 183
440 182.94
441 182.84
443 182.8
444 182.66
445 182.44
447 182.36
448 182.28
449 182.22
450 182.14
451 182.06
453 182
454 181.98
455 181.94
456 181.8
457 181.76
458 181.74
459 181.72
461 181.6
462 181.56
463 181.48
464 181.36
465 181.32
466 181.1
467 180.96
468 180.86
469 180.8
470 180.64
471 180.6
473 180.56
474 180.48
475 180.44
477 180.4
478 180.36
480 180.16
481 180.02
482 180
483 179.76
485 179.72
486 179.7
488 179.64
489 179.6
491 179.58
492 179.5
493 179.48
494 179.42
496 179.3
497 179.24
499 179.02
500 178.98
501 178.94
503 178.9
505 178.88
507 178.72
509 178.66
511 178.44
513 178.34
514 178.32
516 178.3
520 178.22
521 178.18
522 178.12
523 177.92
524 177.88
526 177.84
528 177.64
529 177.62
530 177.58
532 177.52
534 177.48
537 177.46
538 177.42
539 177.4
542 177.34
545 177.3
546 177.22
551 177.18
552 177.14
555 177.12
561 177.08
562 177.04
563 176.96
564 176.88
565 176.84
567 176.82
568 176.8
569 176.76
570 176.64
571 176.58
572 176.56
574 176.5
575 176.46
576 176.4
580 176.36
581 176.32
582 176.2
583 176.16
584 176.1
586 176.08
588 176
591 175.92
594 175.9
596 175.8
597 175.74
599 175.7
600 175.54
601 175.52
607 175.44
609 175.4
610 175.38
611 175.34
612 175.3
613 175.2
614 175.16
617 175.12
619 175.04
620 175
621 174.98
622 174.92
623 174.88
624 174.74
625 174.66
628 174.58
629 174.54
631 174.46
632 174.34
633 174.3
634 174.26
635 174.22
637 174.12
639 174.08
641 174.04
642 173.98
646 173.86
648 173.78
649 173.76
651 173.7
659 173.66
660 173.56
662 173.5
664 173.46
665 173.44
668 173.4
674 173.36
675 173.24
677 173.22
678 173.18
679 173.16
681 173.12
682 173
683 172.98
685 172.96
689 172.92
690 172.9
692 172.84
693 172.76
695 172.66
696 172.58
697 172.54
700 172.46
702 172.44
703 172.42
706 172.4
707 172.28
709 172.2
711 172.18
714 172.08
715 171.98
717 171.94
718 171.8
719 171.76
720 171.72
721 171.6
723 171.48
725 171.46
726 171.4
727 171.38
728 171.34
733 171.26
735 171.18
737 171.16
743 171.12
744 171.08
745 171.04
747 170.98
750 170.94
751 170.92
755 170.86
760 170.72
761 170.62
762 170.6
766 170.56
769 170.5
770 170.46
771 170.4
772 170.34
774 170.32
776 170.28
777 170.26
778 170.2
780 170.06
781 170.04
784 170.02
785 169.92
787 169.9
788 169.88
793 169.84
795 169.76
796 169.72
798 169.68
800 169.64
804 169.62
805 169.58
810 169.56
812 169.52
815 169.5
817 169.48
818 169.42
819 169.38
822 169.3
823 169.26
826 169.24
830 169.2
833 169.06
836 169.02
838 168.98
839 168.96
842 168.9
845 168.88
849 168.8
851 168.72
854 168.7
855 168.66
856 168.64
857 168.54
858 168.52
859 168.5
860 168.48
861 168.4
862 168.38
867 168.32
868 168.26
872 168.24
873 168.18
878 168.14
879 168.1
891 168.06
894 167.98
896 167.94
898 167.86
904 167.8
905 167.78
908 167.76
910 167.66
913 167.64
914 167.6
915 167.56
919 167.54
920 167.46
922 167.44
923 167.36
924 167.34
933 167.22
936 167.14
938 167.1
939 167.08
942 167.04
943 167
944 166.98
948 166.94
951 166.9
952 166.84
953 166.78
956 166.76
959 166.74
967 166.7
969 166.66
970 166.58
971 166.54
972 166.5
974 166.42
979 166.38
980 166.3
983 166.28
984 166.24
985 166.16
987 166.14
990 166.06
992 166.02
993 165.98
994 165.9
998 165.86
1003 165.8
1010 165.76
1011 165.74
1014 165.7
1019 165.68
1020 165.66
1022 165.62
1023 165.6
1024 165.58
1029 165.56
1038 165.54
1039 165.5
1043 165.48
1051 165.44
1059 165.42
1060 165.38
1062 165.34
1064 165.28
1068 165.26
1070 165.22
1071 165.2
1073 165.18
1074 165.12
1075 165.08
1076 165.04
1078 165
1083 164.9
1088 164.86
1092 164.84
1098 164.82
1100 164.74
1104 164.7
1107 164.6
1109 164.56
1119 164.5
1120 164.46
1121 164.44
1128 164.38
1129 164.3
1133 164.22
1139 164.18
1144 164.12
1146 164.08
1147 164.02
1148 163.96
1157 163.94
1164 163.92
1169 163.78
1175 163.72
1185 163.66
1198 163.62
1209 163.58
1213 163.54
1214 163.5
1242 163.44
1248 163.4
1249 163.38
1250 163.36
1258 163.28
1259 163.24
1266 163.18
1269 163.14
1271 163.12
1282 163.04
1289 163
1299 162.96
1315 162.92
1316 162.84
1321 162.82
1323 162.8
1324 162.72
1329 162.7
1341 162.68
1343 162.62
1350 162.6
1352 162.54
1354 162.5
1357 162.48
1358 162.46
1363 162.38
1368 162.34
1370 162.32
1374 162.26
1378 162.24
1387 162.2
1389 162.16
1404 162.14
1410 162.06
1411 162.02
1430 162
1434 161.98
1441 161.96
1452 161.92
1476 161.82
1485 161.8
1489 161.78
1500 161.74
1501 161.7
1502 161.66
1516 161.62
1518 161.58
1522 161.54
1524 161.46
1527 161.44
1540 161.36
1562 161.34
1565 161.32
1582 161.28
1593 161.2
1595 161.14
1598 161.1
1600 161.08
1605 161.04
1611 160.98
1615 160.96
1623 160.92
1644 160.88
1662 160.86
1671 160.82
1678 160.78
1684 160.74
1687 160.72
1694 160.68
1716 160.64
1726 160.62
1756 160.58
1767 160.54
1798 160.52
1830 160.48
1832 160.46
1868 160.42
1884 160.38
1932 160.36
1979 160.3
1987 160.28
2076 160.24
2090 160.22
2107 160.18
2108 160.14
2239 160.1
2251 160.06
2320 160.04
2377 159.98
2414 159.94
2428 159.9
2517 159.84
2583 159.82
2660 159.78
2664 159.74
2838 159.7
2840 159.66
2844 159.62
2926 159.58
2950 159.54
3096 159.52
3120 159.5
3214 159.48
3222 159.44
3289 159.4
3443 159.38
3444 159.36
3483 159.32
3486 159.28
3488 159.2
3588 159.16
3604 159.12
3672 159.08
3705 159.06
3732 159.02
3745 159
3749 158.98
3837 158.96
3875 158.92
3879 158.9
3889 158.86
3891 158.82
3934 158.8
4004 158.78
4038 158.74
4052 158.72
4066 158.7
4110 158.68
4121 158.64
4124 158.62
4143 158.58
4237 158.56
4256 158.52
4326 158.5
4425 158.46
4488 158.44
4539 158.42
4554 158.4
4567 158.36
4570 158.34
4638 158.3
4697 158.26
4742 158.24
4761 158.22
4847 158.18
4907 158.16
4912 158.14
4932 158.12
4940 158.06
4943 158.04
4946 158
4986 157.98
4992 157.94
5113 157.9
5122 157.86
5148 157.82
5186 157.8
5187 157.78
5215 157.76
5308 157.74
5321 157.7
5324 157.64
5365 157.6
5385 157.56
5430 157.52
5433 157.48
5444 157.44
5490 157.4
5521 157.38
5702 157.36
5752 157.34
5760 157.32
5769 157.3
5790 157.28
5880 157.24
5909 157.2
5943 157.14
6009 157.1
6100 157.06
6127 157.02
6263 156.98
6412 156.9
6575 156.88
6605 156.86
6619 156.82
6754 156.78
6799 156.76
6825 156.72
6905 156.64
7223 156.62
7256 156.6
7324 156.58
7432 156.54
7447 156.5
7625 156.4
7702 156.32
7806 156.28
7814 156.24
7823 156.2
7879 156.18
7915 156.16
7994 156.14
8063 156.1
8265 156.04
8335 156
8352 155.98
8506 155.94
8588 155.9
8607 155.86
8639 155.84
8651 155.8
8861 155.76
9030 155.74
9136 155.72
9184 155.7
9339 155.68
9380 155.66
9409 155.56
9522 155.52
9530 155.48
9563 155.46
9702 155.42
10134 155.38
10196 155.34
10646 155.32
10753 155.28
10926 155.26
10962 155.22
11216 155.2
11322 155.18
11585 155.16
11710 155.12
11859 155.1
11878 155.06
11938 155.04
12301 155.02
12543 154.96
12693 154.92
12707 154.88
12856 154.86
12885 154.84
12955 154.8
12980 154.76
13237 154.74
13341 154.66
13462 154.62
13510 154.58
13592 154.56
13611 154.52
13868 154.5
13874 154.46
13978 154.44
13997 154.42
14020 154.38
14100 154.34
14122 154.32
14219 154.3
14403 154.22
14413 154.2
14659 154.16
14666 154.14
14698 154.1
14747 154.08
14803 154.06
14846 154.04
14857 154.02
15073 153.98
15140 153.94
15150 153.9
15456 153.86
15895 153.84
15978 153.76
16219 153.74
16386 153.66
16647 153.62
16967 153.58
16990 153.54
17029 153.5
17163 153.46
17288 153.44
17493 153.4
17709 153.38
18328 153.34
18348 153.3
18441 153.28
18890 153.24
18899 153.22
19041 153.2
19152 153.18
19297 153.04
19313 153
19753 152.96
20106 152.92
20881 152.86
22338 152.84
22411 152.82
22417 152.8
22716 152.76
23023 152.74
23059 152.72
23166 152.68
23187 152.64
23322 152.6
23541 152.56
23710 152.54
23995 152.52
24043 152.5
24178 152.48
24180 152.46
24383 152.42
24433 152.4
24473 152.34
24791 152.3
25020 152.26
25878 152.2
25889 152.14
25908 152.12
26644 152.08
26842 152.04
26875 152
27265 151.98
27295 151.9
27415 151.86
27519 151.82
27562 151.8
28271 151.74
29026 151.7
29093 151.68
29153 151.64
29400 151.6
29531 151.58
29688 151.54
29775 151.5
30032 151.48
30317 151.44
30336 151.4
30907 151.38
31393 151.34
31978 151.32
32175 151.3
32836 151.28
33323 151.26
33501 151.24
34657 151.2
34716 151.16
34829 151.1
34883 151.08
35194 151.06
36028 151.04
36256 151.02
38684 151
38732 150.98
38832 150.94
39899 150.9
40351 150.86
40696 150.82
40813 150.8
41730 150.78
42008 150.76
42405 150.74
42530 150.7
43202 150.68
43952 150.66
43996 150.62
46180 150.58
46443 150.56
46652 150.52
46768 150.5
46874 150.48
48900 150.44
49222 150.42
49350 150.4
49562 150.38
49624 150.34
50348 150.32
52003 150.28
52364 150.26
52578 150.22
52665 150.2
53261 150.16
54767 150.12
54985 150.08
55146 150.04
55421 150.02
55594 149.98
55689 149.96
55744 149.92
56112 149.9
56581 149.88
57043 149.82
58173 149.8
59322 149.78
59560 149.74
59740 149.72
59782 149.68
59972 149.64
63395 149.62
66329 149.6
68355 149.56
71880 149.54
78156 149.52
79202 149.46
80429 149.44
85095 149.4
86142 149.38
97880 149.36
101901 149.32
102539 149.28
102546 149.24
105992 149.22
108548 149.2
110765 149.16
114283 149.14
114483 149.12
115379 149.1
115548 149.06
119499 149.02
125767 148.98
128440 148.96
138993 148.92
139245 148.9
139430 148.88
153323 148.82
160345 148.78
165624 148.74
166013 148.72
166479 148.68
191424 148.66
192023 148.6
196334 148.58
348905 148.56
374956 148.52
413306 148.5
445730 148.42
470010 148.4
572577 148.34
579170 148.32
659379 148.28
660482 148.24
660771 148.22
