0 4885.02
2401 4762.95
4802 4669.66
7203 4590.99
9604 4522.35
12005 4462.88
14406 4410.58
16807 4364.21
19208 4323.78
21609 4288.14
24010 4257.91
26411 4229.74
28812 4205.51
31213 4184.86
33614 4165.44
36015 4148.69
38416 4133.58
40817 4121.19
43218 4109.67
45619 4099.19
48020 4089.78
50421 4081
52822 4072.76
55223 4065.61
57624 4059.27
60025 4054.02
62426 4050.08
64827 4045.78
67228 4042.07
69629 4038.18
72030 4035.36
74431 4032.5
76832 4029.91
79233 4027.47
81634 4025.49
84035 4023.05
86436 4021.34
88837 4019.41
91238 4017.91
93639 4016.54
96040 4015.38
98441 4014.16
100842 4013.05
103243 4011.86
105644 4011.06
108045 4010.08
110446 4009.35
112847 4008.66
115248 4007.84
117649 4007.27
120050 4006.74
122451 4006.25
124852 4005.62
127253 4004.87
129654 4003.92
132055 4003.2
134456 4002.3
136857 4001.29
139258 4000.72
141659 4000.28
144060 3999.83
146461 3999.46
148862 3999.01
151263 3998.65
153664 3998.11
156065 3997.72
158466 3997.26
160867 3996.71
163268 3996.38
165669 3996.11
168070 3996.03
170471 3995.92
172872 3995.83
175273 3995.68
177674 3995.53
180075 3995.26
182476 3994.97
184877 3994.57
187278 3994.3
189679 3994.07
192080 3993.9
194481 3993.78
196882 3993.51
199283 3993.44
204085 3993.42
206486 3993.28
208887 3993.17
211288 3993.09
213689 3992.87
216090 3992.74
218491 3992.58
220892 3992.54
223293 3992.33
225694 3991.93
228095 3991.89
230496 3991.82
232897 3991.75
235298 3991.63
237699 3991.48
240100 3991.27
242501 3991.24
244902 3991.17
247303 3991.04
249704 3990.99
252105 3990.98
254506 3990.93
256907 3990.87
259308 3990.85
261709 3990.75
264110 3990.64
266511 3990.62
268912 3990.45
271313 3990.38
273714 3990.36
276115 3990.28
278516 3990.24
280917 3990.17
283318 3990.16
285719 3990.12
288120 3990
290521 3989.97
292922 3989.92
295323 3989.82
297724 3989.67
300125 3989.62
302526 3989.6
304927 3989.59
307328 3989.48
309729 3989.4
312130 3989.37
314531 3989.33
316932 3989.28
319333 3989.17
321734 3989.1
324135 3988.92
326536 3988.9
328937 3988.83
331338 3988.73
333739 3988.69
336140 3988.57
338541 3988.51
343343 3988.39
352947 3988.38
355348 3988.34
357749 3988.33
360150 3988.25
364952 3988.24
369754 3988.21
372155 3988.14
374556 3988.13
376957 3988.07
379358 3988.01
381759 3987.95
384160 3987.91
398566 3987.9
400967 3987.88
403368 3987.84
408170 3987.78
410571 3987.7
417774 3987.65
420175 3987.6
427378 3987.59
429779 3987.58
432180 3987.52
436982 3987.51
439383 3987.49
441784 3987.41
444185 3987.4
448987 3987.39
451388 3987.37
453789 3987.36
456190 3987.27
458591 3987.16
460992 3987.07
463393 3987.05
465794 3987.04
468195 3986.91
470596 3986.82
472997 3986.81
475398 3986.8
477799 3986.79
485002 3986.74
487403 3986.67
489804 3986.65
492205 3986.61
497007 3986.58
499408 3986.57
509012 3986.55
511413 3986.5
513814 3986.49
518616 3986.41
521017 3986.15
523418 3985.96
525819 3985.88
528220 3985.87
530621 3985.86
533022 3985.84
540225 3985.82
557032 3985.81
559433 3985.75
561834 3985.69
564235 3985.68
566636 3985.65
569037 3985.64
571438 3985.58
576240 3985.53
578641 3985.5
583443 3985.46
614656 3985.45
629062 3985.44
643468 3985.43
665077 3985.41
667478 3985.36
669879 3985.35
672280 3985.34
677082 3985.29
686686 3985.25
689087 3985.14
691488 3985.04
693889 3984.98
705894 3984.96
708295 3984.94
732305 3984.91
734706 3984.9
741909 3984.89
744310 3984.84
746711 3984.81
756315 3984.78
758716 3984.68
761117 3984.65
763518 3984.59
765919 3984.52
768320 3984.47
770721 3984.42
773122 3984.34
775523 3984.32
780325 3984.16
782726 3984.05
787528 3984.04
797132 3983.99
799533 3983.88
801934 3983.84
828345 3983.78
830746 3983.77
859558 3983.74
861959 3983.71
866761 3983.7
869162 3983.68
873964 3983.64
876365 3983.61
895573 3983.58
897974 3983.55
902776 3983.54
905177 3983.52
907578 3983.46
909979 3983.43
912380 3983.42
917182 3983.41
919583 3983.4
921984 3983.35
924385 3983.31
931588 3983.28
933989 3983.21
941192 3983.2
943593 3983.14
945994 3983.13
948395 3983.06
950796 3983.05
955598 3983
957999 3982.99
960400 3982.9
991613 3982.89
994014 3982.84
996415 3982.77
998816 3982.68
1001217 3982.67
1003618 3982.64
1015623 3982.6
1018024 3982.57
1020425 3982.56
1022826 3982.55
1025227 3982.5
1042034 3982.47
1044435 3982.4
1046836 3982.38
1054039 3982.37
1070846 3982.28
1087653 3982.2
1090054 3982.12
1092455 3982.11
