0 3180.28
2401 3083.24
4802 3003.61
7203 2935.48
9604 2882.44
12005 2841.66
14406 2813.45
16807 2791.03
19208 2774.87
21609 2762.97
24010 2757.1
26411 2752.16
28812 2748.91
31213 2747.64
33614 2745.94
36015 2745.05
38416 2744.71
40817 2744.3
43218 2743.91
45619 2743.61
48020 2743.1
50421 2742.83
52822 2742.52
55223 2742.26
57624 2742.06
60025 2741.92
62426 2741.9
72030 2741.88
84035 2741.87
86436 2741.83
88837 2741.77
91238 2741.66
93639 2741.6
100842 2741.46
103243 2741.45
105644 2741.26
108045 2741.2
110446 2741.03
112847 2740.92
115248 2740.88
117649 2740.82
122451 2740.81
124852 2740.7
127253 2740.59
139258 2740.3
141659 2740.08
144060 2740.03
153664 2740
156065 2739.91
158466 2739.8
160867 2739.65
163268 2739.61
165669 2739.42
168070 2739.35
182476 2739.34
184877 2739.25
187278 2739.13
189679 2739.08
213689 2738.91
216090 2738.55
218491 2738.47
228095 2738.42
247303 2738.36
249704 2738.25
252105 2738.19
273714 2738.15
276115 2738.04
278516 2737.92
280917 2737.86
283318 2737.85
285719 2737.74
288120 2737.69
302526 2737.65
304927 2737.32
307328 2737.07
309729 2737.02
321734 2736.96
324135 2736.91
331338 2736.83
333739 2736.68
348145 2736.58
350546 2736.56
369754 2736.51
384160 2736.41
444185 2736.38
446586 2736.34
448987 2736.29
451388 2736.13
453789 2736.12
458591 2736.07
475398 2736.06
477799 2735.95
480200 2735.94
506611 2735.89
516215 2735.88
518616 2735.77
521017 2735.66
530621 2735.61
533022 2735.56
542626 2735.43
545027 2735.18
547428 2735.14
549829 2735.12
552230 2735.02
554631 2734.91
557032 2734.89
631463 2734.83
633864 2734.78
669879 2734.67
672280 2734.56
674681 2734.55
677082 2734.5
679483 2734.43
681884 2734.38
684285 2734.33
717899 2734.26
720300 2734.15
722701 2734.04
739508 2733.99
741909 2733.97
744310 2733.92
782726 2733.86
785127 2733.75
787528 2733.69
792330 2733.64
794731 2733.59
804335 2733.53
837949 2733.51
842751 2733.4
845152 2733.38
847553 2733.35
859558 2733.3
974806 2733.25
1056440 2733.23
1058841 2733.12
1092455 2733.05
1114064 2733
1130871 2732.94
1159683 2732.88
1195698 2732.78
