0 0.531002
2 0.532198
3 0.536948
8 0.541897
9 0.543886
11 0.555787
17 0.557705
19 0.564484
20 0.57
27 0.573594
30 0.575079
36 0.585964
39 0.587465
42 0.593793
44 0.595228
49 0.602987
62 0.608837
63 0.612811
72 0.619246
86 0.622086
87 0.622664
91 0.632355
106 0.64331
108 0.648213
109 0.655339
114 0.663404
117 0.664396
143 0.66699
167 0.66774
186 0.670707
190 0.678019
259 0.690013
261 0.69443
275 0.699529
293 0.700381
295 0.705282
316 0.705648
344 0.706577
349 0.70809
396 0.708448
461 0.710596
539 0.719873
621 0.723768
671 0.73016
679 0.737901
784 0.73816
