0 0.528241
1 0.531153
4 0.53946
5 0.543768
12 0.556628
15 0.559232
17 0.571183
33 0.573655
34 0.576755
38 0.587332
40 0.601451
53 0.613175
55 0.620377
61 0.622496
67 0.622497
69 0.627724
70 0.627948
80 0.631226
86 0.631939
87 0.633337
92 0.636847
100 0.638734
105 0.647918
126 0.660374
178 0.662764
193 0.664483
207 0.665501
217 0.668904
245 0.669129
254 0.670509
278 0.670707
292 0.671556
311 0.678389
361 0.680804
374 0.682519
430 0.686708
440 0.694762
455 0.695122
459 0.69642
483 0.703997
543 0.706863
