0 0.489108
1 0.495759
4 0.505655
7 0.516325
9 0.52128
11 0.527352
14 0.532334
18 0.556293
22 0.564307
23 0.573384
28 0.573426
29 0.575495
31 0.579261
38 0.58742
41 0.588908
43 0.60338
52 0.606543
64 0.611519
75 0.620415
82 0.622868
87 0.632076
95 0.640417
99 0.641122
104 0.646847
107 0.648358
109 0.652349
122 0.661243
125 0.661271
126 0.661995
127 0.670108
160 0.670396
168 0.671002
185 0.671406
187 0.672149
193 0.682167
195 0.684037
200 0.688518
202 0.693559
242 0.694644
313 0.69895
325 0.702579
373 0.703929
420 0.704572
467 0.706549
530 0.706898
