0 0.474715
2 0.474852
4 0.488889
5 0.48949
6 0.498105
8 0.505897
9 0.5112
12 0.527173
14 0.53617
15 0.543428
17 0.545361
18 0.564493
23 0.577171
26 0.582249
32 0.582872
33 0.58298
34 0.589191
36 0.593096
38 0.596986
45 0.602686
50 0.612158
59 0.612825
60 0.615916
62 0.61858
64 0.622523
65 0.626981
76 0.62866
80 0.637872
81 0.639472
89 0.645486
94 0.652881
96 0.656441
117 0.66622
121 0.670577
129 0.671724
161 0.676029
174 0.677992
194 0.680693
211 0.683432
322 0.684634
333 0.688611
358 0.700277
431 0.700925
462 0.702161
513 0.704184
563 0.705554
568 0.706443
578 0.708042
621 0.708503
624 0.709404
631 0.710275
731 0.711028
768 0.711685
802 0.714876
896 0.720107
902 0.720133
914 0.721967
934 0.72812
1039 0.731872
1132 0.737105
