0 0.465001
2 0.467009
4 0.468885
6 0.488444
8 0.499436
9 0.506549
10 0.515833
11 0.524182
12 0.527997
18 0.530316
21 0.543655
28 0.546255
33 0.554269
39 0.563183
40 0.582517
43 0.586861
47 0.590283
53 0.592953
54 0.601081
56 0.607057
57 0.610951
64 0.611989
65 0.616201
72 0.616289
80 0.616304
87 0.61651
104 0.61808
115 0.626702
138 0.629427
141 0.630929
153 0.633338
158 0.641417
160 0.64486
173 0.647621
179 0.654133
186 0.661539
205 0.671065
219 0.674579
222 0.68084
234 0.682482
256 0.687304
293 0.693791
361 0.69828
367 0.699576
369 0.700588
397 0.703102
