0 0.465634
3 0.473736
12 0.481413
15 0.483832
16 0.495913
17 0.504744
18 0.513258
21 0.514563
22 0.516592
28 0.521155
31 0.522512
32 0.53353
34 0.549041
40 0.558297
42 0.561951
43 0.562603
50 0.573992
51 0.581134
53 0.588584
57 0.593523
61 0.596975
63 0.599015
65 0.608458
67 0.612299
76 0.621145
77 0.623644
78 0.629502
82 0.630834
93 0.63713
102 0.639028
103 0.644232
126 0.648836
132 0.650579
140 0.652372
144 0.655276
161 0.663962
162 0.666577
175 0.668602
185 0.672039
194 0.676587
201 0.678326
208 0.68679
225 0.697197
230 0.703337
259 0.707097
280 0.707989
309 0.710666
313 0.71764
388 0.723006
469 0.72722
482 0.727524
565 0.735751
588 0.736934
