0 0.473582
3 0.48589
4 0.495767
5 0.499891
8 0.502459
10 0.503971
12 0.514387
14 0.514657
22 0.523564
32 0.534784
35 0.541531
37 0.544783
38 0.552983
44 0.561002
45 0.563003
49 0.566586
52 0.570592
57 0.576041
59 0.580216
60 0.601371
66 0.603247
69 0.626646
89 0.634057
111 0.641395
120 0.64175
121 0.646004
125 0.64895
129 0.650651
134 0.653919
137 0.65457
154 0.659334
165 0.659606
171 0.660258
180 0.661713
189 0.661954
192 0.662781
196 0.669909
200 0.673094
205 0.674564
211 0.679281
227 0.68019
243 0.687927
247 0.692568
250 0.695903
260 0.696499
312 0.697343
323 0.702592
336 0.703604
359 0.707835
397 0.711331
409 0.716388
468 0.725097
493 0.726569
517 0.727509
609 0.731618
636 0.737969
654 0.739994
