0 0.499986
2 0.510565
4 0.512026
7 0.522584
8 0.52526
11 0.53138
12 0.535846
15 0.539892
17 0.539904
22 0.540279
30 0.548318
36 0.557151
38 0.573731
39 0.576862
41 0.583527
45 0.59302
48 0.597897
50 0.598912
51 0.609583
54 0.615288
56 0.620545
58 0.623634
59 0.624164
64 0.624686
67 0.626568
88 0.627816
93 0.63087
95 0.632027
126 0.641089
134 0.641644
137 0.647479
140 0.649753
148 0.656956
168 0.666959
174 0.668692
176 0.670224
244 0.675869
251 0.681255
270 0.683846
273 0.6859
301 0.688233
365 0.697407
381 0.698292
432 0.699844
469 0.704123
517 0.709887
607 0.70995
649 0.714454
744 0.719208
823 0.722454
833 0.728399
857 0.730155
858 0.730602
882 0.734246
973 0.736929
