0 0.454383
1 0.456457
5 0.480239
8 0.492076
11 0.508325
12 0.509642
13 0.519895
14 0.527393
16 0.531356
22 0.53683
26 0.539402
27 0.545564
29 0.556232
32 0.557676
33 0.559403
35 0.571029
36 0.57955
44 0.579608
49 0.583601
55 0.590961
57 0.595647
65 0.602576
66 0.603094
68 0.606038
70 0.613543
80 0.615845
81 0.621522
85 0.622789
87 0.629302
99 0.635646
100 0.646796
110 0.652243
118 0.658011
125 0.658773
127 0.660473
138 0.667329
142 0.66745
164 0.669524
183 0.673457
185 0.679758
249 0.68407
333 0.685061
381 0.694055
481 0.695482
531 0.699209
596 0.701078
702 0.701128
