0 0.510646
1 0.516535
2 0.522251
3 0.523673
6 0.523856
9 0.527944
11 0.534291
15 0.547572
18 0.554667
21 0.55705
22 0.560196
31 0.560672
32 0.584061
38 0.584339
39 0.586862
40 0.601677
41 0.604332
47 0.604428
50 0.612527
55 0.61541
58 0.622882
59 0.624265
60 0.627632
72 0.631301
86 0.63165
101 0.633765
113 0.637883
114 0.644623
126 0.647623
138 0.64844
139 0.650539
142 0.660887
144 0.664028
150 0.670281
153 0.674488
184 0.677711
191 0.681455
194 0.684662
222 0.685046
332 0.685059
415 0.685635
541 0.685797
