0 0.485776
1 0.50304
6 0.509006
7 0.509559
10 0.509985
12 0.510101
13 0.51024
14 0.515125
17 0.521391
21 0.525465
22 0.538026
24 0.543831
31 0.546436
33 0.549507
34 0.553703
39 0.56926
52 0.569881
58 0.572711
62 0.574947
64 0.576019
65 0.579463
66 0.583426
68 0.583839
71 0.594264
75 0.605421
76 0.608194
82 0.610196
84 0.611118
85 0.612587
86 0.614281
88 0.617808
92 0.622567
100 0.62541
102 0.638474
117 0.641007
119 0.642695
123 0.646848
151 0.649319
156 0.654253
159 0.65499
168 0.658546
180 0.665317
182 0.669504
199 0.672632
205 0.677218
212 0.691111
240 0.695404
260 0.695984
300 0.703935
307 0.705001
333 0.70566
352 0.709155
454 0.709857
497 0.710647
527 0.711185
559 0.713863
607 0.714508
723 0.715332
