0 0.510641
1 0.513185
2 0.514556
4 0.523059
5 0.53338
8 0.54612
10 0.552195
12 0.564283
16 0.568456
21 0.568653
25 0.577216
33 0.582756
51 0.590636
53 0.590712
67 0.598899
76 0.601154
78 0.602297
84 0.607896
94 0.610868
102 0.614098
106 0.624607
108 0.627486
109 0.631362
117 0.631461
119 0.638958
122 0.650614
123 0.650639
137 0.653676
140 0.655809
158 0.657735
169 0.65814
172 0.660004
190 0.666707
202 0.669256
203 0.671444
230 0.681801
263 0.690872
281 0.694853
305 0.698742
316 0.69916
325 0.699655
