0 0.488235
1 0.490885
2 0.493049
3 0.502397
5 0.514107
6 0.515786
7 0.517222
11 0.541675
12 0.549858
14 0.565443
15 0.574794
19 0.581569
20 0.58189
22 0.585707
27 0.592257
29 0.595718
31 0.59784
37 0.598003
41 0.603239
52 0.6149
54 0.615876
62 0.628554
68 0.630086
75 0.63537
88 0.640369
89 0.640815
92 0.641296
100 0.646646
105 0.654692
116 0.663254
131 0.670043
136 0.674064
145 0.679407
170 0.681979
173 0.682674
180 0.685551
185 0.686589
189 0.69334
211 0.6939
218 0.700898
264 0.704406
268 0.704513
284 0.706849
296 0.709803
308 0.710288
339 0.713
351 0.713869
365 0.715632
390 0.717276
398 0.720146
505 0.722365
