0 0.522019
1 0.532373
2 0.535937
4 0.536156
9 0.548633
14 0.553759
15 0.568087
16 0.569597
32 0.57165
34 0.574378
37 0.583292
41 0.588554
46 0.588769
49 0.589054
52 0.590455
55 0.604736
58 0.614126
59 0.615766
70 0.617975
71 0.619272
75 0.627821
83 0.643317
90 0.646226
98 0.646877
106 0.648606
113 0.648732
117 0.648769
126 0.656378
139 0.658826
143 0.660077
154 0.662278
157 0.664428
160 0.665491
169 0.674052
181 0.674374
183 0.676781
215 0.679245
236 0.679517
249 0.693772
298 0.698121
299 0.700192
392 0.70218
490 0.705107
539 0.705346
