0 0.470042
2 0.485256
3 0.504296
4 0.511129
6 0.520683
8 0.520927
9 0.527569
10 0.535412
12 0.539339
16 0.551921
23 0.554471
24 0.559811
27 0.563641
29 0.575531
30 0.584214
33 0.59013
37 0.593618
48 0.595278
57 0.596677
62 0.609831
73 0.614757
74 0.622685
82 0.624597
84 0.625932
85 0.627127
92 0.628806
94 0.632684
95 0.63488
97 0.635388
101 0.638614
102 0.645604
134 0.654877
153 0.658215
178 0.658222
181 0.664793
187 0.666057
189 0.667048
205 0.670007
260 0.670447
279 0.674825
329 0.676379
365 0.677669
372 0.677965
381 0.682578
388 0.684571
389 0.687775
392 0.690098
435 0.694467
480 0.700317
534 0.700342
541 0.705293
593 0.705642
