0 0.472704
2 0.483057
5 0.485709
11 0.491885
13 0.51337
16 0.514534
23 0.5372
26 0.545099
28 0.558378
31 0.558795
36 0.570199
41 0.575703
53 0.579437
60 0.583453
72 0.5932
73 0.59539
74 0.597871
78 0.603441
81 0.607372
82 0.613102
90 0.613237
97 0.616097
98 0.630558
101 0.631257
119 0.631349
120 0.63726
133 0.637499
135 0.642856
138 0.648351
143 0.655555
145 0.656585
160 0.661843
195 0.664924
198 0.665777
215 0.667429
233 0.670903
236 0.681489
276 0.684585
280 0.696729
318 0.697167
387 0.702251
418 0.702369
420 0.703302
