0 0.52747
3 0.53406
4 0.53513
5 0.539606
8 0.539834
16 0.540375
17 0.550812
18 0.55181
21 0.566173
24 0.567183
25 0.569345
32 0.575465
39 0.57586
40 0.580701
45 0.58431
46 0.5846
49 0.588947
57 0.588974
59 0.594859
63 0.606424
78 0.606598
87 0.609545
103 0.610383
104 0.619993
106 0.629447
107 0.633952
113 0.635609
118 0.638651
150 0.642125
173 0.646743
222 0.655635
257 0.658082
322 0.659404
329 0.665829
344 0.670447
348 0.670484
350 0.671901
353 0.674068
366 0.675436
369 0.675623
408 0.682957
441 0.690461
467 0.708245
477 0.70898
520 0.711693
523 0.711711
568 0.714141
611 0.716005
622 0.71821
