0 0.537847
1 0.540251
4 0.548263
7 0.554084
8 0.557462
18 0.560381
22 0.562557
25 0.566322
31 0.569636
32 0.571107
34 0.574275
38 0.574743
43 0.580488
45 0.58294
53 0.585022
54 0.587083
59 0.588111
66 0.589751
67 0.590562
72 0.596791
85 0.600663
88 0.605721
90 0.611951
96 0.619991
112 0.626564
124 0.634778
133 0.635955
146 0.636843
153 0.641023
188 0.644632
224 0.653161
270 0.654596
299 0.661912
332 0.664122
343 0.672114
371 0.672398
383 0.673009
389 0.67847
440 0.688331
444 0.688758
463 0.691568
