0 0.486183
1 0.493648
5 0.512463
6 0.52107
16 0.52262
24 0.527077
25 0.529639
35 0.530338
36 0.532511
38 0.538902
41 0.539959
47 0.55327
49 0.553665
50 0.557232
57 0.560723
58 0.5639
63 0.569767
71 0.573081
75 0.582034
77 0.584479
86 0.594198
95 0.604753
109 0.616952
131 0.627497
135 0.631091
149 0.635609
158 0.640766
165 0.656117
181 0.657981
214 0.660918
222 0.666614
261 0.669408
276 0.669542
283 0.674965
318 0.676819
342 0.677759
387 0.686644
389 0.687312
511 0.687452
614 0.690222
664 0.690968
765 0.69482
842 0.696543
906 0.697426
1009 0.699695
1097 0.711356
1197 0.715472
1234 0.727314
