0 0.454324
1 0.456483
8 0.463107
9 0.46611
11 0.479889
14 0.486979
15 0.494772
16 0.497162
17 0.501788
18 0.503582
23 0.5042
24 0.50988
26 0.520961
27 0.528081
28 0.530099
30 0.536977
31 0.541137
32 0.541972
39 0.546929
40 0.549857
46 0.550509
48 0.551268
51 0.558383
54 0.56034
55 0.568225
57 0.574728
62 0.577199
65 0.583686
68 0.586083
71 0.589368
72 0.591655
75 0.594551
78 0.603851
80 0.608915
82 0.610054
85 0.61592
86 0.625745
87 0.627293
91 0.632226
93 0.637298
95 0.640304
133 0.643155
135 0.64616
167 0.647025
184 0.658697
222 0.659185
224 0.663612
245 0.66463
278 0.665915
292 0.667133
321 0.675769
390 0.680233
404 0.683753
413 0.686358
438 0.687957
460 0.691468
466 0.691872
492 0.693425
500 0.693893
