0 0.485552
3 0.492161
4 0.493757
6 0.524074
8 0.526343
10 0.536056
11 0.538468
17 0.542301
24 0.544658
25 0.553602
29 0.554313
30 0.556156
32 0.557476
42 0.560594
47 0.567805
48 0.570525
52 0.572889
54 0.588296
56 0.58994
60 0.608643
65 0.610595
67 0.612364
72 0.613092
79 0.616884
81 0.618807
95 0.618966
99 0.620578
100 0.620837
104 0.627219
110 0.629699
115 0.630101
121 0.633323
123 0.63854
127 0.638824
147 0.63919
150 0.643642
155 0.651978
158 0.652942
171 0.658041
177 0.658941
181 0.659727
203 0.65984
208 0.6614
217 0.663484
229 0.670043
240 0.676953
256 0.680335
259 0.680514
283 0.690026
324 0.693026
377 0.694559
382 0.698813
391 0.712
394 0.714378
417 0.723219
422 0.727567
432 0.730467
464 0.730995
541 0.735942
641 0.736621
688 0.737445
769 0.739468
