0 0.47473
1 0.480989
2 0.487471
3 0.50407
11 0.521117
15 0.528046
16 0.528615
20 0.537923
24 0.541093
27 0.54513
32 0.54905
35 0.561837
44 0.565261
51 0.570924
56 0.570941
58 0.572729
61 0.581111
71 0.589136
80 0.592844
84 0.595925
97 0.5983
104 0.605103
106 0.605739
115 0.608192
121 0.621568
126 0.627596
133 0.631321
135 0.631479
143 0.632629
149 0.6354
152 0.63854
153 0.638832
156 0.640874
162 0.648705
172 0.650488
202 0.653546
205 0.654131
226 0.661945
235 0.664867
252 0.671418
254 0.673376
263 0.676549
273 0.693035
317 0.696728
404 0.697307
435 0.69785
483 0.697868
485 0.699721
514 0.703907
617 0.70556
702 0.70758
734 0.707872
792 0.707964
859 0.710161
