0 0.46636
3 0.472879
4 0.48181
5 0.493064
7 0.501804
8 0.506402
13 0.50946
14 0.515526
15 0.515626
17 0.516063
19 0.524722
21 0.538045
24 0.5476
27 0.553641
29 0.555843
33 0.564596
37 0.56931
38 0.575293
39 0.586468
44 0.588204
46 0.590559
47 0.59209
51 0.597617
55 0.601055
73 0.603607
80 0.61883
83 0.619027
88 0.632187
90 0.632484
92 0.639238
101 0.641031
119 0.651884
120 0.65377
129 0.658042
134 0.659274
163 0.662275
192 0.662857
209 0.665474
215 0.667544
223 0.671653
234 0.67185
239 0.672059
245 0.673959
250 0.675204
252 0.676244
271 0.67659
335 0.678575
350 0.678601
462 0.680978
470 0.684267
479 0.68435
493 0.689637
537 0.694779
604 0.702056
