0 0.496553
1 0.496988
2 0.505255
5 0.508942
8 0.510099
9 0.517663
12 0.521734
13 0.533763
14 0.536047
15 0.539816
20 0.541653
23 0.549786
27 0.553827
42 0.559012
43 0.563582
53 0.566489
61 0.576352
64 0.582946
76 0.589615
82 0.592293
84 0.592508
85 0.596768
89 0.601529
96 0.617488
115 0.618207
124 0.618765
131 0.621937
133 0.628012
134 0.631072
138 0.635522
145 0.639893
163 0.651378
178 0.659063
193 0.666397
207 0.66994
213 0.670502
236 0.675638
247 0.675778
250 0.686967
251 0.687363
254 0.687492
258 0.694406
266 0.699629
271 0.702604
272 0.7076
283 0.709072
288 0.71456
298 0.716752
314 0.718798
321 0.724785
376 0.739103
428 0.742402
541 0.744586
663 0.74845
768 0.74847
866 0.750414
