0 0.526501
1 0.530432
4 0.535428
6 0.540908
9 0.543646
10 0.545794
18 0.547383
19 0.549901
26 0.551796
28 0.560393
38 0.568749
43 0.574678
50 0.576773
59 0.586522
61 0.606265
71 0.611534
76 0.615973
92 0.617715
106 0.624102
118 0.624296
123 0.629976
134 0.632087
148 0.632919
172 0.633468
179 0.641679
186 0.643982
198 0.659751
235 0.662119
240 0.664315
275 0.668038
288 0.668511
289 0.67375
309 0.678954
318 0.689377
326 0.694566
346 0.698921
347 0.702246
381 0.703189
397 0.704612
407 0.706574
411 0.706803
463 0.710456
510 0.713908
516 0.720048
580 0.721254
593 0.722852
638 0.727363
648 0.728815
715 0.732288
785 0.732955
