0 0.508525
1 0.523505
2 0.529834
8 0.544565
10 0.552011
12 0.555124
17 0.560729
27 0.567384
30 0.567545
33 0.570772
37 0.5879
43 0.590028
49 0.590114
51 0.59372
56 0.597611
58 0.605082
77 0.609332
78 0.614528
84 0.617548
86 0.617721
93 0.626328
96 0.628332
103 0.629604
131 0.631123
169 0.631296
205 0.632727
208 0.633911
211 0.638792
232 0.646737
233 0.654273
238 0.658766
240 0.66379
274 0.664978
279 0.669147
289 0.676065
292 0.676833
321 0.678163
371 0.678868
406 0.680699
444 0.683391
457 0.691773
473 0.698736
511 0.699969
538 0.700386
583 0.701961
631 0.705444
