0 0.469046
1 0.474777
4 0.484081
5 0.484293
6 0.496378
7 0.504066
9 0.508464
12 0.509518
13 0.514499
15 0.530277
17 0.535213
18 0.549941
19 0.559371
26 0.564558
30 0.570146
33 0.572056
37 0.573271
38 0.575257
46 0.579254
50 0.583433
51 0.58688
56 0.59032
58 0.594482
63 0.605395
75 0.6105
85 0.611599
92 0.617213
97 0.620856
115 0.626374
125 0.628839
173 0.631114
177 0.632016
180 0.63623
184 0.637829
199 0.638874
212 0.639347
215 0.650952
234 0.661767
245 0.664617
249 0.665038
255 0.669253
261 0.669732
273 0.67527
282 0.675775
344 0.682279
367 0.693926
449 0.697032
