0 0.468254
2 0.480167
3 0.484036
4 0.496781
5 0.498238
7 0.499551
9 0.506827
10 0.50853
11 0.514817
12 0.521821
13 0.526281
14 0.535895
16 0.537188
17 0.551937
18 0.55338
20 0.554955
25 0.560513
28 0.564557
33 0.565462
39 0.573638
40 0.58012
42 0.584283
45 0.584955
48 0.585302
55 0.58965
58 0.596795
60 0.59832
67 0.606362
69 0.61085
78 0.613192
85 0.613768
101 0.617019
110 0.621248
134 0.627495
149 0.629984
167 0.630568
176 0.645058
179 0.645227
214 0.647388
215 0.654017
225 0.654289
229 0.664696
267 0.668729
283 0.669761
358 0.672922
