0 0.496527
1 0.509601
2 0.513222
7 0.516382
12 0.52944
13 0.543642
14 0.553395
18 0.559853
19 0.564959
23 0.564973
25 0.566131
26 0.576431
30 0.578095
33 0.580678
34 0.582362
42 0.585453
43 0.58594
45 0.594315
52 0.601938
55 0.602028
59 0.604708
60 0.606546
71 0.611694
77 0.616075
83 0.620552
110 0.622832
118 0.628194
119 0.629746
121 0.630767
124 0.634688
134 0.635621
143 0.63756
149 0.64654
152 0.668476
160 0.669711
164 0.674662
167 0.696239
181 0.696662
182 0.698587
201 0.698872
217 0.711363
306 0.715407
373 0.724456
383 0.726242
425 0.727165
473 0.727717
488 0.728864
