0 0.523906
2 0.543019
6 0.560801
17 0.568571
20 0.587591
28 0.592601
30 0.604994
37 0.611446
39 0.61155
42 0.613605
44 0.616921
49 0.620201
50 0.625917
62 0.626846
67 0.629064
71 0.643838
76 0.644353
88 0.645023
95 0.645658
97 0.648856
105 0.64915
110 0.652422
115 0.655216
127 0.666237
130 0.667355
138 0.671856
161 0.67228
168 0.673745
171 0.674123
197 0.674497
199 0.675785
206 0.681914
212 0.682958
215 0.690026
235 0.694671
301 0.709395
304 0.710361
342 0.711061
366 0.711144
482 0.711519
590 0.712713
