0 0.506442
1 0.510621
2 0.51521
5 0.515498
6 0.534795
7 0.547595
12 0.548768
15 0.555236
17 0.556424
21 0.559963
25 0.575681
28 0.579602
35 0.59283
43 0.599197
67 0.602264
69 0.606579
70 0.61908
102 0.621471
108 0.632778
110 0.642959
112 0.646833
127 0.64765
130 0.651383
137 0.655036
152 0.655452
172 0.668167
212 0.669266
228 0.669425
231 0.671015
232 0.675965
249 0.678332
252 0.678515
263 0.680401
270 0.680796
272 0.681701
289 0.683286
305 0.686513
306 0.688154
307 0.694033
309 0.694684
316 0.695553
337 0.698148
375 0.702192
404 0.702925
460 0.70375
518 0.705128
559 0.705617
560 0.705919
601 0.711967
