0 0.487529
1 0.497868
2 0.505311
4 0.506108
7 0.507985
14 0.518385
21 0.528826
27 0.529583
29 0.539026
31 0.541799
32 0.546804
34 0.547482
36 0.551279
37 0.55179
39 0.556226
40 0.558164
41 0.578776
46 0.582152
49 0.591988
50 0.594458
62 0.596939
79 0.601648
91 0.607184
97 0.623019
101 0.624133
110 0.625392
121 0.630489
125 0.641119
126 0.646528
127 0.649032
139 0.656098
203 0.658473
218 0.664536
230 0.668913
290 0.669339
313 0.670872
356 0.672515
392 0.673291
399 0.673719
418 0.674535
420 0.67588
435 0.677066
437 0.679865
483 0.681894
495 0.684257
530 0.686251
548 0.69644
567 0.699867
598 0.700902
616 0.702529
631 0.704137
654 0.706255
699 0.707445
730 0.709161
832 0.714487
