0 0.529474
7 0.539243
8 0.545345
13 0.547073
14 0.551694
19 0.557197
23 0.558305
24 0.562511
27 0.5726
30 0.577017
38 0.579467
40 0.584695
51 0.586015
52 0.59019
54 0.601073
57 0.602972
59 0.609958
61 0.614212
67 0.615638
74 0.615987
77 0.619987
84 0.623377
94 0.63397
108 0.640585
110 0.64064
121 0.645402
130 0.64836
138 0.648847
182 0.649286
183 0.650494
190 0.651373
196 0.652442
202 0.65595
230 0.656647
237 0.656815
252 0.66156
264 0.668228
275 0.672597
323 0.674301
340 0.680773
433 0.682437
508 0.685978
532 0.689598
596 0.689638
610 0.691387
683 0.698513
699 0.702691
732 0.705444
