0 0.528121
4 0.535211
6 0.53826
11 0.552156
21 0.554664
23 0.555173
25 0.561831
27 0.562
28 0.566031
29 0.573967
30 0.585717
38 0.591377
40 0.600536
41 0.605741
42 0.606219
44 0.606902
51 0.6133
52 0.619273
54 0.624869
55 0.625332
59 0.625431
71 0.626981
78 0.637971
82 0.640104
95 0.643512
97 0.645118
103 0.645342
117 0.648963
122 0.653097
133 0.657201
150 0.658867
152 0.65972
163 0.664167
174 0.669242
184 0.677752
193 0.681016
226 0.690782
229 0.695377
230 0.701599
232 0.703312
236 0.705686
248 0.715613
276 0.71684
315 0.716858
386 0.717083
489 0.71815
