0 0.5288
3 0.531623
5 0.533061
6 0.539881
7 0.54689
9 0.547767
10 0.552977
11 0.556873
16 0.565827
19 0.57445
28 0.577458
29 0.578485
33 0.579214
35 0.593018
44 0.596532
47 0.603948
48 0.604355
54 0.607736
57 0.607808
62 0.614103
67 0.614792
75 0.615635
80 0.619953
84 0.620654
92 0.625659
115 0.629334
125 0.631437
126 0.632424
133 0.640798
139 0.656613
149 0.658434
170 0.658493
175 0.666136
179 0.668772
187 0.672402
220 0.674681
223 0.675553
266 0.675704
302 0.678771
319 0.678816
334 0.683939
349 0.685506
356 0.686167
403 0.686652
442 0.688189
452 0.691563
454 0.694131
455 0.69584
456 0.704734
531 0.70569
564 0.713921
612 0.716799
615 0.717849
