0 0.443449
1 0.445571
2 0.451876
3 0.458224
4 0.458469
5 0.460678
6 0.461589
7 0.48071
10 0.489836
11 0.492563
13 0.494965
18 0.506736
21 0.510743
23 0.528422
26 0.529738
29 0.54346
30 0.55246
31 0.555673
34 0.563912
35 0.563958
37 0.570873
38 0.572143
39 0.57377
40 0.584564
41 0.588323
42 0.589496
46 0.592177
51 0.595517
55 0.601648
62 0.604701
72 0.612913
88 0.618246
89 0.6264
104 0.628362
109 0.634077
115 0.634491
120 0.639088
121 0.64434
132 0.651516
136 0.657139
152 0.662137
158 0.6624
160 0.665997
163 0.67215
174 0.681112
181 0.682605
191 0.682968
209 0.686881
211 0.692609
263 0.693265
286 0.697903
309 0.700732
409 0.705958
483 0.707262
497 0.718201
514 0.720502
620 0.726546
