0 0.44403
1 0.468794
2 0.484104
3 0.485738
4 0.497641
6 0.506903
8 0.514825
12 0.515356
14 0.519673
16 0.529176
17 0.538381
21 0.541215
23 0.548136
24 0.549297
31 0.558005
37 0.563206
40 0.569015
43 0.572269
48 0.582531
54 0.58303
56 0.585319
58 0.588256
59 0.590039
64 0.592131
65 0.603917
69 0.606849
74 0.608895
76 0.617483
84 0.619227
86 0.621182
101 0.626721
109 0.627635
111 0.629434
112 0.635767
120 0.649721
128 0.658035
135 0.667183
150 0.668935
152 0.673926
166 0.681411
176 0.685671
224 0.693556
260 0.694469
329 0.699748
354 0.71559
409 0.716135
454 0.717688
457 0.719456
466 0.723013
476 0.725482
554 0.730292
620 0.73153
