0 0.508094
2 0.513569
3 0.522917
7 0.536283
12 0.536814
13 0.544952
15 0.545543
16 0.546737
17 0.549053
18 0.551761
19 0.557871
21 0.564802
24 0.575862
27 0.577799
28 0.580315
33 0.583926
44 0.587551
48 0.589167
50 0.596477
53 0.603283
54 0.613043
55 0.624381
58 0.631241
59 0.640102
99 0.642194
130 0.643649
144 0.643707
148 0.645665
155 0.646339
177 0.646906
185 0.650445
216 0.654052
223 0.667238
254 0.669784
267 0.6716
298 0.673734
313 0.673766
335 0.67533
340 0.681161
341 0.682613
396 0.685059
437 0.685087
489 0.686873
609 0.687378
727 0.687479
834 0.691335
