0 0.493131
3 0.507474
4 0.516988
6 0.522888
9 0.529664
11 0.544048
17 0.558333
23 0.561915
32 0.570031
41 0.573802
48 0.574563
55 0.579428
62 0.580112
66 0.585692
68 0.591855
71 0.595766
84 0.596269
93 0.602145
97 0.606205
101 0.612015
110 0.618217
118 0.618994
128 0.622449
141 0.623386
142 0.625563
149 0.629041
159 0.640618
160 0.641872
179 0.642665
198 0.642938
204 0.647688
213 0.653407
227 0.6544
257 0.654457
290 0.660989
298 0.663491
305 0.663654
317 0.66509
332 0.665522
349 0.667613
353 0.670645
372 0.672717
384 0.682274
386 0.692951
421 0.698706
437 0.701093
455 0.70686
483 0.707954
497 0.714848
547 0.715666
559 0.718899
664 0.723125
