0 0.518408
1 0.531716
4 0.539304
5 0.541343
8 0.552807
9 0.556804
14 0.560657
15 0.568996
16 0.570271
20 0.576791
21 0.582684
25 0.587337
26 0.594448
30 0.602511
37 0.611519
41 0.612209
47 0.617592
62 0.62725
76 0.632723
79 0.633447
81 0.637736
95 0.639776
96 0.640832
103 0.64237
109 0.64478
111 0.654887
118 0.656672
145 0.659069
183 0.660403
197 0.661023
209 0.663133
211 0.664575
215 0.666848
226 0.668393
278 0.66937
312 0.670271
336 0.670293
353 0.678526
423 0.68546
449 0.687724
520 0.689862
573 0.693893
583 0.696156
629 0.707089
671 0.707944
676 0.710693
687 0.712208
786 0.715571
868 0.720189
971 0.721194
