0 0.474721
1 0.482054
3 0.485186
5 0.486367
6 0.503998
7 0.516802
9 0.523524
12 0.526056
14 0.530848
19 0.538075
21 0.548756
25 0.559109
27 0.565479
28 0.571674
31 0.577087
37 0.580086
40 0.580349
48 0.585718
58 0.588695
61 0.588863
75 0.593285
76 0.59893
83 0.60013
90 0.604027
104 0.60921
151 0.619521
173 0.623596
184 0.634346
200 0.644986
201 0.647763
242 0.656257
271 0.657769
279 0.659042
293 0.659424
307 0.659676
309 0.663798
335 0.665537
363 0.666798
390 0.667736
407 0.669356
496 0.67043
526 0.673283
619 0.6745
626 0.674659
734 0.675748
767 0.676526
878 0.6779
967 0.679157
984 0.685477
1038 0.687142
1054 0.691645
1165 0.695615
1172 0.696113
1180 0.697009
1232 0.700114
1282 0.706357
