0 0.525058
4 0.52833
7 0.529585
10 0.539621
12 0.543681
17 0.544756
18 0.544982
19 0.552642
22 0.555009
25 0.573744
27 0.581054
32 0.581821
40 0.592412
49 0.600534
65 0.607757
84 0.608539
86 0.610386
87 0.613656
93 0.62631
110 0.629747
112 0.631713
117 0.632787
131 0.634319
139 0.639647
143 0.641129
144 0.641785
147 0.642336
153 0.643563
155 0.644975
167 0.653686
180 0.666593
195 0.66754
206 0.669141
210 0.671581
217 0.676567
220 0.678181
227 0.685455
247 0.68786
256 0.691848
261 0.696005
272 0.696307
296 0.701607
313 0.703618
315 0.70845
352 0.716293
383 0.719299
410 0.721773
