0 0.480106
2 0.489224
4 0.495947
5 0.503494
6 0.517607
8 0.522473
15 0.527248
17 0.538142
22 0.550043
23 0.552564
24 0.561978
29 0.571628
31 0.579452
32 0.587495
43 0.597772
45 0.601741
46 0.604014
48 0.606881
52 0.607641
60 0.611569
63 0.619469
64 0.624511
66 0.629813
70 0.635125
72 0.636212
75 0.641097
79 0.642698
81 0.64526
83 0.649662
86 0.650375
87 0.659127
96 0.66368
98 0.666717
102 0.670037
113 0.675394
123 0.67713
130 0.691637
131 0.694719
146 0.700303
190 0.7035
214 0.708945
219 0.70978
244 0.711059
250 0.713695
280 0.715835
283 0.715921
323 0.723766
340 0.724268
398 0.724497
478 0.727802
482 0.72922
484 0.733469
514 0.739164
