0 0.503953
3 0.517373
5 0.520161
6 0.534828
7 0.537887
10 0.540883
12 0.553515
14 0.561781
19 0.563782
21 0.566579
25 0.570493
33 0.575967
38 0.577316
43 0.585665
45 0.598201
52 0.605336
53 0.605582
56 0.612197
58 0.626565
60 0.627554
67 0.628334
81 0.628706
112 0.630033
119 0.639267
120 0.64623
125 0.647305
131 0.648778
134 0.649085
143 0.657773
149 0.658474
151 0.660754
156 0.661076
161 0.664842
171 0.66725
173 0.668674
183 0.683243
196 0.685442
206 0.687026
225 0.690774
228 0.692816
233 0.693841
239 0.696205
253 0.698406
293 0.701175
301 0.714011
375 0.717273
388 0.723112
513 0.726219
535 0.72855
547 0.729493
558 0.730074
586 0.732659
617 0.734554
672 0.735164
704 0.739697
732 0.742227
770 0.744342
838 0.744917
934 0.747035
