0 0.478043
1 0.482202
2 0.491265
3 0.491456
4 0.499697
5 0.509035
7 0.518507
9 0.521004
10 0.527286
13 0.529871
14 0.534622
15 0.535942
16 0.545181
17 0.546877
18 0.556479
20 0.558209
21 0.560089
24 0.561967
25 0.569461
27 0.575197
28 0.579188
32 0.589086
34 0.593684
39 0.600827
44 0.602004
45 0.606047
47 0.613874
53 0.614917
64 0.618575
68 0.620909
72 0.622426
80 0.631627
83 0.635486
87 0.642927
94 0.64529
96 0.647102
98 0.652186
101 0.653124
104 0.655003
117 0.658871
147 0.661295
154 0.665251
168 0.666204
175 0.673404
188 0.673471
200 0.678
207 0.68092
252 0.685359
263 0.687942
307 0.689077
335 0.695164
342 0.696063
365 0.700619
409 0.704483
477 0.705558
481 0.709297
560 0.714189
601 0.715022
690 0.715167
749 0.722601
836 0.725433
