0 0.462483
3 0.4694
5 0.471676
7 0.473711
8 0.475336
12 0.47732
13 0.482478
18 0.498919
19 0.501396
22 0.511581
23 0.52848
24 0.532478
30 0.534256
31 0.540657
33 0.547524
38 0.55891
42 0.560154
44 0.562788
46 0.564823
47 0.565755
49 0.570276
59 0.575949
62 0.586147
70 0.586296
71 0.593614
75 0.599794
76 0.603292
81 0.614878
86 0.625421
97 0.635725
104 0.640056
107 0.648105
111 0.653899
133 0.65498
142 0.655849
148 0.655854
165 0.656681
171 0.658114
174 0.659082
188 0.670172
205 0.672809
225 0.680776
253 0.68692
261 0.690482
279 0.693551
371 0.700614
374 0.707669
403 0.708836
