0 0.454899
4 0.455545
5 0.467304
7 0.483732
9 0.488157
12 0.499595
15 0.507533
18 0.517223
23 0.53374
26 0.538889
28 0.542794
29 0.555192
35 0.566638
37 0.572516
41 0.5781
43 0.578673
46 0.580815
56 0.587928
57 0.593396
62 0.597022
74 0.597856
84 0.597947
85 0.600334
95 0.614882
100 0.616017
106 0.618402
116 0.620284
121 0.623697
124 0.632388
136 0.636611
139 0.63749
142 0.642372
147 0.64961
150 0.658155
173 0.658358
175 0.66022
193 0.673365
202 0.675988
203 0.678885
207 0.680811
213 0.686369
214 0.69144
244 0.694782
272 0.696758
329 0.705018
351 0.712191
399 0.712207
402 0.715949
443 0.729819
