0 0.521158
1 0.521545
3 0.52734
5 0.527896
6 0.534473
8 0.538769
11 0.553237
12 0.560156
14 0.564048
16 0.564661
18 0.572156
25 0.580043
26 0.581661
28 0.586991
29 0.59393
30 0.597386
31 0.608713
34 0.60906
52 0.610899
70 0.617511
82 0.620577
88 0.62177
90 0.625485
109 0.626701
123 0.633667
125 0.63488
127 0.639345
145 0.643205
150 0.646809
204 0.650585
208 0.656937
216 0.661556
218 0.661653
284 0.661834
295 0.663
302 0.666853
326 0.667205
333 0.668769
336 0.671891
339 0.676378
363 0.682246
368 0.682755
378 0.686717
396 0.691389
481 0.695535
