0 0.489029
3 0.496051
6 0.50128
13 0.506723
18 0.508993
21 0.509849
22 0.517314
23 0.523284
24 0.539693
26 0.543291
29 0.546621
32 0.557073
35 0.561214
36 0.569507
41 0.570935
49 0.573874
53 0.581365
56 0.585192
61 0.58704
63 0.594933
66 0.599624
71 0.604331
82 0.605165
84 0.60869
94 0.609359
95 0.61544
97 0.617309
99 0.617486
102 0.621444
105 0.626428
110 0.632729
116 0.638492
132 0.644275
141 0.653873
159 0.656048
166 0.657706
168 0.658771
178 0.663146
180 0.665172
185 0.665567
195 0.670831
204 0.672629
206 0.675892
231 0.685501
236 0.687764
237 0.688112
239 0.695732
250 0.697495
252 0.699701
334 0.704552
348 0.705413
350 0.705916
374 0.708439
426 0.709888
462 0.711818
558 0.713757
