0 0.498616
1 0.501268
2 0.504374
3 0.508521
4 0.509795
5 0.515365
7 0.525693
8 0.528391
13 0.530254
17 0.543812
20 0.546397
21 0.546724
23 0.54703
24 0.548969
25 0.559383
30 0.564959
32 0.570911
33 0.573415
34 0.576421
40 0.578602
41 0.580411
45 0.580719
47 0.588277
50 0.589906
57 0.598246
58 0.600679
62 0.602326
75 0.605013
76 0.614062
79 0.614956
86 0.618981
90 0.621881
91 0.62227
92 0.630597
94 0.638223
113 0.64205
133 0.648806
140 0.649238
153 0.651278
168 0.651407
181 0.66313
187 0.66661
198 0.670957
205 0.673336
228 0.674036
246 0.678761
260 0.679906
304 0.682022
