1 0.49760679207921
2 0.49851541584158
3 0.49931962376238
4 0.50021113861386
5 0.50130014851485
6 0.50251904950495
7 0.50319653465347
8 0.5039250990099
9 0.50462389108911
10 0.50557797029703
11 0.50655721782178
12 0.50741428712871
13 0.50851722772277
14 0.50923286138614
15 0.509818
16 0.51044632673267
17 0.51125272277228
18 0.51189977227723
19 0.51270863366337
20 0.51357972277228
21 0.5144670990099
22 0.51531740594059
23 0.5160785049505
24 0.51685544554455
25 0.51779615841584
26 0.51856371287129
27 0.51950983168317
28 0.52025865346535
29 0.52091953465347
30 0.52148655445545
31 0.52203867326733
32 0.52277167326733
33 0.52352535643564
34 0.52412938613861
35 0.52498331683168
36 0.5256020990099
37 0.52612457425743
38 0.52681834653465
39 0.52764348514851
40 0.52844135643564
41 0.52923607920792
42 0.52987240594059
43 0.53054114851485
44 0.53123972277228
45 0.53188925742574
46 0.53260578217822
47 0.53325151485149
48 0.5336837029703
49 0.53420331683168
50 0.53490751485149
51 0.53563924752475
52 0.5361602970297
53 0.53661377227723
54 0.53734887128713
55 0.5379019009901
56 0.53848075247525
57 0.53926567326733
58 0.53994202970297
59 0.54042938613861
60 0.54095694059406
61 0.54152402970297
62 0.54212189108911
63 0.54271731683168
64 0.54317541584158
65 0.54389613861386
66 0.54446058415842
67 0.54503326732673
68 0.54562340594059
69 0.54610562376238
70 0.54665003960396
71 0.54722145544554
72 0.54764588118812
73 0.54822651485149
74 0.54856105940594
75 0.54910025742574
76 0.54959298019802
77 0.55026958415842
78 0.55061306930693
79 0.55145407920792
80 0.55193223762376
81 0.55248721782178
82 0.55300648514851
83 0.55343046534653
84 0.55393452475248
85 0.55437969306931
86 0.55478363366337
87 0.55536405940594
88 0.55565755445545
89 0.55605837623762
90 0.55647559405941
91 0.55702102970297
92 0.55737578217822
93 0.55775985148515
94 0.5582870990099
95 0.55877700990099
96 0.55919322772277
97 0.55974553465347
98 0.56013920792079
99 0.56053127722772
100 0.5610061980198
101 0.56124065346535
102 0.56167015841584
103 0.56200942574257
104 0.56248358415842
105 0.5629110990099
106 0.56331804950495
107 0.56376231683168
108 0.56416220792079
109 0.56461298019802
110 0.56507759405941
111 0.56549892079208
112 0.5659716039604
113 0.56624522772277
114 0.56661302970297
115 0.56716228712871
116 0.56766662376238
117 0.56817265346535
118 0.56852563366337
119 0.56895630693069
120 0.56920694059406
121 0.56943464356436
122 0.57000158415842
123 0.57040648514851
124 0.57078207920792
125 0.57105185148515
126 0.5714367029703
127 0.5717206039604
128 0.57201692079208
129 0.57240427722772
130 0.57285522772277
131 0.57327325742574
132 0.57378920792079
133 0.57405757425743
134 0.57443520792079
135 0.57463807920792
136 0.57482475247525
137 0.5751497029703
138 0.57542816831683
139 0.57569530693069
140 0.57600931683168
141 0.57626868316832
142 0.57674896039604
143 0.57713862376238
144 0.57759044554455
145 0.57790118811881
146 0.57831998019802
147 0.57853330693069
148 0.57896431683168
149 0.57918418811881
150 0.57942707920792
151 0.57971286138614
152 0.58005723762376
153 0.58027098019802
154 0.58061738613861
155 0.58102708910891
156 0.581206
157 0.58158508910891
158 0.58186861386139
159 0.58220154455446
160 0.58240824752475
161 0.58271854455446
162 0.58311099009901
163 0.58343246534653
164 0.58373046534653
165 0.58393846534653
166 0.58424427722772
167 0.58450177227723
168 0.5847377029703
169 0.58496566336634
170 0.58527737623762
171 0.58558077227723
172 0.58579194059406
173 0.5860856039604
174 0.58642243564356
175 0.58671032673267
176 0.58696069306931
177 0.58709977227723
178 0.58735431683168
179 0.58768992079208
180 0.58789832673267
181 0.58825834653465
182 0.58839587128713
183 0.58857056435644
184 0.58874707920792
185 0.58908947524752
186 0.58936918811881
187 0.58958011881188
188 0.58985275247525
189 0.59009908910891
190 0.59041301980198
191 0.59070857425743
192 0.59102788118812
193 0.5913668019802
194 0.59158987128713
195 0.59185535643564
196 0.59217025742574
197 0.5923976039604
198 0.59270695049505
199 0.59296461386139
200 0.59323392079208
201 0.59335228712871
202 0.5935548019802
203 0.59388492079208
204 0.5940905049505
205 0.59436626732673
206 0.59456064356436
207 0.59485584158416
208 0.59518053465347
209 0.59548989108911
210 0.59572087128713
211 0.59590991089109
212 0.59615027722772
213 0.59644079207921
214 0.59673466336634
215 0.59696341584158
216 0.59715814851485
217 0.59740728712871
218 0.59755979207921
219 0.59775693069307
220 0.59794150495049
221 0.59808557425743
222 0.59839764356436
223 0.59858231683168
224 0.59888859405941
225 0.59923917821782
226 0.59942574257426
227 0.59973795049505
228 0.59990016831683
229 0.60006405940594
230 0.60030792079208
231 0.60047200990099
232 0.60062940594059
233 0.60080991089109
234 0.60115324752475
235 0.60129523762376
236 0.60152772277228
237 0.60171010891089
238 0.60187664356436
239 0.60200115841584
240 0.6021467029703
241 0.60235559405941
242 0.60265494059406
243 0.60290957425743
244 0.60302808910891
245 0.60319391089109
246 0.60343846534653
247 0.60359994059406
248 0.60379373267327
249 0.60408003960396
250 0.60431120792079
251 0.60442240594059
252 0.6046538019802
253 0.60486344554455
254 0.60513021782178
255 0.60529818811881
256 0.60558213861386
257 0.60571984158416
258 0.60580926732673
259 0.60607938613861
260 0.60624653465347
261 0.60646453465347
262 0.60665446534653
263 0.6069055049505
264 0.6072877029703
265 0.6075643960396
266 0.6077689009901
267 0.60793142574257
268 0.6081524950495
269 0.6084586039604
270 0.60866368316832
271 0.60875751485149
272 0.60896120792079
273 0.60921118811881
274 0.60938530693069
275 0.60967882178218
276 0.60983246534654
277 0.61000301980198
278 0.61028435643564
279 0.61049545544554
280 0.61066920792079
281 0.61102384158416
282 0.61124859405941
283 0.61134902970297
284 0.61151593069307
285 0.61174166336634
286 0.61186304950495
287 0.61203511881188
288 0.61219702970297
289 0.61235483168317
290 0.61254678217822
291 0.61275093069307
292 0.61306597029703
293 0.61323543564356
294 0.61338587128713
295 0.61360768316832
296 0.61381984158416
297 0.61408252475248
298 0.61426421782178
299 0.61455418811881
300 0.61473794059406
301 0.61498894059406
302 0.6150878019802
303 0.61515595049505
304 0.61533881188119
305 0.6155092970297
306 0.61563917821782
307 0.61581940594059
308 0.61594538613861
309 0.61610717821782
310 0.61628815841584
311 0.61643308910891
312 0.61672967326733
313 0.61689506930693
314 0.61709571287129
315 0.6172845049505
316 0.6173774950495
317 0.61752244554455
318 0.6176055049505
319 0.61780684158416
320 0.6179085049505
321 0.61806452475248
322 0.6183117029703
323 0.61843771287129
324 0.61855345544554
325 0.61876274257426
326 0.6189657029703
327 0.61912832673267
328 0.61932004950495
329 0.61949954455446
330 0.61962933663366
331 0.61984055445545
332 0.61995375247525
333 0.62018525742574
334 0.62031748514851
335 0.62045498019802
336 0.62052964356436
337 0.62072971287129
338 0.62086974257426
339 0.62096489108911
340 0.62116732673267
341 0.62131017821782
342 0.62143258415842
343 0.6216204950495
344 0.62187702970297
345 0.62215020792079
346 0.62225587128713
347 0.62242662376238
348 0.6225355049505
349 0.62276062376238
350 0.62298191089109
351 0.62316447524752
352 0.62329455445545
353 0.6234092970297
354 0.62354133663366
355 0.62379498019802
356 0.62400804950495
357 0.62424118811881
358 0.62442574257426
359 0.62456804950495
360 0.62470076237624
361 0.62480834653465
362 0.62492326732673
363 0.62513126732673
364 0.62526364356436
365 0.62541375247525
366 0.62554551485149
367 0.62569152475248
368 0.62588393069307
369 0.62611931683168
370 0.62621222772277
371 0.62632948514851
372 0.62645385148515
373 0.62654035643564
374 0.62665817821782
375 0.62690800990099
376 0.6270556039604
377 0.6272139009901
378 0.62732875247525
379 0.62746332673267
380 0.6275896039604
381 0.62767791089109
382 0.62777345544554
383 0.62785778217822
384 0.62792726732673
385 0.62806623762376
386 0.62815608910891
387 0.62824941584158
388 0.6283103960396
389 0.6284238019802
390 0.62859193069307
391 0.62870432673267
392 0.62878066336634
393 0.62889042574257
394 0.62902983168317
395 0.62912615841584
396 0.62920231683168
397 0.62932107920792
398 0.62942391089109
399 0.62962854455446
400 0.62972404950495
401 0.62989926732673
402 0.63004888118812
403 0.63018675247525
404 0.63036864356436
405 0.63051092079208
406 0.63074953465347
407 0.63082395049505
408 0.6308932970297
409 0.63102015841584
410 0.63112812871287
411 0.63126108910891
412 0.63145962376238
413 0.6314992970297
414 0.63166706930693
415 0.6318244950495
416 0.63186797029703
417 0.6319229009901
418 0.63197283168317
419 0.6321428019802
420 0.63231877227723
421 0.63252682178218
422 0.63261423762376
423 0.63273353465347
424 0.63285553465347
425 0.63292893069307
426 0.63304631683168
427 0.63312434653465
428 0.63318347524752
429 0.63323684158416
430 0.63332623762376
431 0.63348315841584
432 0.63361994059406
433 0.63373675247525
434 0.63387552475248
435 0.63395262376238
436 0.63409016831683
437 0.63422373267327
438 0.63428915841584
439 0.63438753465347
440 0.63453852475248
441 0.63459085148515
442 0.63476733663366
443 0.63490528712871
444 0.63497989108911
445 0.63505540594059
446 0.63527900990099
447 0.63540436633663
448 0.63556362376238
449 0.63571485148515
450 0.63588003960396
451 0.63594818811881
452 0.63605100990099
453 0.636191
454 0.63630020792079
455 0.63644828712871
456 0.63656651485149
457 0.63661218811881
458 0.63665688118812
459 0.63670405940594
460 0.63688481188119
461 0.63696102970297
462 0.63703306930693
463 0.63715416831683
464 0.63727074257426
465 0.63734722772277
466 0.63744365346535
467 0.63755112871287
468 0.63766615841584
469 0.63780945544554
470 0.63792359405941
471 0.6379702970297
472 0.63806668316832
473 0.63814953465347
474 0.6382252970297
475 0.63829928712871
476 0.63841985148515
477 0.63849986138614
478 0.63860577227723
479 0.63870596039604
480 0.63884578217822
481 0.63901314851485
482 0.63908311881188
483 0.63922763366337
484 0.63934437623762
485 0.63939157425743
486 0.63949558415842
487 0.63964296039604
488 0.63978324752475
489 0.6399042970297
490 0.63996776237624
491 0.64009669306931
492 0.64015554455446
493 0.64029232673267
494 0.64041031683168
495 0.64054122772277
496 0.64062928712871
497 0.64074561386139
498 0.64081681188119
499 0.64092748514851
500 0.64101656435644
501 0.64108785148515
502 0.6411461980198
503 0.64121927722772
504 0.64143171287129
505 0.64155595049505
506 0.64169177227723
507 0.64181485148515
508 0.64184957425743
509 0.64193103960396
510 0.64202115841584
511 0.6420668019802
512 0.64225042574257
513 0.64236017821782
514 0.64241701980198
515 0.64249697029703
516 0.64258478217822
517 0.64264324752475
518 0.64272296039604
519 0.6427957029703
520 0.64288854455446
521 0.64298678217822
522 0.6430434950495
523 0.64312230693069
524 0.64317664356436
525 0.64328011881188
526 0.64332522772277
527 0.64339752475248
528 0.64354424752475
529 0.64358601980198
530 0.64367961386139
531 0.64379607920792
532 0.64387186138614
533 0.64404015841584
534 0.64410611881188
535 0.64420381188119
536 0.64427946534653
537 0.6443049009901
538 0.64435955445545
539 0.64440943564356
540 0.64457445544554
541 0.64461699009901
542 0.6447668019802
543 0.64484494059406
544 0.64495484158416
545 0.64502015841584
546 0.64513663366337
547 0.64525849504951
548 0.64536061386139
549 0.64546176237624
550 0.64552254455446
551 0.64560253465347
552 0.64568128712871
553 0.64576482178218
554 0.64582800990099
555 0.64598865346535
556 0.64605143564356
557 0.64613424752475
558 0.64619411881188
559 0.64630571287129
560 0.64639757425743
561 0.64646091089109
562 0.64656331683168
563 0.64670737623762
564 0.64680963366337
565 0.64687983168317
566 0.64693240594059
567 0.64696185148515
568 0.64706258415842
569 0.64712443564356
570 0.64724612871287
571 0.64738402970297
572 0.64743292079208
573 0.64750600990099
574 0.64760171287129
575 0.64766852475248
576 0.64775333663366
577 0.6478463960396
578 0.64788795049505
579 0.64794251485149
580 0.64801216831683
581 0.64811836633663
582 0.64829061386139
583 0.64836289108911
584 0.64844430693069
585 0.64862336633663
586 0.64865537623762
587 0.64869642574257
588 0.64879494059406
589 0.64883635643564
590 0.64893067326733
591 0.64895737623762
592 0.64910573267327
593 0.64911642574257
594 0.6491533960396
595 0.64920345544554
596 0.64927838613861
597 0.64929903960396
598 0.64944344554455
599 0.64953747524752
600 0.64961268316832
601 0.64968818811881
602 0.64976674257426
603 0.64992616831683
604 0.64998401980198
605 0.65008817821782
606 0.65010707920792
607 0.65014423762376
608 0.65020841584158
609 0.65031120792079
610 0.65035824752475
611 0.6504887029703
612 0.65052877227723
613 0.65056508910891
614 0.65059567326733
615 0.65065141584158
616 0.65069483168317
617 0.65074100990099
618 0.65083317821782
619 0.65094025742574
620 0.65101503960396
621 0.65111988118812
622 0.65119983168317
623 0.65129679207921
624 0.65133725742574
625 0.6514672970297
626 0.65152697029703
627 0.65159156435644
628 0.65170930693069
629 0.65180626732673
630 0.65184322772277
631 0.65194917821782
632 0.65204457425743
633 0.65210026732673
634 0.65216041584158
635 0.65218743564356
636 0.65223581188119
637 0.65231244554455
638 0.6524105049505
639 0.65242646534653
640 0.65245389108911
641 0.65253626732673
642 0.65263326732673
643 0.65270153465347
644 0.65277033663366
645 0.6528039009901
646 0.6529243960396
647 0.65306707920792
648 0.65314647524752
649 0.65322277227723
650 0.65327332673267
651 0.65337456435644
652 0.65342576237624
653 0.65352091089109
654 0.65352512871287
655 0.65358958415842
656 0.65365879207921
657 0.65377736633663
658 0.65383864356436
659 0.653873
660 0.65389467326733
661 0.65393721782178
662 0.65404404950495
663 0.65415661386139
664 0.65426974257426
665 0.65431332673267
666 0.65437497029703
667 0.6544244950495
668 0.65452562376238
669 0.65457206930693
670 0.65463747524752
671 0.65472555445545
672 0.65476069306931
673 0.6548186039604
674 0.65487506930693
675 0.65493736633663
676 0.65503563366337
677 0.65509289108911
678 0.6551473960396
679 0.65520036633663
680 0.65531018811881
681 0.65539832673267
682 0.6555776039604
683 0.65568257425743
684 0.65573495049505
685 0.65576748514851
686 0.65585276237624
687 0.65591985148515
688 0.65596478217822
689 0.65598601980198
690 0.65601734653465
691 0.65605362376238
692 0.65608272277228
693 0.65612148514851
694 0.65621118811881
695 0.6562421980198
696 0.65633167326733
697 0.65647607920792
698 0.65653308910891
699 0.65660355445545
700 0.65664481188119
701 0.65668426732673
702 0.65673840594059
703 0.65680293069307
704 0.65690281188119
705 0.65695351485149
706 0.65697144554455
707 0.65701201980198
708 0.65715635643564
709 0.65724808910891
710 0.65731174257426
711 0.65740089108911
712 0.6574524950495
713 0.65755606930693
714 0.65768826732673
715 0.65773350495049
716 0.65780638613861
717 0.65784924752475
718 0.65787221782178
719 0.65795485148515
720 0.65808744554455
721 0.65814882178218
722 0.6582091980198
723 0.65824581188119
724 0.65830134653465
725 0.65833913861386
726 0.65837961386139
727 0.65842626732673
728 0.65850353465347
729 0.65856284158416
730 0.65865559405941
731 0.6587432970297
732 0.65878001980198
733 0.65883007920792
734 0.65889946534653
735 0.65899337623762
736 0.65903905940594
737 0.65912116831683
738 0.65914221782178
739 0.6591785049505
740 0.65922384158416
741 0.65926835643564
742 0.65933611881188
743 0.65940773267327
744 0.65946406930693
745 0.65957985148515
746 0.65966110891089
747 0.65975645544554
748 0.65977299009901
749 0.65982226732673
750 0.65987859405941
751 0.65996713861386
752 0.66012555445545
753 0.66027827722772
754 0.66032411881188
755 0.66035118811881
756 0.6604084950495
757 0.66043721782178
758 0.66047
759 0.66052702970297
760 0.66055298019802
761 0.66059182178218
762 0.66062383168317
763 0.66069831683168
764 0.66073658415842
765 0.66077721782178
766 0.66081400990099
767 0.6608592970297
768 0.66092952475248
769 0.66100906930693
770 0.66107118811881
771 0.66112902970297
772 0.66125933663366
773 0.66133057425743
774 0.66144899009901
775 0.66147575247525
776 0.66152967326733
777 0.66160118811881
778 0.66168856435644
779 0.66176767326733
780 0.66185969306931
781 0.66189091089109
782 0.66199961386139
783 0.6620912970297
784 0.66214776237624
785 0.6622189009901
786 0.66228408910891
787 0.66233705940594
788 0.66242582178218
789 0.66249100990099
790 0.66250507920792
791 0.66256006930693
792 0.66264606930693
793 0.66268036633663
794 0.66270566336634
795 0.66279012871287
796 0.66283000990099
797 0.66284388118812
798 0.66291705940594
799 0.66294502970297
800 0.66297431683168
801 0.66303751485148
802 0.663088
803 0.66312316831683
804 0.66315083168317
805 0.66323903960396
806 0.6632569009901
807 0.6633124950495
808 0.66336585148515
809 0.66342504950495
810 0.66349621782178
811 0.66350633663366
812 0.66356123762376
813 0.66361762376238
814 0.66364873267327
815 0.66369425742574
816 0.66375467326733
817 0.66379315841584
818 0.66385794059406
819 0.66387788118812
820 0.66393971287129
821 0.66395527722772
822 0.66397451485148
823 0.66406782178218
824 0.66410773267327
825 0.66413086138614
826 0.66415334653465
827 0.66422821782178
828 0.66426277227723
829 0.66428165346535
830 0.66432842574257
831 0.66436322772277
832 0.66442501980198
833 0.66447903960396
834 0.66455443564356
835 0.66467704950495
836 0.66475015841584
837 0.66484113861386
838 0.66489701980198
839 0.66495907920792
840 0.66505087128713
841 0.66512817821782
842 0.66514750495049
843 0.66515195049505
844 0.66519101980198
845 0.6652133960396
846 0.66524436633663
847 0.66526907920792
848 0.6652896039604
849 0.66531436633663
850 0.66538089108911
851 0.6654366039604
852 0.66546481188119
853 0.66549157425743
854 0.66551371287129
855 0.66552934653465
856 0.66555117821782
857 0.66560573267327
858 0.66567725742574
859 0.66574200990099
860 0.66583793069307
861 0.66587485148515
862 0.66591813861386
863 0.66601336633663
864 0.66605043564356
865 0.66606753465347
867 0.66612027722772
868 0.66615943564356
869 0.6662107029703
870 0.66637442574257
871 0.66638336633663
872 0.66643221782178
873 0.66644987128713
874 0.66648968316832
875 0.66662200990099
876 0.66667398019802
877 0.66673176237624
878 0.66673491089109
879 0.66676572277228
880 0.6667970990099
881 0.66684140594059
882 0.66688836633663
884 0.66689702970297
885 0.66695552475248
886 0.66700868316832
887 0.66708372277228
888 0.66712824752475
889 0.66718436633663
890 0.66720598019802
891 0.667268
892 0.66732045544554
893 0.6673405049505
894 0.66735636633663
895 0.66739369306931
896 0.66742401980198
897 0.66747693069307
898 0.66752374257426
899 0.66756898019802
900 0.66764195049505
901 0.66773551485149
902 0.66775933663366
903 0.66779684158416
904 0.66785002970297
905 0.66788220792079
906 0.66793504950495
907 0.66796884158416
908 0.667995
909 0.66801056435644
910 0.66805243564356
911 0.66814861386139
912 0.66816542574257
913 0.66821872277228
914 0.66826536633663
915 0.66830976237624
916 0.66833146534653
917 0.66836520792079
918 0.66840871287129
919 0.66846306930693
920 0.66849384158416
921 0.66854627722772
922 0.66859305940594
923 0.66861312871287
924 0.66865297029703
925 0.66867967326733
926 0.66876402970297
927 0.66881556435644
928 0.66888688118812
929 0.66895778217822
930 0.66903078217822
931 0.66913641584158
932 0.66917686138614
933 0.66921317821782
934 0.66925945544554
935 0.66928955445545
936 0.66930367326733
937 0.66938527722772
938 0.66939630693069
939 0.66941987128713
940 0.66949618811881
941 0.66953675247525
942 0.66961699009901
943 0.66966363366337
944 0.66969561386139
945 0.66970504950495
946 0.66976758415842
947 0.66984033663366
948 0.6698508019802
949 0.66987986138614
951 0.66993023762376
952 0.66999402970297
953 0.67007920792079
954 0.67012271287129
955 0.67015808910891
956 0.67021424752475
957 0.67025699009901
958 0.67029794059406
959 0.67033420792079
960 0.67038063366337
961 0.67045475247525
962 0.67051715841584
963 0.67056305940594
964 0.67065014851485
965 0.6706554950495
966 0.67068515841584
967 0.6707534950495
968 0.67083448514851
969 0.67086816831683
970 0.67092244554455
971 0.67094774257426
972 0.67098978217822
973 0.67101053465347
974 0.67104284158416
975 0.67105416831683
976 0.67107297029703
977 0.67112228712871
978 0.67116515841584
979 0.67119805940594
980 0.67123363366337
981 0.6712584950495
982 0.67125992079208
983 0.67134308910891
984 0.67142113861386
985 0.67148121782178
986 0.67155462376238
987 0.6715783960396
988 0.67160462376238
989 0.67162310891089
990 0.67169245544554
991 0.6717406039604
992 0.67179636633663
993 0.67184077227723
994 0.67185605940594
995 0.67191448514851
996 0.67195813861386
997 0.67199561386139
998 0.67201874257426
999 0.67208921782178
1000 0.67212669306931
1001 0.6721982970297
1002 0.67221512871287
1003 0.67228816831683
1004 0.67233844554455
1005 0.67238
1006 0.6724175049505
1007 0.67241964356436
1008 0.67245561386139
1009 0.67249838613861
1010 0.67252041584158
1011 0.67256215841584
1012 0.67260581188119
1013 0.67267411881188
1014 0.672707
1015 0.67276917821782
1016 0.67282995049505
1017 0.6728733960396
1018 0.67290633663366
1019 0.67295221782178
1020 0.6729884950495
1021 0.67304113861386
1022 0.67308595049505
1023 0.67311343564356
1024 0.67311518811881
1025 0.6731483960396
1026 0.67317092079208
1027 0.67321906930693
1028 0.67329364356436
1029 0.67337412871287
1030 0.67341371287129
1031 0.67343677227723
1032 0.67343784158416
1033 0.67344931683168
1034 0.67351625742574
1035 0.67352779207921
1036 0.67354205940594
1037 0.67357551485149
1038 0.67364497029703
1039 0.67366964356436
1040 0.67373595049505
1041 0.67377451485149
1042 0.67386510891089
1043 0.67389118811881
1044 0.67392326732673
1045 0.67399948514852
1046 0.67402655445545
1047 0.67405096039604
1048 0.67411013861386
1049 0.67420518811881
1050 0.67420944554455
1051 0.67424557425743
1052 0.674304
1053 0.67433127722772
1054 0.6743926039604
1055 0.67441654455446
1056 0.67447493069307
1057 0.67457900990099
1058 0.67462561386139
1059 0.67467737623762
1060 0.67469359405941
1061 0.67474884158416
1062 0.67478072277228
1063 0.67481117821782
1064 0.67483677227723
1065 0.67485198019802
1066 0.67487215841584
1067 0.67488769306931
1068 0.67490302970297
1069 0.67491998019802
1070 0.67496787128713
1071 0.6750207029703
1072 0.67507155445545
1073 0.67512721782178
1074 0.67519034653465
1075 0.67523410891089
1076 0.67524762376238
1077 0.67527713861386
1078 0.67535291089109
1079 0.67539145544554
1080 0.67544317821782
1081 0.67545637623762
1082 0.67550610891089
1083 0.6755265049505
1084 0.67556064356436
1085 0.67556089108911
1086 0.67562248514852
1087 0.67562283168317
1088 0.67564871287129
1089 0.67565900990099
1090 0.67568978217822
1091 0.67574132673267
1092 0.67575727722772
1093 0.67577679207921
1094 0.67580944554455
1095 0.67584501980198
1096 0.67593652475248
1097 0.67594195049505
1098 0.67596763366337
1099 0.67600300990099
1100 0.67602705940594
1101 0.67608282178218
1102 0.67612875247525
1103 0.6761418019802
1104 0.67616269306931
1105 0.67617788118812
1106 0.67621548514851
1107 0.67623153465347
1108 0.67624533663366
1109 0.67630540594059
1110 0.6763497029703
1111 0.67638391089109
1112 0.67645591089109
1113 0.67646473267327
1114 0.67646679207921
1115 0.67649983168317
1116 0.67654181188119
1117 0.67660198019802
1118 0.67663331683168
1119 0.67665633663366
1120 0.67667263366337
1121 0.67672235643564
1122 0.67682369306931
1123 0.6769513960396
1124 0.67698864356436
1125 0.67701677227723
1126 0.67703699009901
1127 0.67705769306931
1128 0.67707452475248
1129 0.67711782178218
1130 0.67714081188119
1131 0.67718452475248
1132 0.67721892079208
1133 0.67727038613861
1134 0.67731605940594
1135 0.67732359405941
1136 0.67734696039604
1137 0.67736005940594
1138 0.67743691089109
1139 0.6774786039604
1140 0.67749666336634
1141 0.67751208910891
1142 0.67759583168317
1143 0.67764469306931
1144 0.67766398019802
1145 0.67766732673267
1146 0.67772125742574
1147 0.67775527722772
1148 0.67780952475248
1149 0.67781623762376
1150 0.67784316831683
1151 0.67785040594059
1152 0.67786666336634
1153 0.67788803960396
1154 0.67791721782178
1156 0.6779363960396
1157 0.67794147524752
1158 0.67794982178218
1159 0.67797500990099
1160 0.67799106930693
1161 0.67802755445545
1162 0.67808512871287
1163 0.67811063366337
1164 0.67813621782178
1165 0.67818538613861
1166 0.6782282970297
1167 0.67824294059406
1168 0.67825673267327
1169 0.67829364356436
1171 0.67832563366337
1172 0.67833930693069
1173 0.67835710891089
1174 0.67838474257426
1175 0.67841428712871
1176 0.67847494059406
1177 0.67848515841584
1178 0.6784968019802
1179 0.67852550495049
1180 0.67857689108911
1181 0.67858568316832
1182 0.67866176237624
1183 0.67869613861386
1184 0.67871432673267
1185 0.67873908910891
1186 0.67874515841584
1188 0.6787911980198
1189 0.67883362376238
1190 0.67886223762376
1191 0.67887113861386
1192 0.6788887029703
1193 0.67893069306931
1194 0.67894410891089
1195 0.67898975247525
1196 0.67901521782178
1197 0.67902037623762
1198 0.6790330990099
1199 0.67907916831683
1200 0.67908787128713
1201 0.67908968316832
1202 0.67909265346535
1203 0.67914856435644
1204 0.67916392079208
1205 0.67921724752475
1206 0.67925802970297
1207 0.67926814851485
1208 0.67929168316832
1209 0.67931658415842
1210 0.67934077227723
1211 0.67934862376238
1213 0.67938653465347
1214 0.67938914851485
1215 0.67941427722772
1216 0.67943434653465
1217 0.67955510891089
1218 0.6795938019802
1219 0.67967782178218
1220 0.67972299009901
1221 0.67973833663366
1222 0.67977861386139
1223 0.67980583168317
1224 0.67983163366337
1225 0.67986001980198
1226 0.67986124752475
1227 0.67989998019802
1228 0.6799664950495
1229 0.6800153960396
1230 0.68003982178218
1231 0.68013313861386
1232 0.68018293069307
1233 0.6801912970297
1234 0.68019855445545
1236 0.68025916831683
1237 0.68031264356436
1238 0.68032374257426
1239 0.68035452475248
1240 0.68039212871287
1241 0.68040369306931
1242 0.68040884158416
1243 0.6804251980198
1244 0.68045591089109
1245 0.68046446534653
1246 0.68046583168317
1247 0.68051675247525
1248 0.68054495049505
1250 0.68059354455446
1251 0.68063114851485
1252 0.68069344554455
1253 0.68072921782178
1254 0.68077782178218
1255 0.68078933663366
1256 0.68082821782178
1257 0.68088914851485
1258 0.68091322772277
1259 0.68092789108911
1260 0.68101763366337
1261 0.68102905940594
1262 0.68106676237624
1263 0.68109689108911
1264 0.68115084158416
1265 0.68117476237624
1266 0.68123921782178
1267 0.68125641584158
1268 0.68129469306931
1269 0.68135179207921
1270 0.68138830693069
1271 0.68143752475248
1272 0.68144635643564
1273 0.68144871287129
1274 0.68147491089109
1275 0.68148042574257
1276 0.68150640594059
1277 0.68154861386139
1278 0.68157499009901
1279 0.68161951485149
1280 0.6816861980198
1281 0.68169291089109
1282 0.68177134653465
1283 0.68178592079208
1284 0.68180941584158
1285 0.68181496039604
1286 0.68181743564356
1287 0.68182154455446
1288 0.68191034653465
1289 0.68192191089109
1290 0.68195984158416
1291 0.68200571287129
1292 0.68212631683168
1293 0.68212683168317
1294 0.68213874257426
1295 0.68214820792079
1296 0.68217108910891
1297 0.68218445544554
1298 0.68227076237624
1299 0.68228330693069
1300 0.68234998019802
1301 0.68236274257426
1302 0.68237968316832
1303 0.68239540594059
1304 0.68245230693069
1305 0.68249004950495
1306 0.68254871287129
1307 0.68257607920792
1308 0.68263581188119
1309 0.6826757029703
1310 0.68268569306931
1311 0.68270814851485
1312 0.68278144554455
1313 0.68279055445545
1314 0.68281827722772
1315 0.68283959405941
1316 0.68287087128713
1317 0.68288585148515
1318 0.6829417029703
1319 0.6829745049505
1320 0.68299155445545
1321 0.68300495049505
1322 0.68301767326733
1323 0.68303632673267
1324 0.68303855445545
1325 0.68305399009901
1326 0.68310274257426
1327 0.6831273960396
1328 0.68314627722772
1329 0.68316991089109
1330 0.68317845544554
1331 0.68322345544554
1332 0.68324318811881
1333 0.68332096039604
1334 0.68336030693069
1335 0.68340747524752
1336 0.68340822772277
1337 0.68345616831683
1338 0.68348784158416
1339 0.68353641584158
1340 0.68354300990099
1341 0.68357267326733
1342 0.6836058019802
1343 0.68363206930693
1344 0.68366173267327
1345 0.68368868316832
1346 0.68371298019802
1347 0.68376316831683
1348 0.68380224752475
1349 0.68384463366337
1350 0.68390979207921
1351 0.68391725742574
1352 0.68398891089109
1353 0.68399300990099
1354 0.68401421782178
1355 0.68403557425743
1356 0.68410364356436
1357 0.68411400990099
1358 0.68414993069307
1359 0.68422628712871
1360 0.68427820792079
1361 0.68428575247525
1362 0.68430657425743
1363 0.68434085148515
1365 0.68440041584158
1366 0.6844046039604
1367 0.68440718811881
1368 0.68441904950495
1369 0.68444582178218
1370 0.68446078217822
1371 0.68447741584158
1372 0.68451089108911
1373 0.68454308910891
1374 0.68460812871287
1375 0.68464563366337
1376 0.68464973267327
1377 0.68467491089109
1378 0.68468171287129
1379 0.68470501980198
1380 0.68471462376238
1381 0.68471473267327
1382 0.68473572277228
1383 0.6847466039604
1384 0.68475432673267
1385 0.68478067326733
1386 0.68479221782178
1387 0.68481232673267
1388 0.68485783168317
1389 0.68488382178218
1390 0.68490227722772
1391 0.68492426732673
1392 0.68493867326733
1393 0.68496606930693
1394 0.68506504950495
1395 0.68506994059406
1396 0.68508465346535
1397 0.68508698019802
1398 0.68510628712871
1399 0.68511342574257
1400 0.68513991089109
1401 0.68514715841584
1402 0.68518615841584
1403 0.68520173267327
1404 0.68521959405941
1405 0.6852363960396
1406 0.685256
1407 0.68528503960396
1408 0.68532355445545
1409 0.68537024752475
1410 0.68540085148515
1411 0.6854221980198
1412 0.6855009009901
1413 0.68552971287129
1414 0.68559038613861
1415 0.68566430693069
1416 0.68568153465347
1417 0.68572527722772
1418 0.68576750495049
1419 0.6857889009901
1420 0.68579731683168
1421 0.68582216831683
1422 0.68584684158416
1423 0.68588256435644
1424 0.68592872277228
1425 0.68595893069307
1426 0.68601292079208
1427 0.68603604950495
1428 0.6860779009901
1429 0.6860906039604
1430 0.68613255445545
1431 0.68614869306931
1432 0.68616404950495
1433 0.6861719009901
1434 0.68618930693069
1435 0.68621652475248
1436 0.68622725742574
1437 0.68623742574257
1438 0.68629193069307
1440 0.68634594059406
1441 0.686354
1442 0.68638443564356
1443 0.68641648514851
1444 0.68641689108911
1445 0.68645442574257
1446 0.68647699009901
1447 0.68652504950495
1448 0.68653943564356
1449 0.68656895049505
1450 0.68658784158416
1451 0.68659718811881
1452 0.68660374257426
1453 0.68661138613861
1454 0.68663098019802
1456 0.68665005940594
1457 0.68665389108911
1458 0.68666174257426
1460 0.68666897029703
1462 0.68670187128713
1463 0.68671699009901
1464 0.68671924752475
1466 0.68672313861386
1467 0.68673062376238
1468 0.68674755445545
1469 0.68675732673267
1470 0.68675847524752
1471 0.68678718811881
1472 0.68680266336634
1473 0.68681597029703
1474 0.68684801980198
1475 0.68685791089109
1476 0.68689446534653
1477 0.68691251485149
1478 0.68694171287129
1480 0.68695986138614
1481 0.68696878217822
1482 0.68699143564356
1483 0.68702852475248
1484 0.68703445544554
1485 0.68704792079208
1486 0.68706068316832
1487 0.68708855445545
1488 0.68710202970297
1489 0.68712364356436
1490 0.68713203960396
1491 0.68713776237624
1492 0.68717123762376
1493 0.68720011881188
1494 0.68720436633663
1495 0.68723118811881
1496 0.68726616831683
1497 0.68729684158416
1498 0.68730714851485
1499 0.68732602970297
1500 0.68733869306931
1501 0.68735365346535
1502 0.68737626732673
1503 0.68743397029703
1504 0.68744723762376
1505 0.6874694950495
1506 0.68749474257426
1507 0.6875273960396
1508 0.68755062376238
1509 0.68755802970297
1510 0.68757291089109
1511 0.6875797029703
1512 0.68760634653465
1513 0.68765035643564
1514 0.68767806930693
1515 0.68768476237624
1516 0.68770875247525
1517 0.68773889108911
1518 0.68777401980198
1519 0.68780808910891
1520 0.68783359405941
1521 0.68784893069307
1522 0.68786081188119
1523 0.68789115841584
1524 0.68791748514851
1525 0.68792086138614
1526 0.68792838613861
1527 0.68798340594059
1528 0.68798822772277
1529 0.68799524752475
1530 0.68802658415842
1531 0.68805394059406
1532 0.68808798019802
1533 0.68809755445545
1534 0.68811271287129
1535 0.68813053465347
1536 0.68813872277228
1537 0.68815138613861
1538 0.68820663366337
1539 0.68822994059406
1540 0.68825566336634
1541 0.68827932673267
1542 0.68831472277228
1543 0.68834051485149
1544 0.68835597029703
1545 0.68836592079208
1546 0.68836812871287
1547 0.68839689108911
1548 0.68841313861386
1549 0.68842620792079
1550 0.68843528712871
1551 0.68844830693069
1552 0.68845356435644
1553 0.68850151485149
1554 0.68856571287129
1555 0.68858179207921
1556 0.68862014851485
1557 0.68863398019802
1558 0.68866396039604
1559 0.68870048514852
1560 0.68876312871287
1561 0.68881885148515
1562 0.68882831683168
1563 0.68883738613861
1564 0.68884047524752
1565 0.68886403960396
1566 0.68890115841584
1568 0.68890714851485
1569 0.68894024752475
1570 0.68895158415842
1571 0.68896253465347
1572 0.68899402970297
1573 0.68901181188119
1575 0.68901813861386
1576 0.68903875247525
1577 0.68904410891089
1578 0.6890631980198
1579 0.68907393069307
1580 0.6890992970297
1581 0.68910789108911
1582 0.68910795049505
1583 0.68912330693069
1584 0.68914118811881
1585 0.68918435643564
1586 0.6892020990099
1587 0.68920935643564
1588 0.68922082178218
1589 0.68922455445545
1590 0.68926965346535
1591 0.68927503960396
1592 0.68928911881188
1593 0.68929725742574
1594 0.68933069306931
1595 0.68936172277228
1596 0.68938044554455
1597 0.68939053465347
1598 0.68939416831683
1599 0.68939727722772
1600 0.68939927722772
1601 0.68941835643564
1602 0.68946173267327
1603 0.68949756435644
1604 0.68950574257426
1605 0.68952031683168
1606 0.68953634653465
1607 0.68953879207921
1610 0.68955726732673
1611 0.68957523762376
1612 0.68959534653465
1613 0.68961528712871
1614 0.68962582178218
1615 0.68967553465347
1616 0.68971231683168
1617 0.68971474257426
1618 0.68973224752475
1620 0.6897549009901
1621 0.68982813861386
1622 0.6898485049505
1623 0.68984959405941
1624 0.68987278217822
1625 0.68990237623762
1626 0.68992671287129
1627 0.68993064356436
1628 0.68995975247525
1629 0.68999
1630 0.69003366336634
1631 0.6900621980198
1632 0.6900708019802
1633 0.69010179207921
1634 0.69013226732673
1635 0.69014325742574
1636 0.69016082178218
1637 0.69016475247525
1638 0.69020952475248
1639 0.69022304950495
1640 0.69023257425743
1641 0.69024507920792
1642 0.6902466039604
1643 0.69024682178218
1644 0.69026299009901
1645 0.69028307920792
1646 0.69031152475248
1649 0.69035403960396
1650 0.69037238613861
1651 0.69037948514851
1652 0.69040883168317
1653 0.69043513861386
1654 0.69046265346535
1655 0.69047382178218
1656 0.69049585148515
1657 0.69051235643564
1658 0.6905259009901
1659 0.69054138613861
1660 0.6905604950495
1661 0.69058413861386
1662 0.69059447524752
1663 0.69060095049505
1665 0.69061613861386
1666 0.69063633663366
1667 0.69067033663366
1668 0.69068959405941
1670 0.69069816831683
1671 0.69070631683168
1672 0.69070683168317
1673 0.69072392079208
1674 0.69073476237624
1675 0.69074138613861
1676 0.69074993069307
1677 0.69075531683168
1678 0.69077998019802
1679 0.69079318811881
1681 0.69082341584158
1682 0.69085452475248
1683 0.69087038613861
1684 0.69089081188119
1685 0.69090914851485
1686 0.69093004950495
1687 0.69095723762376
1688 0.69097195049505
1689 0.69097372277228
1690 0.69097478217822
1691 0.69100924752475
1692 0.6910223960396
1693 0.69103522772277
1694 0.69104554455446
1695 0.69104707920792
1696 0.69105078217822
1697 0.69108485148515
1698 0.69112592079208
1699 0.69115551485149
1700 0.69116514851485
1701 0.69120025742574
1702 0.69122133663366
1703 0.6912347029703
1704 0.69124383168317
1706 0.69125981188119
1707 0.69127448514851
1708 0.69132396039604
1709 0.69132791089109
1711 0.69132872277228
1712 0.69133534653465
1713 0.69133827722772
1714 0.69136482178218
1715 0.69136553465347
1716 0.69139433663366
1717 0.69142356435644
1719 0.69143761386139
1720 0.69144843564356
1721 0.69146455445545
1722 0.69149700990099
1723 0.69152697029703
1724 0.69153655445545
1725 0.69155769306931
1727 0.69156838613861
1728 0.69161631683168
1729 0.69163263366337
1730 0.69165201980198
1731 0.69167436633663
1732 0.69167545544554
1733 0.69169415841584
1734 0.69171143564356
1735 0.69173252475248
1736 0.69174955445545
1737 0.69176088118812
1738 0.69180099009901
1739 0.69182086138614
1740 0.69182332673267
1742 0.69184757425743
1743 0.69186376237624
1744 0.69186897029703
1745 0.69189766336634
1746 0.69189808910891
1748 0.69190104950495
1750 0.69191484158416
1751 0.69193389108911
1752 0.69194848514851
1753 0.69198776237624
1754 0.69200805940594
1755 0.69202478217822
1757 0.69202707920792
1758 0.6920437029703
1759 0.69205452475248
1760 0.69210269306931
1761 0.69213841584158
1762 0.69216372277228
1763 0.69218184158416
1764 0.69222640594059
1765 0.69223430693069
1766 0.69227156435644
1767 0.69229776237624
1768 0.69231699009901
1769 0.69234020792079
1770 0.69236087128713
1771 0.6923949009901
1772 0.69242754455446
1773 0.69242772277228
1774 0.6924295049505
1775 0.69243289108911
1776 0.69244127722772
1777 0.69244481188119
1778 0.692452
1779 0.69247598019802
1780 0.69250691089109
1781 0.69255925742574
1785 0.69259300990099
1787 0.69264754455446
1788 0.69268730693069
1789 0.69269365346535
1790 0.69272226732673
1791 0.69275162376238
1792 0.69275606930693
1794 0.69277097029703
1796 0.69277934653465
1797 0.69279593069307
1798 0.69280116831683
1799 0.69280233663366
1800 0.69282841584158
1801 0.69290625742574
1802 0.69296133663366
1803 0.69298892079208
1805 0.69299673267327
1806 0.69304367326733
1807 0.69304659405941
1808 0.69309096039604
1809 0.69312810891089
1810 0.69314695049505
1811 0.69315275247525
1813 0.69317733663366
1814 0.6931908019802
1815 0.6931996039604
1816 0.69321516831683
1817 0.69322376237624
1818 0.69325877227723
1819 0.69329169306931
1820 0.69329573267327
1821 0.69330221782178
1823 0.69330493069307
1824 0.69330738613861
1825 0.69332611881188
1827 0.69334617821782
1828 0.69338045544554
1829 0.69338082178218
1830 0.69340277227723
1831 0.69341305940594
1832 0.69343208910891
1833 0.69344952475248
1834 0.69351663366337
1835 0.69351988118812
1836 0.69354014851485
1837 0.69355188118812
1838 0.69355317821782
1839 0.69356062376238
1840 0.69357454455446
1841 0.69357526732673
1842 0.69359256435644
1844 0.69359653465347
1845 0.69364354455446
1846 0.69365046534653
1847 0.69368288118812
1849 0.69368615841584
1850 0.69368617821782
1852 0.69370338613861
1853 0.69373177227723
1854 0.69373926732673
1855 0.69377640594059
1856 0.69383103960396
1857 0.69383496039604
1858 0.69384438613861
1859 0.69386577227723
1860 0.69392635643564
1862 0.69392899009901
1863 0.69393128712871
1864 0.69393823762376
1865 0.69395798019802
1866 0.69396464356436
1867 0.69396584158416
1869 0.69399332673267
1870 0.69402258415842
1871 0.69406322772277
1872 0.69409386138614
1873 0.69409894059406
1874 0.6941189009901
1875 0.69412584158416
1877 0.69412597029703
1878 0.694154
1879 0.69416264356436
1881 0.69417595049505
1882 0.69419442574257
1883 0.69419585148515
1884 0.69421479207921
1885 0.69424779207921
1886 0.69426773267327
1887 0.69429012871287
1888 0.69430750495049
1889 0.69432718811881
1890 0.69434731683168
1891 0.69436242574257
1892 0.69436674257426
1893 0.69437496039604
1894 0.69439544554455
1895 0.69440548514851
1896 0.69442900990099
1897 0.69445301980198
1898 0.69445843564356
1899 0.69446513861386
1900 0.69447001980198
1901 0.69447543564356
1902 0.69449489108911
1903 0.69450037623762
1904 0.69454368316832
1905 0.69455959405941
1906 0.69456734653465
1907 0.69457037623762
1908 0.69457086138614
1909 0.69459604950495
1910 0.6946229009901
1911 0.69464654455446
1912 0.69465117821782
1913 0.69465711881188
1914 0.69466463366337
1915 0.69468128712871
1916 0.69470046534653
1917 0.69470823762376
1918 0.69471412871287
1919 0.69473641584158
1920 0.69474042574257
1921 0.69476998019802
1922 0.6947761980198
1923 0.69478558415842
1924 0.69478703960396
1925 0.69479914851485
1926 0.69480915841584
1927 0.69483148514851
1929 0.69484038613861
1930 0.69485040594059
1932 0.69485774257426
1934 0.69487204950495
1935 0.69488714851485
1936 0.69490520792079
1937 0.69491240594059
1940 0.69491510891089
1941 0.69492716831683
1942 0.69493842574257
1943 0.69496883168317
1944 0.69497134653465
1945 0.69497681188119
1946 0.69498992079208
1947 0.69501694059406
1948 0.69501757425743
1949 0.69504118811881
1950 0.69508211881188
1951 0.69508993069307
1952 0.69510167326733
1953 0.69513187128713
1954 0.69513256435644
1955 0.69514093069307
1956 0.69514618811881
1957 0.69515463366337
1958 0.69517122772277
1959 0.69518076237624
1960 0.69522210891089
1961 0.69522695049505
1962 0.69523774257426
1963 0.6952550990099
1964 0.69525818811881
1965 0.69526247524752
1967 0.69530166336634
1968 0.69533097029703
1969 0.69533310891089
1970 0.69533907920792
1971 0.69535132673267
1973 0.69536036633663
1974 0.6953619009901
1975 0.69539237623762
1976 0.69540040594059
1977 0.69543096039604
1978 0.69544713861386
1979 0.69545798019802
1980 0.695473
1981 0.69548377227723
1983 0.69548906930693
1984 0.69551638613861
1986 0.69553554455446
1987 0.69554731683168
1988 0.69555684158416
1989 0.69557896039604
1990 0.69558354455446
1991 0.69561346534653
1992 0.6956149009901
1994 0.69563526732673
1995 0.69564198019802
1996 0.69566246534653
1997 0.6956835049505
1998 0.69571566336634
1999 0.69574753465347
2000 0.69575883168317
2001 0.69576607920792
2002 0.69576806930693
2005 0.6957910990099
2008 0.69579685148515
2009 0.69581572277228
2010 0.69582532673267
2011 0.69584922772277
2012 0.69587151485149
2013 0.69587448514851
2014 0.69587566336634
2015 0.6958821980198
2016 0.69591743564356
2017 0.6959620990099
2019 0.69599208910891
2020 0.69601684158416
2021 0.69602727722772
2022 0.69604042574257
2023 0.6960574950495
2024 0.69606766336634
2025 0.69607296039604
2026 0.69607724752475
2027 0.69608047524752
2028 0.69609833663366
2029 0.69610010891089
2030 0.69611334653465
2031 0.69611777227723
2032 0.69613645544554
2033 0.69613834653465
2034 0.69615251485149
2037 0.69617411881188
2038 0.69619207920792
2039 0.69620086138614
2040 0.6962274950495
2042 0.6962359009901
2044 0.69625389108911
2045 0.69626806930693
2046 0.69628374257426
2047 0.69629146534653
2048 0.69630728712871
2049 0.69630936633663
2050 0.69632995049505
2051 0.69634250495049
2052 0.69634584158416
2053 0.69636418811881
2054 0.69637002970297
2055 0.69638698019802
2056 0.69639455445545
2057 0.69641775247525
2058 0.69644986138614
2059 0.69647850495049
2060 0.69652194059406
2061 0.69653488118812
2062 0.69655514851485
2063 0.696568
2065 0.69657412871287
2066 0.69657900990099
2067 0.69660761386139
2068 0.69664224752475
2069 0.69665193069307
2071 0.69666972277228
2072 0.69669965346535
2074 0.69672204950495
2075 0.6967362970297
2076 0.69673697029703
2077 0.69675936633663
2078 0.69680362376238
2079 0.69682578217822
2080 0.69687969306931
2081 0.69690722772277
2082 0.69690827722772
2083 0.69691055445545
2084 0.69693341584158
2085 0.69693769306931
2087 0.69694192079208
2088 0.69694317821782
2089 0.69695850495049
2090 0.69697585148515
2091 0.69700306930693
2092 0.69701300990099
2093 0.69703924752475
2094 0.69704899009901
2095 0.69705157425743
2096 0.6970593960396
2097 0.6970612970297
2098 0.69706661386139
2099 0.69707494059406
2100 0.6970857029703
2101 0.69709622772277
2102 0.69709771287129
2103 0.69711097029703
2105 0.69712604950495
2106 0.69713031683168
2107 0.69715758415842
2108 0.69718076237624
2109 0.69718274257426
2110 0.69718955445545
2111 0.69720978217822
2112 0.69722741584158
2113 0.69723105940594
2114 0.69726411881188
2115 0.69731306930693
2116 0.69733473267327
2117 0.69734102970297
2118 0.69734847524752
2119 0.6973517029703
2120 0.69735362376238
2121 0.69735563366337
2123 0.6973652970297
2124 0.69736789108911
2125 0.69740366336634
2126 0.69740701980198
2127 0.69743045544554
2129 0.69746403960396
2131 0.69746452475248
2132 0.69747053465347
2133 0.69748596039604
2135 0.69749840594059
2136 0.69751237623762
2137 0.69752123762376
2138 0.69752492079208
2139 0.69753312871287
2140 0.69753949504951
2142 0.69755835643564
2143 0.69758954455446
2144 0.69759399009901
2145 0.69762013861386
2146 0.69762138613861
2147 0.69763946534653
2148 0.6976651980198
2149 0.69766669306931
2150 0.69769186138614
2151 0.69770032673267
2152 0.69770924752475
2153 0.69772330693069
2154 0.6977518019802
2155 0.69776589108911
2156 0.69780483168317
2157 0.69781811881188
2158 0.6978275049505
2159 0.69782957425743
2160 0.69785604950495
2161 0.697861
2163 0.69786269306931
2164 0.69786616831683
2166 0.69787623762376
2167 0.69788965346535
2169 0.69790465346535
2170 0.69791095049505
2171 0.69792122772277
2172 0.69792891089109
2173 0.6979309009901
2174 0.69794371287129
2175 0.69795730693069
2176 0.69796186138614
2178 0.69801435643564
2179 0.6980210990099
2180 0.6980339009901
2181 0.6980387029703
2182 0.69806241584158
2183 0.69806263366337
2184 0.69807417821782
2185 0.69809015841584
2186 0.69809825742574
2187 0.69812464356436
2188 0.69812554455446
2189 0.69812771287129
2191 0.69815574257426
2192 0.69815978217822
2193 0.69817395049505
2194 0.69820385148515
2195 0.69823215841584
2197 0.69826052475248
2198 0.69828362376238
2199 0.6983071980198
2200 0.6983349009901
2202 0.6983416039604
2203 0.6983597029703
2204 0.6983667029703
2205 0.69837640594059
2206 0.69841834653465
2207 0.69843420792079
2208 0.69844663366337
2209 0.69845153465347
2210 0.69850047524753
2211 0.69850905940594
2212 0.69850910891089
2213 0.69852982178218
2214 0.6985561980198
2215 0.69858269306931
2216 0.69859300990099
2217 0.69861713861386
2218 0.69862858415842
2219 0.69865754455446
2221 0.69869187128713
2222 0.69869771287129
2223 0.69872036633663
2224 0.69873255445545
2225 0.69874445544554
2226 0.69875210891089
2227 0.69879368316832
2228 0.69880335643564
2229 0.69883057425743
2231 0.69884376237624
2232 0.69885900990099
2234 0.69887174257426
2235 0.69887730693069
2238 0.69889833663366
2239 0.69891566336634
2241 0.69894730693069
2242 0.69895647524752
2244 0.69895716831683
2245 0.69897034653465
2246 0.69898799009901
2248 0.6989912970297
2249 0.69902015841584
2251 0.69904298019802
2252 0.69906874257426
2253 0.69907189108911
2254 0.69908703960396
2256 0.69910118811881
2257 0.69910520792079
2259 0.69912622772277
2260 0.69914987128713
2261 0.69915520792079
2263 0.69918494059406
2264 0.6991932970297
2265 0.69919831683168
2267 0.69920897029703
2268 0.69924279207921
2269 0.69927202970297
2270 0.69927894059406
2271 0.6993049009901
2272 0.69931669306931
2273 0.69933745544554
2274 0.69933867326733
2275 0.69935193069307
2277 0.69936400990099
2279 0.69936953465347
2280 0.69938393069307
2281 0.69940718811881
2282 0.69940940594059
2284 0.69941420792079
2285 0.69943607920792
2286 0.6994471980198
2287 0.69946687128713
2288 0.69947388118812
2289 0.69947841584158
2290 0.69949612871287
2291 0.69950933663366
2292 0.69956198019802
2293 0.69956541584158
2294 0.69957082178218
2295 0.69957264356436
2296 0.69957473267327
2298 0.69958707920792
2299 0.69960249504951
2300 0.6996044950495
2301 0.69960913861386
2302 0.6996152970297
2303 0.69962196039604
2304 0.69962305940594
2305 0.69963336633663
2306 0.6996523960396
2307 0.69966720792079
2309 0.69966810891089
2310 0.69968817821782
2311 0.69972711881188
2312 0.69972883168317
2313 0.69973607920792
2314 0.69974650495049
2315 0.69975527722772
2316 0.69976865346535
2317 0.69978996039604
2318 0.69979447524752
2319 0.69979742574257
2320 0.69981031683168
2321 0.69981886138614
2322 0.69982936633663
2323 0.69985625742574
2324 0.69987166336634
2327 0.69987306930693
2328 0.69991259405941
2331 0.6999170990099
2332 0.69994312871287
2333 0.69994378217822
2334 0.69995342574257
2335 0.69995764356436
2336 0.69996162376238
2337 0.69997116831683
2338 0.69997716831683
2340 0.6999814950495
2341 0.69998569306931
2343 0.69999844554455
2344 0.70002511881188
2345 0.70004498019802
2346 0.70007272277228
2347 0.70007524752475
2348 0.70009168316832
2349 0.70010978217822
2350 0.70011753465347
2352 0.7001332970297
2353 0.70016704950495
2354 0.70018207920792
2356 0.70019099009901
2357 0.70020461386139
2358 0.70022257425743
2359 0.7002279009901
2360 0.70022933663366
2361 0.70023087128713
2362 0.70023995049505
2363 0.70024262376238
2367 0.70025825742574
2369 0.70028349504951
2370 0.70029120792079
2373 0.70029832673267
2374 0.70030022772277
2376 0.70031482178218
2377 0.70032795049505
2379 0.70033085148515
2380 0.70033161386139
2381 0.7003339009901
2382 0.70034648514851
2383 0.7003603960396
2384 0.70039077227723
2385 0.7003924950495
2386 0.70042072277228
2387 0.70042085148515
2389 0.70043526732673
2390 0.70044338613861
2391 0.70046334653465
2392 0.70050245544554
2393 0.70051026732673
2395 0.70051959405941
2396 0.70053213861386
2397 0.70056313861386
2398 0.70056498019802
2399 0.70058318811881
2400 0.70059372277228
2402 0.70059788118812
2404 0.70060097029703
2405 0.70060269306931
2406 0.70060468316832
2407 0.70061169306931
2408 0.7006380990099
2409 0.70063823762376
2411 0.70065142574257
2412 0.700671
2415 0.70067653465347
2416 0.70067765346535
2417 0.70067937623762
2418 0.7006823960396
2419 0.70069324752475
2420 0.70071736633663
2421 0.70073064356436
2422 0.7007406039604
2426 0.70074941584158
2427 0.70076188118812
2428 0.70080908910891
2429 0.70083078217822
2432 0.70083330693069
2433 0.70086833663366
2434 0.70090030693069
2435 0.70090330693069
2436 0.70097716831683
2437 0.70097895049505
2438 0.7009815049505
2439 0.70099652475248
2440 0.70100140594059
2441 0.70101073267327
2442 0.70101273267327
2443 0.70102149504951
2444 0.70103315841584
2445 0.70103652475248
2447 0.70104596039604
2448 0.70105969306931
2449 0.70106413861386
2450 0.70106823762376
2451 0.70108379207921
2452 0.70108985148515
2453 0.70109182178218
2454 0.70110351485149
2455 0.70111633663366
2456 0.70116414851485
2457 0.70117448514852
2458 0.70117779207921
2459 0.70118255445545
2461 0.70118737623762
2462 0.70120273267327
2463 0.70120710891089
2464 0.70122679207921
2465 0.70123045544554
2466 0.70123052475248
2467 0.7012368019802
2470 0.70127610891089
2471 0.70129132673267
2472 0.70129872277228
2473 0.70133931683168
2475 0.70134212871287
2476 0.70134501980198
2477 0.70134671287129
2478 0.70134825742574
2479 0.7013492970297
2480 0.70135516831683
2482 0.70137559405941
2483 0.70138193069307
2484 0.70140052475248
2485 0.7014102970297
2486 0.70144049504951
2487 0.7014447029703
2488 0.70148179207921
2489 0.70149634653465
2491 0.70151010891089
2493 0.70151264356436
2494 0.70152804950495
2495 0.70153265346535
2496 0.70154311881188
2497 0.70154534653465
2498 0.7015721980198
2499 0.70159034653465
2500 0.70161307920792
2502 0.70163933663366
2503 0.70165508910891
2506 0.70165725742574
2507 0.70165803960396
2508 0.70166163366337
2510 0.70166847524752
2511 0.701671
2513 0.70168994059406
2514 0.70169656435644
2515 0.70172023762376
2516 0.70176546534653
2517 0.70177722772277
2518 0.70178297029703
2520 0.70180017821782
2521 0.70181258415842
2522 0.70182635643564
2523 0.70183796039604
2524 0.70184196039604
2526 0.70185140594059
2529 0.70185674257426
2530 0.70186514851485
2532 0.70188794059406
2534 0.70189505940594
2535 0.70190434653465
2536 0.70191543564356
2540 0.70191934653465
2545 0.70192175247525
2548 0.70193594059406
2550 0.70193653465347
2551 0.70193673267327
2552 0.70194116831683
2553 0.70196664356436
2554 0.70197499009901
2555 0.70198877227723
2556 0.70201101980198
2557 0.70204682178218
2558 0.70205373267327
2559 0.70205694059406
2560 0.70206113861386
2561 0.70207965346535
2563 0.70208951485149
2564 0.70209152475248
2565 0.70210716831683
2566 0.70210821782178
2567 0.70210948514851
2568 0.70212347524752
2569 0.70215996039604
2570 0.702175
2571 0.70218774257426
2573 0.70219941584158
2574 0.70220268316832
2575 0.70221142574257
2576 0.70222299009901
2577 0.70223861386139
2578 0.70225636633663
2582 0.70228502970297
2583 0.70229405940594
2584 0.70231394059406
2585 0.70232857425743
2586 0.7023305049505
2587 0.70233328712871
2588 0.70233372277228
2589 0.70236153465347
2591 0.70236753465347
2593 0.70237547524752
2595 0.70238592079208
2596 0.70239537623762
2597 0.70240218811881
2599 0.70241343564356
2600 0.70241653465347
2601 0.70243904950495
2602 0.70248138613861
2605 0.70248669306931
2606 0.70249245544554
2607 0.70250604950495
2608 0.70251058415842
2609 0.7025131980198
2611 0.70251575247525
2612 0.70251983168317
2614 0.70253266336634
2615 0.70255998019802
2616 0.70256707920792
2617 0.70257647524752
2618 0.70258366336634
2619 0.70261173267327
2620 0.70263049504951
2621 0.70263193069307
2622 0.70263430693069
2623 0.70263856435644
2625 0.70264295049505
2626 0.70265931683168
2627 0.70266157425743
2628 0.70267915841584
2629 0.70268265346535
2630 0.70269564356436
2631 0.7027120990099
2633 0.70271274257426
2634 0.70272342574257
2635 0.7027325049505
2636 0.70275188118812
2637 0.70275295049505
2638 0.70277246534654
2640 0.70278300990099
2641 0.70279772277228
2642 0.70279891089109
2644 0.70280086138614
2645 0.70280667326733
2646 0.70280991089109
2647 0.70281532673267
2650 0.70283791089109
2653 0.70284443564356
2655 0.70285216831683
2656 0.70289444554455
2657 0.70289873267327
2659 0.70290272277228
2660 0.70292082178218
2664 0.70293771287129
2665 0.70294208910891
2666 0.7029431980198
2667 0.70294531683168
2668 0.70295047524753
2669 0.70295096039604
2670 0.70295837623762
2673 0.70296959405941
2674 0.70297978217822
2676 0.70299208910891
2677 0.70299251485149
2680 0.70299471287129
2681 0.70299477227723
2682 0.70303485148515
2683 0.70303953465347
2685 0.70304821782178
2687 0.70307007920792
2688 0.70310685148515
2690 0.70310953465347
2691 0.70311437623762
2692 0.70313916831683
2693 0.70314001980198
2694 0.70314661386139
2697 0.70315321782178
2699 0.70315454455446
2700 0.70316303960396
2701 0.70316879207921
2702 0.70319138613861
2703 0.70319578217822
2704 0.70319789108911
2706 0.70319941584158
2707 0.70321355445545
2708 0.7032351980198
2710 0.70323777227723
2712 0.70326614851485
2714 0.70326806930693
2715 0.70328128712871
2716 0.70328699009901
2717 0.70329234653465
2718 0.70329394059406
2719 0.70329904950495
2720 0.7033516039604
2722 0.70335545544554
2724 0.7033647029703
2725 0.7033772970297
2726 0.70338018811881
2728 0.70338032673267
2731 0.70341177227723
2732 0.70341936633663
2733 0.70342563366337
2734 0.70342572277228
2735 0.70343075247525
2736 0.70343448514852
2737 0.70346787128713
2738 0.70347474257426
2742 0.70350559405941
2743 0.70351518811881
2744 0.70352716831683
2745 0.70352825742574
2747 0.70353541584158
2750 0.70354705940594
2751 0.70355759405941
2752 0.70356522772277
2753 0.70356989108911
2754 0.70357020792079
2755 0.70357274257426
2757 0.70357969306931
2760 0.70360910891089
2761 0.70362172277228
2762 0.70362581188119
2764 0.70362810891089
2766 0.7036366039604
2767 0.70364162376238
2769 0.70365012871287
2770 0.70366241584158
2771 0.70367492079208
2772 0.7036822970297
2773 0.70368498019802
2774 0.70368759405941
2775 0.70368855445545
2776 0.70369285148515
2777 0.70370169306931
2778 0.70371972277228
2779 0.70372889108911
2781 0.70373037623762
2782 0.70374448514851
2783 0.70375922772277
2784 0.70377123762376
2785 0.70378991089109
2786 0.70379854455446
2787 0.70382071287129
2788 0.70382196039604
2789 0.70382223762376
2791 0.70382236633663
2792 0.70384094059406
2794 0.70385691089109
2797 0.7038750990099
2798 0.70388605940594
2801 0.7038863960396
2804 0.70389445544554
2809 0.70390731683168
2810 0.7039183960396
2811 0.70392100990099
2812 0.70394257425743
2814 0.70395101980198
2815 0.70396147524753
2816 0.70396658415842
2817 0.70399707920792
2818 0.70401837623762
2820 0.70402925742574
2821 0.70403272277228
2822 0.70405028712871
2823 0.70405113861386
2825 0.70406158415842
2826 0.70406216831683
2827 0.70408268316832
2828 0.70409021782178
2829 0.70410971287129
2830 0.70412737623762
2831 0.70412915841584
2833 0.70413920792079
2834 0.70414142574257
2835 0.70415015841584
2836 0.70415186138614
2837 0.70416584158416
2839 0.70416982178218
2840 0.70417143564356
2841 0.70417830693069
2843 0.70418107920792
2846 0.7041939009901
2848 0.70420268316832
2849 0.70422666336634
2852 0.70423364356436
2856 0.70424376237624
2857 0.70424464356436
2860 0.7042473960396
2862 0.70425755445545
2863 0.70426879207921
2864 0.70429813861386
2868 0.7043105049505
2870 0.70431947524752
2871 0.70432567326733
2872 0.70433996039604
2873 0.70435723762376
2875 0.70435765346535
2877 0.70436408910891
2878 0.70437369306931
2879 0.70437866336634
2880 0.70438091089109
2881 0.70438778217822
2883 0.70438869306931
2886 0.70439659405941
2889 0.70441944554455
2891 0.7044371980198
2893 0.70444328712871
2894 0.70445088118812
2895 0.70445754455446
2899 0.70445826732673
2901 0.70446468316832
2904 0.70448302970297
2905 0.70449426732673
2906 0.7044973960396
2908 0.70451018811881
2910 0.70455959405941
2911 0.70456794059406
2912 0.7045728019802
2915 0.70457416831683
2916 0.70459658415842
2918 0.70459702970297
2919 0.70460835643564
2921 0.70461816831683
2923 0.70462843564356
2924 0.70462977227723
2925 0.70463216831683
2926 0.70463897029703
2927 0.70465522772277
2928 0.70466476237624
2929 0.70466541584158
2930 0.70468835643564
2931 0.70469283168317
2932 0.70470503960396
2933 0.70470613861386
2934 0.70471587128713
2935 0.70472882178218
2937 0.70475289108911
2939 0.70476417821782
2940 0.70478105940594
2941 0.70482337623762
2942 0.70483825742574
2944 0.70483982178218
2945 0.70485115841584
2946 0.70485581188119
2947 0.70486082178218
2948 0.70486881188119
2949 0.70487658415842
2952 0.70488037623762
2953 0.70488508910891
2954 0.70488674257426
2955 0.70489546534653
2957 0.70490053465347
2959 0.70490563366337
2960 0.70490643564356
2961 0.70491131683168
2963 0.70491475247525
2966 0.70492025742574
2967 0.70493634653465
2969 0.70493778217822
2970 0.70496072277228
2971 0.70496566336634
2972 0.70498028712871
2976 0.70498696039604
2977 0.70502762376238
2980 0.70503467326733
2981 0.70504717821782
2983 0.7050756039604
2985 0.7050770990099
2986 0.70509603960396
2990 0.70509640594059
2991 0.70510985148515
2993 0.70511113861386
2995 0.70511151485149
2997 0.70512047524752
2998 0.70512261386139
2999 0.70513485148515
3000 0.7051405049505
3001 0.70515187128713
3002 0.70515925742574
3005 0.70517982178218
3006 0.70518197029703
3008 0.70519598019802
3011 0.70520074257426
3012 0.7052083960396
3013 0.70526204950495
3014 0.70527142574257
3016 0.70527198019802
3017 0.70529123762376
3019 0.70529916831683
3021 0.70530925742574
3024 0.70533224752475
3025 0.70533232673267
3026 0.70533767326733
3027 0.70535398019802
3029 0.70536110891089
3032 0.70537218811881
3033 0.70537781188119
3035 0.70537837623762
3037 0.70539561386139
3038 0.7054547029703
3039 0.70546364356436
3040 0.70548746534653
3041 0.70549522772277
3042 0.70549856435644
3045 0.70550301980198
3046 0.70550928712871
3049 0.70552546534653
3053 0.7055296039604
3057 0.70554376237624
3059 0.70554917821782
3061 0.70555565346535
3063 0.70556608910891
3065 0.70557042574257
3066 0.70558420792079
3068 0.7055849009901
3070 0.70561310891089
3071 0.70561520792079
3076 0.70563169306931
3077 0.70565493069307
3078 0.70566596039604
3079 0.70567252475248
3080 0.70568907920792
3082 0.70569835643564
3084 0.705705
3088 0.70572175247525
3089 0.70572354455446
3091 0.70572543564356
3092 0.70574136633663
3094 0.70574700990099
3095 0.70575661386139
3097 0.70576651485149
3098 0.70577063366337
3099 0.70579307920792
3100 0.70580682178218
3101 0.70581215841584
3102 0.70582802970297
3104 0.70583095049505
3105 0.7058321980198
3107 0.70586240594059
3112 0.70586887128713
3114 0.70586964356436
3116 0.70587463366337
3118 0.70587713861386
3120 0.70590501980198
3124 0.70592217821782
3127 0.70593203960396
3128 0.7059345049505
3129 0.70594275247525
3130 0.70595268316832
3131 0.70596446534653
3132 0.70596793069307
3133 0.70597696039604
3137 0.70599511881188
3138 0.70600288118812
3140 0.7060130990099
3141 0.70601501980198
3142 0.70604607920792
3144 0.70605043564356
3145 0.70605391089109
3147 0.70605531683168
3148 0.70605938613861
3149 0.70606130693069
3150 0.70607404950495
3151 0.70607688118812
3156 0.70608159405941
3157 0.70610887128713
3158 0.70611854455446
3159 0.7061196039604
3160 0.706121
3161 0.70612861386139
3164 0.70615153465347
3166 0.70616176237624
3167 0.70618457425743
3168 0.70619517821782
3169 0.70619798019802
3172 0.70620300990099
3174 0.70620852475248
3177 0.70624646534653
3178 0.70625586138614
3179 0.70625823762376
3180 0.70626135643564
3181 0.70626208910891
3182 0.70626627722772
3185 0.706288
3186 0.70629816831683
3187 0.70630530693069
3188 0.70630801980198
3189 0.70632167326733
3191 0.70632542574257
3192 0.70635297029703
3193 0.70637316831683
3194 0.70637797029703
3195 0.70638747524752
3196 0.70639852475248
3197 0.70640287128713
3198 0.70640958415842
3199 0.7064121980198
3200 0.70641597029703
3201 0.70641869306931
3202 0.7064363960396
3203 0.70645218811881
3204 0.70645582178218
3207 0.70647753465347
3208 0.70648716831683
3209 0.7064894950495
3210 0.70649452475248
3211 0.70650543564356
3212 0.70651346534653
3213 0.70651407920792
3214 0.70651889108911
3216 0.7065227029703
3217 0.70652963366337
3218 0.70653061386139
3220 0.7065378019802
3221 0.70655867326733
3224 0.7065661980198
3226 0.70657401980198
3231 0.70659191089109
3235 0.70659503960396
3236 0.70659678217822
3237 0.70660856435644
3238 0.70662017821782
3240 0.70662274257426
3241 0.70662331683168
3243 0.7066343960396
3245 0.70664913861386
3246 0.70665618811881
3247 0.70666593069307
3250 0.70668177227723
3251 0.70668246534653
3252 0.70668357425743
3254 0.70668744554455
3255 0.70668886138614
3257 0.7067003960396
3258 0.70671575247525
3259 0.706736
3260 0.70674821782178
3261 0.7067546039604
3262 0.70676702970297
3263 0.70678058415842
3264 0.70678238613861
3265 0.70679163366337
3266 0.70680114851485
3267 0.70683868316832
3268 0.70684196039604
3269 0.70685091089109
3270 0.70685816831683
3271 0.70686891089109
3273 0.70686973267327
3275 0.70687557425743
3277 0.70688049504951
3279 0.7068853960396
3280 0.70689134653465
3282 0.70689453465347
3283 0.70690451485149
3284 0.70690716831683
3286 0.70691199009901
3287 0.70691759405941
3288 0.70691954455446
3291 0.70692115841584
3296 0.70693788118812
3297 0.70694189108911
3303 0.70694291089109
3304 0.70696773267327
3305 0.70697887128713
3307 0.70699159405941
3311 0.70699312871287
3313 0.7069941980198
3316 0.70700659405941
3319 0.70700895049505
3320 0.70701507920792
3321 0.70702905940594
3322 0.70703651485149
3323 0.70704144554455
3325 0.7070433960396
3327 0.7070482970297
3328 0.70705227722772
3333 0.70705874257426
3334 0.70710511881188
3339 0.70713198019802
3340 0.70715803960396
3342 0.70716025742574
3344 0.70717346534653
3345 0.70719561386139
3346 0.7072177029703
3348 0.70721868316832
3349 0.70722636633663
3351 0.70723273267327
3352 0.70724123762376
3353 0.70724886138614
3354 0.70725562376238
3355 0.70726317821782
3356 0.70727336633663
3357 0.70728273267327
3358 0.70729738613861
3360 0.70733100990099
3362 0.70733425742574
3363 0.7073399009901
3364 0.70734412871287
3365 0.7073516039604
3366 0.70735586138614
3367 0.70737748514851
3368 0.70738896039604
3371 0.7073911980198
3372 0.70742279207921
3376 0.70744353465347
3377 0.70746230693069
3378 0.70746310891089
3379 0.7074841980198
3381 0.70748497029703
3382 0.70748802970297
3383 0.70749997029703
3384 0.70750741584158
3385 0.70750847524752
3387 0.70750888118812
3389 0.70752352475248
3391 0.70752511881188
3394 0.70753908910891
3396 0.70754065346535
3400 0.70754482178218
3401 0.70755563366337
3403 0.70755763366337
3404 0.70756576237624
3405 0.70756797029703
3407 0.70758031683168
3414 0.70759299009901
3417 0.70760464356436
3420 0.70761534653465
3421 0.70762011881188
3422 0.70763567326733
3424 0.70763824752475
3425 0.7076416039604
3426 0.7076429009901
3428 0.70765883168317
3429 0.70768730693069
3432 0.70769196039604
3433 0.70769234653465
3436 0.70769766336634
3439 0.70770455445545
3440 0.7077152970297
3441 0.70772689108911
3444 0.70773400990099
3447 0.70774084158416
3448 0.70774330693069
3449 0.70775400990099
3452 0.7077558019802
3453 0.70775830693069
3454 0.70776625742574
3463 0.70777436633663
3464 0.70778840594059
3465 0.70779295049505
3466 0.70779444554455
3469 0.70779498019802
3472 0.70781176237624
3473 0.70781593069307
3474 0.70781748514851
3475 0.70782242574257
3481 0.70785002970297
3482 0.70786176237624
3483 0.70788712871287
3484 0.70788953465347
3485 0.70790737623762
3486 0.70791411881188
3490 0.70792187128713
3491 0.70793048514851
3492 0.70793376237624
3493 0.70794054455446
3494 0.70796505940594
3498 0.70797282178218
3499 0.707973
3500 0.70798528712871
3501 0.70798732673267
3505 0.70799538613861
3507 0.70800348514851
3508 0.7080112970297
3513 0.70801918811881
3519 0.70802631683168
3520 0.70803016831683
3521 0.70803423762376
3523 0.70803676237624
3524 0.70803736633663
3526 0.70804573267327
3527 0.7080571980198
3529 0.70805888118812
3530 0.70807653465347
3531 0.70809134653465
3532 0.70809321782178
3534 0.70810169306931
3535 0.70810302970297
3536 0.70811892079208
3537 0.70812903960396
3540 0.708131
3542 0.70814431683168
3543 0.7081443960396
3545 0.70814810891089
3547 0.70815668316832
3548 0.70816340594059
3551 0.70817233663366
3553 0.70818865346535
3554 0.70819526732673
3558 0.70820069306931
3562 0.7082023960396
3564 0.70820685148515
3567 0.70821105940594
3568 0.70821847524752
3571 0.70823506930693
3573 0.70823881188119
3577 0.70826012871287
3579 0.70827515841584
3582 0.70827926732673
3583 0.70828481188119
3584 0.70828565346535
3585 0.70828816831683
3587 0.7082893960396
3588 0.70830620792079
3589 0.70832201980198
3590 0.70832991089109
3592 0.70834461386139
3597 0.70834558415842
3599 0.70836131683168
3602 0.70836524752475
3603 0.70837228712871
3605 0.70839363366337
3606 0.70839608910891
3608 0.7084144950495
3609 0.70842096039604
3611 0.70842687128713
3613 0.708435
3615 0.70844854455446
3616 0.70845144554455
3618 0.7084602970297
3620 0.70846117821782
3626 0.70846553465347
3631 0.70848423762376
3634 0.70848595049505
3636 0.70850311881188
3638 0.70850342574257
3642 0.70850501980198
3646 0.70852147524752
3647 0.70853596039604
3650 0.70854279207921
3651 0.70854536633663
3652 0.70854774257426
3653 0.70856041584158
3656 0.70857356435644
3658 0.70858668316832
3659 0.70858773267327
3660 0.70858828712871
3662 0.70860173267327
3663 0.70860428712871
3666 0.70860527722772
3667 0.7086102970297
3671 0.7086195049505
3672 0.70862354455446
3673 0.70865075247525
3674 0.70865202970297
3679 0.70865249504951
3681 0.70865268316832
3682 0.70866011881188
3683 0.70866346534653
3685 0.70867783168317
3686 0.70869531683168
3689 0.70871566336634
3690 0.70871601980198
3691 0.70872007920792
3693 0.70872877227723
3694 0.70874691089109
3699 0.70876181188119
3700 0.7087866039604
3702 0.70878916831683
3705 0.70878981188119
3706 0.70880842574257
3707 0.70880976237624
3708 0.70882541584158
3710 0.70883013861386
3711 0.70883078217822
3716 0.70885242574257
3718 0.70885768316832
3720 0.70886123762376
3721 0.70886376237624
3723 0.7088650990099
3725 0.70887912871287
3732 0.70889683168317
3733 0.70894789108911
3735 0.70896220792079
3738 0.7089669009901
3739 0.70896957425743
3742 0.70896959405941
3747 0.70897524752475
3752 0.70897684158416
3754 0.70897782178218
3759 0.7089907029703
3761 0.70899118811881
3765 0.70899807920792
3770 0.70900293069307
3772 0.70900873267327
3776 0.70902656435644
3777 0.70903188118812
3779 0.70903511881188
3780 0.70904751485148
3782 0.70906873267327
3786 0.70907644554455
3787 0.70908350495049
3788 0.70908437623762
3789 0.70908989108911
3793 0.709095
3795 0.70909540594059
3798 0.7090983960396
3801 0.70910481188119
3803 0.70912358415842
3806 0.70914314851485
3808 0.70914664356436
3809 0.70914693069307
3810 0.70915892079208
3811 0.70916022772277
3813 0.70916211881188
3814 0.70916591089109
3817 0.70917892079208
3818 0.70919152475248
3819 0.70919598019802
3822 0.70921364356436
3824 0.70921431683168
3825 0.70921577227723
3829 0.70921844554455
3830 0.7092204950495
3831 0.70922448514851
3832 0.70923355445545
3838 0.70924100990099
3839 0.7092425049505
3841 0.70925235643564
3843 0.7092730990099
3844 0.70927496039604
3845 0.70927593069307
3848 0.70928763366337
3849 0.70929966336634
3851 0.70929982178218
3853 0.70930234653465
3854 0.70931210891089
3858 0.70931674257426
3861 0.70932120792079
3862 0.70933003960396
3866 0.7093341980198
3870 0.70934893069307
3874 0.70935053465347
3875 0.70935661386139
3879 0.70937143564356
3883 0.70937840594059
3887 0.70938994059406
3890 0.70939245544554
3892 0.70940542574257
3894 0.70940669306931
3896 0.70941644554455
3898 0.70942205940594
3899 0.70942493069307
3907 0.70943236633663
3909 0.70945684158416
3911 0.70946403960396
3912 0.70947304950495
3913 0.70948731683168
3915 0.70950189108911
3920 0.70950677227723
3921 0.70951991089109
3922 0.70952410891089
3923 0.70952576237624
3924 0.70953038613861
3925 0.70953466336634
3931 0.70953557425743
3933 0.70954771287129
3939 0.70955095049505
3944 0.70955476237624
3946 0.70956541584158
3947 0.70957534653465
3948 0.70958326732673
3950 0.70959868316832
3951 0.70960307920792
3952 0.70960714851485
3954 0.70960907920792
3958 0.70962337623762
3967 0.70962668316832
3970 0.70963101980198
3971 0.70963358415842
3974 0.70964686138614
3977 0.70965295049505
3978 0.70967555445545
3979 0.70968085148515
3980 0.70968369306931
3986 0.70968491089109
3989 0.70969289108911
3990 0.70969604950495
3992 0.70969638613861
3993 0.70969656435644
3994 0.7097125049505
3995 0.70971257425743
3996 0.70971787128713
3999 0.70974667326733
4001 0.70975092079208
4002 0.70976318811881
4005 0.70978063366337
4006 0.70978274257426
4008 0.70979025742574
4010 0.70979634653465
4012 0.70979782178218
4013 0.70980206930693
4014 0.70981346534653
4018 0.70981546534653
4019 0.70981842574257
4021 0.70981846534653
4022 0.70982993069307
4030 0.70983455445545
4031 0.70985077227723
4032 0.70985563366337
4035 0.70986196039604
4037 0.70986251485149
4038 0.70986620792079
4040 0.70986801980198
4042 0.70988641584158
4045 0.70990205940594
4047 0.70990822772277
4054 0.7099267029703
4061 0.70993537623762
4066 0.70993918811881
4067 0.70994084158416
4070 0.70994098019802
4074 0.70994163366337
4076 0.7099449009901
4078 0.70995115841584
4083 0.70995554455446
4084 0.70998998019802
4087 0.70999595049505
4089 0.70999764356436
4090 0.71000026732673
4092 0.71000327722772
4093 0.7100062970297
4098 0.710009
4099 0.71001803960396
4100 0.71001915841584
4101 0.71002387128713
4104 0.71002500990099
4106 0.71003217821782
4111 0.71004775247525
4112 0.7100576039604
4117 0.71005941584158
4118 0.71008816831683
4119 0.71009222772277
4120 0.71009578217822
4121 0.71010965346535
4122 0.71011194059406
4125 0.71011846534653
4132 0.7101295049505
4135 0.71014002970297
4136 0.71014386138614
4138 0.71014657425743
4139 0.71014897029703
4140 0.71014978217822
4143 0.71015174257426
4144 0.71015571287129
4146 0.71016217821782
4150 0.71016447524753
4151 0.71017427722772
4152 0.71018979207921
4157 0.7101910990099
4159 0.71019914851485
4163 0.71020072277228
4164 0.71020330693069
4166 0.71021230693069
4167 0.71021286138614
4169 0.71021461386139
4170 0.71024092079208
4171 0.71024335643564
4173 0.71025218811881
4176 0.71025698019802
4178 0.71026966336634
4182 0.71027148514851
4183 0.71027272277228
4184 0.71027578217822
4185 0.71027594059406
4187 0.71027642574257
4189 0.71028711881188
4190 0.71029700990099
4191 0.71030145544554
4192 0.71030510891089
4194 0.71033222772277
4196 0.7103327029703
4201 0.710336
4204 0.71033955445545
4206 0.71034379207921
4211 0.71034858415842
4212 0.71035903960396
4213 0.71037058415842
4216 0.71037395049505
4219 0.7103853960396
4221 0.71038699009901
4222 0.71039393069307
4223 0.71039866336634
4225 0.71040543564356
4227 0.71041674257426
4228 0.71043393069307
4230 0.71044559405941
4232 0.71045055445545
4234 0.71047969306931
4240 0.71048334653465
4241 0.71049281188119
4244 0.71049497029703
4245 0.71050033663366
4248 0.71050238613861
4253 0.71051184158416
4256 0.71051469306931
4258 0.71051741584158
4262 0.71051866336634
4266 0.71052169306931
4268 0.7105271980198
4269 0.71052724752475
4270 0.71052895049505
4273 0.7105367029703
4276 0.71054903960396
4279 0.71055104950495
4280 0.71055152475247
4282 0.7105532970297
4284 0.71055622772277
4285 0.71055740594059
4286 0.71056288118812
4289 0.71057671287129
4291 0.71057976237624
4292 0.71059108910891
4301 0.71060227722772
4305 0.71060696039604
4306 0.71062320792079
4307 0.71064146534653
4310 0.71064747524752
4322 0.71066741584158
4325 0.71067145544554
4332 0.71067927722772
4334 0.71068007920792
4337 0.71069183168317
4346 0.71069374257426
4347 0.71070010891089
4348 0.71070150495049
4355 0.71070935643564
4356 0.71071286138614
4361 0.7107217029703
4362 0.7107323960396
4363 0.71073265346535
4371 0.71073286138614
4373 0.71074463366337
4375 0.71074664356436
4378 0.71076078217822
4384 0.71076230693069
4387 0.71077216831683
4391 0.71078886138614
4398 0.71080791089109
4399 0.71081135643564
4400 0.71082074257426
4401 0.71083374257426
4403 0.71083559405941
4407 0.71083645544554
4411 0.7108450990099
4412 0.7108456039604
4417 0.71084831683168
4421 0.71085131683168
4427 0.71085825742574
4429 0.71086455445545
4431 0.71087141584158
4433 0.71087307920792
4436 0.71087440594059
4438 0.71087895049505
4439 0.71087931683168
4441 0.71089513861386
4442 0.71089772277228
4449 0.71090025742574
4451 0.71090140594059
4452 0.71090395049505
4454 0.71090601980198
4456 0.71090998019802
4459 0.71091777227723
4460 0.71092266336634
4461 0.71092801980198
4466 0.71093406930693
4468 0.71093441584158
4472 0.71094617821782
4479 0.71095591089109
4480 0.71095817821782
4487 0.71096845544554
4488 0.71097010891089
4489 0.71097786138614
4492 0.71098079207921
4496 0.71099013861386
4497 0.71099910891089
4498 0.71100518811881
4499 0.71101245544554
4505 0.71101734653465
4506 0.71101944554455
4510 0.71102541584158
4515 0.71102710891089
4516 0.7110389009901
4523 0.71104122772277
4526 0.71105404950495
4529 0.7110551980198
4549 0.71105734653465
4551 0.71106055445545
4558 0.7110625049505
4559 0.71107856435644
4561 0.7110813960396
4563 0.71108600990099
4564 0.71108712871287
4567 0.71108848514851
4570 0.71109921782178
4571 0.71110310891089
4572 0.71111136633663
4573 0.71111517821782
4577 0.71111626732673
4582 0.71112066336634
4584 0.71112072277228
4588 0.71112994059406
4590 0.7111498019802
4596 0.71115077227723
4597 0.7111600990099
4601 0.71116254455446
4603 0.711167
4606 0.71117841584158
4607 0.71118630693069
4608 0.71118703960396
4609 0.7111920990099
4610 0.71119666336634
4611 0.7112050990099
4612 0.7112055049505
4614 0.71120731683168
4615 0.71121238613861
4619 0.71121283168317
4627 0.71121324752475
4631 0.71121528712871
4634 0.71122395049505
4635 0.71122712871287
4636 0.71123118811881
4638 0.71123185148515
4639 0.71123652475248
4646 0.71124066336634
4648 0.71124221782178
4651 0.71124705940594
4652 0.71125921782178
4653 0.7112842970297
4660 0.71128632673267
4662 0.71129482178218
4664 0.71129944554455
4666 0.71130704950495
4667 0.71131073267327
4672 0.71131389108911
4675 0.71131816831683
4683 0.71132215841584
4687 0.71132271287129
4695 0.71133041584158
4697 0.71135306930693
4700 0.71136025742574
4702 0.71136084158416
4704 0.71136561386139
4707 0.71136573267327
4708 0.71136686138614
4711 0.71137454455446
4712 0.71138807920792
4718 0.71138859405941
4720 0.71139418811881
4721 0.71139522772277
4730 0.7113962970297
4731 0.71140381188119
4732 0.71140452475248
4734 0.71140524752475
4736 0.71141620792079
4739 0.71142030693069
4740 0.71143007920792
4742 0.71143695049505
4745 0.71145041584158
4749 0.71146754455446
4751 0.71147330693069
4752 0.71147373267327
4754 0.7114771980198
4759 0.71147906930693
4761 0.71148383168317
4766 0.71149120792079
4773 0.71149191089109
4774 0.7115149009901
4775 0.71153447524753
4776 0.71153935643564
4784 0.71154068316832
4793 0.71154086138614
4795 0.71154913861386
4796 0.71155257425743
4797 0.71155682178218
4798 0.71156392079208
4799 0.71156513861386
4803 0.71156874257426
4820 0.71157794059406
4825 0.71157925742574
4826 0.71158134653465
4828 0.71158853465347
4831 0.71159053465347
4835 0.71159195049505
4837 0.7115960990099
4848 0.711613
4852 0.71162459405941
4853 0.71162483168317
4854 0.71163195049505
4857 0.71163584158416
4859 0.71164232673267
4870 0.71164941584158
4880 0.71165176237624
4886 0.71165452475248
4888 0.71166005940594
4890 0.7116731980198
4894 0.71168216831683
4899 0.7116911980198
4900 0.7116967029703
4904 0.71169924752475
4906 0.71170366336634
4908 0.71171027722772
4909 0.71171308910891
4910 0.71173386138614
4912 0.71174892079208
4914 0.71175717821782
4921 0.71175767326733
4923 0.71176591089109
4928 0.71176830693069
4932 0.71177431683168
4935 0.71178025742574
4941 0.71178285148515
4945 0.71179281188119
4946 0.71179383168317
4951 0.71179398019802
4955 0.7118012970297
4956 0.71180352475248
4961 0.71181788118812
4963 0.71181817821782
4965 0.71182634653465
4976 0.71183100990099
4993 0.71183771287129
4994 0.71184282178218
4996 0.71184913861386
4997 0.71185514851485
4999 0.71185578217822
5003 0.71186946534654
5009 0.71187617821782
5011 0.71188614851485
5013 0.71188669306931
5017 0.71189101980198
5022 0.71189442574257
5028 0.71191078217822
5047 0.71191246534653
5048 0.7119132970297
5051 0.71192236633663
5054 0.71192584158416
5056 0.71193013861386
5058 0.71193102970297
5062 0.71193161386139
5068 0.71193392079208
5077 0.71194091089109
5081 0.71194344554455
5088 0.71195203960396
5089 0.71196016831683
5093 0.71196127722772
5097 0.71196441584158
5099 0.71197294059406
5107 0.71197683168317
5114 0.7119843960396
5117 0.71198661386139
5131 0.71198702970297
5135 0.71199608910891
5136 0.71199755445545
5138 0.71200333663366
5142 0.71200535643564
5144 0.71201401980198
5147 0.71201948514852
5154 0.7120253960396
5164 0.71203506930693
5168 0.71205235643564
5170 0.71205721782178
5172 0.71205934653465
5173 0.71206079207921
5177 0.7120776039604
5180 0.71207801980198
5184 0.71207984158416
5185 0.71208241584158
5187 0.71209112871287
5191 0.71209849504951
5197 0.71210797029703
5199 0.71211249504951
5200 0.71211959405941
5206 0.71212200990099
5209 0.71212213861386
5211 0.7121242970297
5215 0.71212528712871
5216 0.71214962376238
5220 0.71215040594059
5224 0.71215841584158
5236 0.71216761386139
5242 0.7121678019802
5245 0.71217092079208
5246 0.71217821782178
5247 0.71218644554455
5253 0.71219628712871
5256 0.71220014851485
5259 0.71220062376238
5275 0.71220418811881
5283 0.71221603960396
5287 0.71222253465347
5289 0.71222671287129
5295 0.7122268019802
5296 0.71222982178218
5305 0.71223164356436
5308 0.71225498019802
5321 0.7122636039604
5322 0.71226649504951
5325 0.71227613861386
5334 0.71228107920792
5342 0.7122831980198
5344 0.71228802970297
5345 0.71229154455446
5347 0.71229516831683
5348 0.71229697029703
5352 0.712308
5353 0.71231351485149
5360 0.71231888118812
5364 0.7123197029703
5365 0.71234303960396
5368 0.71235259405941
5376 0.71235775247525
5392 0.71236076237624
5399 0.71236899009901
5410 0.71237201980198
5420 0.71238776237624
5422 0.71238803960396
5432 0.71239095049505
5444 0.71239328712871
5453 0.71239583168317
5460 0.71239905940594
5465 0.71240476237624
5473 0.71241451485149
5475 0.71241637623762
5497 0.71242242574257
5499 0.71242557425743
5502 0.71243391089109
5504 0.71243676237624
5515 0.71243744554455
5519 0.71243949504951
5520 0.7124401980198
5523 0.71244342574257
5524 0.71245432673267
5529 0.71245827722772
5540 0.71245921782178
5541 0.7124643960396
5545 0.71248125742574
5547 0.71248841584158
5550 0.71250282178218
5551 0.7125083960396
5556 0.71251585148515
5561 0.712516
5564 0.71251662376238
5565 0.71253056435644
5568 0.7125439009901
5572 0.71255434653465
5578 0.71255883168317
5600 0.71256471287129
5613 0.71257702970297
5615 0.71257786138614
5618 0.71258788118812
5627 0.71259133663366
5628 0.71259369306931
5632 0.71259406930693
5644 0.71259494059406
5650 0.71260810891089
5653 0.71261358415842
5657 0.71261505940594
5662 0.71261796039604
5667 0.71262400990099
5669 0.71262414851485
5680 0.7126331980198
5697 0.7126378019802
5712 0.71264041584158
5713 0.71264512871287
5730 0.71264842574257
5735 0.71265069306931
5737 0.71265853465347
5740 0.7126611980198
5752 0.7126617029703
5756 0.71266714851485
5763 0.71267003960396
5765 0.71267412871287
5769 0.71268054455446
5806 0.71268602970297
5816 0.71269143564356
5820 0.7126937029703
5849 0.71269569306931
5855 0.71270578217822
5858 0.712713
5865 0.71272035643564
5867 0.71272357425743
5877 0.71272930693069
5881 0.71273520792079
5885 0.71274069306931
5919 0.71274822772277
5926 0.71275621782178
5934 0.71275815841584
5935 0.71276124752475
5948 0.7127705049505
5959 0.71277346534654
5973 0.71278976237624
5974 0.71279946534654
5991 0.71280067326733
5995 0.71280127722772
5996 0.71280711881188
6003 0.71280810891089
6038 0.71280953465347
6069 0.71282036633663
6080 0.71282054455446
6086 0.7128357029703
6095 0.7128382970297
6100 0.71284591089109
6103 0.71285288118812
6106 0.71285677227723
6118 0.71285827722772
6129 0.71286810891089
6131 0.71287508910891
6134 0.71287752475248
6147 0.71288531683168
6157 0.71290540594059
6165 0.71292899009901
6175 0.71293004950495
6191 0.71293375247525
6205 0.71293862376238
6234 0.71294863366337
6235 0.71294925742574
6237 0.7129553960396
6246 0.71298062376238
6259 0.71298402970297
6267 0.71299613861386
6327 0.71300089108911
6334 0.71300130693069
6371 0.7130052970297
6387 0.71300988118812
6397 0.71302442574257
6423 0.71303133663366
6461 0.71303793069307
6470 0.71304261386139
6499 0.71304891089109
6511 0.7130577029703
6545 0.71305859405941
6567 0.71306015841584
6572 0.71307424752475
6586 0.71307465346535
6589 0.71307591089109
6617 0.71307824752475
6620 0.71307965346535
6628 0.7130815049505
6650 0.71308511881188
6660 0.71308786138614
6670 0.71308852475248
6690 0.71309423762376
6691 0.71310194059406
6715 0.71310525742574
6731 0.71311013861386
6742 0.71311611881188
6796 0.71311884158416
6817 0.71312566336634
6825 0.71312573267327
6826 0.71312917821782
6842 0.71313057425743
6850 0.71313640594059
6863 0.7131366039604
6865 0.71314191089109
6871 0.7131430990099
6889 0.71314854455446
6892 0.71315091089109
6899 0.71315886138614
6922 0.71316026732673
6989 0.71316145544554
6995 0.7131660990099
7005 0.71317036633663
7010 0.71318375247525
7056 0.71318992079208
7057 0.7131910990099
7067 0.7132008019802
7079 0.71320233663366
7113 0.7132058019802
7128 0.7132066039604
7137 0.7132091980198
7232 0.71320954455446
7275 0.71321774257426
7301 0.7132197029703
7324 0.71323548514852
7380 0.7132358019802
7382 0.71324000990099
7391 0.71324912871287
7448 0.7132628019802
7456 0.71326300990099
7459 0.71326530693069
7486 0.713268
7541 0.71327154455446
7602 0.71327517821782
7634 0.7132875049505
7684 0.7133076039604
7691 0.71332215841584
7720 0.71332824752475
7754 0.71332894059406
7762 0.71333224752475
7803 0.71333810891089
7832 0.71334316831683
7896 0.71334735643564
7998 0.71335168316832
8227 0.71335885148515
8229 0.71336200990099
8230 0.71336955445545
8235 0.7133707029703
8254 0.71337964356436
8259 0.7133852970297
8266 0.7133890990099
8283 0.71339356435644
8407 0.7134018019802
8498 0.71340554455446
8575 0.71340974257426
8584 0.71341840594059
8698 0.71342553465347
8714 0.71343034653465
8918 0.71343361386139
8970 0.71344181188119
9062 0.71344457425743
9239 0.7134469009901
9299 0.71345289108911
9704 0.71345546534654
9824 0.71346462376238
10002 0.71346838613861
10194 0.71347173267327
