0 0.494685
2 0.496574
3 0.497694
7 0.498104
11 0.498967
15 0.501579
16 0.503339
17 0.503731
20 0.505521
21 0.510499
23 0.511637
25 0.515595
27 0.517122
29 0.519785
33 0.522047
36 0.522237
37 0.523228
38 0.53048
43 0.532654
44 0.534294
46 0.538825
49 0.542285
51 0.546794
57 0.549932
58 0.550862
72 0.553698
75 0.554424
79 0.554933
80 0.55501
81 0.558426
83 0.56039
84 0.561028
86 0.561559
90 0.56434
91 0.565492
95 0.567634
97 0.568799
102 0.569797
103 0.571046
113 0.572908
121 0.573212
122 0.574634
124 0.575916
125 0.576826
126 0.577272
129 0.578553
132 0.579039
134 0.579158
137 0.580737
144 0.582926
146 0.583766
148 0.585096
152 0.587023
155 0.587038
161 0.587891
165 0.590371
174 0.590896
184 0.591645
185 0.593312
191 0.594687
193 0.5966
195 0.601213
207 0.602621
213 0.602826
219 0.605436
230 0.606101
231 0.606411
240 0.606639
242 0.608296
243 0.611236
246 0.612664
247 0.61324
250 0.614385
255 0.615598
257 0.615986
263 0.61631
270 0.619346
275 0.620355
276 0.62068
280 0.621307
296 0.622133
309 0.622178
316 0.623622
320 0.62433
323 0.625256
347 0.627143
354 0.627465
360 0.627622
366 0.627769
394 0.629161
395 0.630439
398 0.630745
403 0.632653
432 0.634741
442 0.636089
443 0.638015
450 0.641476
451 0.641819
472 0.641966
475 0.642123
489 0.642606
516 0.64322
570 0.64328
590 0.644282
609 0.644404
623 0.644506
626 0.646184
631 0.646994
632 0.647177
645 0.647427
668 0.647756
686 0.648327
696 0.648431
701 0.648905
710 0.649225
723 0.649816
763 0.650871
769 0.65177
789 0.65222
830 0.652449
863 0.654049
905 0.654492
912 0.654699
927 0.656573
928 0.657227
929 0.657917
931 0.660097
957 0.661883
1034 0.663595
1042 0.664347
1053 0.666007
1062 0.666408
1080 0.669043
1111 0.669204
1124 0.670232
1156 0.670579
1172 0.670978
1173 0.671188
1181 0.671837
1189 0.673195
1211 0.67331
1259 0.673617
1263 0.674711
1317 0.674717
1325 0.675148
1344 0.676184
1348 0.67751
1393 0.677701
1416 0.678351
1462 0.678444
1488 0.679622
1512 0.681104
1519 0.681903
1525 0.682003
1537 0.683071
1560 0.683191
1585 0.683381
1587 0.684114
1614 0.684987
1677 0.685056
1716 0.68696
1722 0.686997
1734 0.687898
1761 0.689985
1792 0.69005
1810 0.69037
1850 0.690372
1865 0.691112
1866 0.691702
1915 0.692092
2011 0.692105
2012 0.692309
2057 0.692377
2099 0.69249
2101 0.692506
2102 0.692656
2127 0.692891
2148 0.693722
2150 0.695518
2195 0.695848
2310 0.697233
2352 0.698297
2400 0.699221
2552 0.699643
2558 0.700127
2602 0.700563
2622 0.700753
2666 0.700865
2687 0.701419
2738 0.702113
2895 0.702143
2904 0.703534
2908 0.704731
2970 0.705892
2997 0.706273
3145 0.70642
3279 0.706915
3325 0.707112
3404 0.707289
3454 0.708092
3481 0.70884
3631 0.709854
3689 0.711374
3806 0.712479
3843 0.714574
3849 0.715067
4061 0.715943
4285 0.716062
4590 0.716437
4607 0.717234
4695 0.718012
4798 0.718729
4870 0.719445
4908 0.720113
4928 0.720355
5047 0.720525
5215 0.720625
5600 0.721219
5627 0.721568
5820 0.721797
6157 0.722021
