0 0.471747
2 0.472217
3 0.472689
5 0.475728
6 0.477424
9 0.479474
10 0.47954
11 0.487809
13 0.492137
15 0.492507
16 0.495516
17 0.496815
18 0.497688
19 0.502125
20 0.502432
23 0.505491
24 0.509477
25 0.513069
26 0.513211
27 0.514745
29 0.515287
30 0.515807
35 0.517729
37 0.518419
38 0.523525
41 0.526025
43 0.5296
49 0.530605
50 0.532639
52 0.533332
57 0.534972
62 0.535437
64 0.538173
68 0.539167
73 0.539661
74 0.542131
76 0.542693
78 0.543772
79 0.544947
82 0.545513
86 0.546532
89 0.546538
90 0.547301
91 0.551423
92 0.552014
93 0.553685
94 0.557929
95 0.559342
96 0.565075
99 0.571087
103 0.572524
104 0.574845
105 0.577681
113 0.579978
117 0.583365
118 0.58491
122 0.586801
123 0.587955
128 0.588049
129 0.588692
140 0.591279
146 0.593834
148 0.596122
154 0.597217
168 0.598875
169 0.599503
170 0.600642
172 0.600727
174 0.601425
175 0.603948
176 0.604044
178 0.604666
181 0.606153
183 0.606878
185 0.608004
188 0.608175
203 0.610965
208 0.612217
212 0.614518
216 0.617195
243 0.617874
259 0.61824
267 0.61929
279 0.619879
281 0.619938
283 0.62131
288 0.62223
289 0.624112
290 0.624391
297 0.627322
307 0.62812
325 0.629567
329 0.629808
356 0.630443
366 0.631151
374 0.632281
375 0.635711
393 0.635724
399 0.640303
404 0.64116
411 0.641796
417 0.642265
419 0.645333
421 0.6456
427 0.646473
438 0.646486
453 0.646684
458 0.646735
475 0.647965
477 0.648727
489 0.64932
521 0.650026
541 0.650492
553 0.651573
579 0.652412
607 0.652829
612 0.652832
618 0.653457
621 0.654938
638 0.655132
650 0.655266
656 0.657783
679 0.65868
713 0.659561
763 0.660625
772 0.660747
798 0.661123
803 0.661981
812 0.66411
837 0.665279
899 0.667171
904 0.668276
936 0.669052
938 0.669378
954 0.670009
959 0.670123
963 0.670535
996 0.670635
1010 0.670758
1011 0.67098
1048 0.671066
1099 0.671192
1101 0.671443
1110 0.672382
1116 0.673269
1125 0.673571
1134 0.675087
1156 0.675662
1205 0.6757
1207 0.675703
1208 0.675846
1215 0.676071
1224 0.676366
1251 0.67716
1268 0.677471
1287 0.677738
1303 0.678553
1347 0.679167
1350 0.680619
1352 0.68138
1379 0.681585
1399 0.682033
1410 0.682848
1426 0.686854
1491 0.687432
1569 0.687831
1585 0.688839
1605 0.689177
1654 0.69019
1662 0.690949
1785 0.691221
1904 0.69248
1967 0.692621
2054 0.693211
2078 0.693709
2089 0.693876
2129 0.694958
2160 0.695378
2169 0.695405
2194 0.696483
2195 0.698518
2223 0.699155
2241 0.699172
2293 0.699206
2380 0.699283
2386 0.699741
2428 0.700152
2429 0.700362
2451 0.700515
2471 0.700554
2485 0.700921
2516 0.703476
2685 0.703494
2691 0.703983
2712 0.706849
2720 0.71005
2751 0.710261
2829 0.711308
2848 0.71163
2926 0.712317
2930 0.713116
2972 0.713222
3068 0.713292
3088 0.714069
3104 0.714364
3174 0.714621
3384 0.714666
3385 0.714773
3394 0.715227
3530 0.71701
3636 0.717985
3752 0.718146
3793 0.718662
3979 0.718788
4111 0.719435
4118 0.721185
4348 0.721326
4355 0.722119
4362 0.723199
4468 0.723234
4558 0.723431
4848 0.725138
4906 0.725454
4997 0.726061
5444 0.726297
