0 0.496953
1 0.497631
2 0.498285
3 0.499836
4 0.502254
5 0.508177
8 0.508368
9 0.509297
10 0.512116
12 0.512704
13 0.513892
14 0.516004
16 0.517059
18 0.520589
21 0.526862
22 0.5287
23 0.530054
25 0.532177
27 0.532911
30 0.534049
31 0.536104
32 0.537951
34 0.540473
36 0.541013
37 0.542192
39 0.543484
41 0.544419
44 0.544791
54 0.546519
57 0.547657
58 0.552823
60 0.553556
64 0.553575
66 0.554886
69 0.55516
70 0.556743
71 0.557786
72 0.558013
74 0.559645
80 0.559746
83 0.561466
90 0.562782
98 0.563372
101 0.565012
109 0.565714
110 0.566112
114 0.566917
116 0.567813
119 0.569908
121 0.570876
128 0.572499
132 0.574929
134 0.575936
140 0.576483
141 0.579002
143 0.581046
145 0.58279
146 0.582864
147 0.582943
152 0.583933
153 0.584728
154 0.588855
159 0.589009
163 0.589967
171 0.591362
173 0.591837
179 0.592385
182 0.59271
184 0.593044
187 0.593611
191 0.594983
198 0.595329
202 0.599637
208 0.600813
209 0.602394
210 0.603332
215 0.603625
216 0.604477
224 0.606209
227 0.608438
230 0.609357
233 0.611538
234 0.612732
236 0.61323
237 0.613395
238 0.614654
242 0.615945
244 0.616095
257 0.619795
258 0.620879
265 0.621175
266 0.62276
273 0.624785
278 0.627453
285 0.627729
294 0.62785
297 0.631406
300 0.63366
306 0.636265
309 0.636882
314 0.637686
325 0.63773
326 0.638545
334 0.641195
338 0.641558
341 0.642783
353 0.643605
365 0.645241
386 0.645255
390 0.646869
410 0.64716
430 0.647168
431 0.647888
453 0.650138
460 0.651598
465 0.654
473 0.65403
474 0.656069
481 0.657472
496 0.658088
535 0.660835
536 0.665001
540 0.665073
542 0.665202
568 0.667525
582 0.668799
596 0.672674
604 0.673023
618 0.673331
637 0.673866
661 0.674576
669 0.675929
686 0.678182
687 0.679586
701 0.680651
728 0.682804
746 0.682839
791 0.684109
839 0.686626
852 0.686673
876 0.687467
881 0.688104
885 0.688508
928 0.68937
931 0.690157
936 0.690378
996 0.690909
999 0.691864
1005 0.692012
1089 0.692384
1106 0.692993
1171 0.693215
1188 0.694234
1190 0.694852
1247 0.694869
1264 0.695001
1317 0.695353
1329 0.695787
1374 0.696243
1405 0.696938
1408 0.697512
1523 0.69885
1607 0.699097
1629 0.700832
1646 0.700979
1679 0.701213
1803 0.702436
1806 0.703025
1829 0.703062
1833 0.70321
1943 0.704507
2045 0.705315
2067 0.705853
2149 0.706004
2154 0.706018
2166 0.706264
2186 0.707082
2428 0.70874
2463 0.709182
2638 0.710665
3120 0.711057
