0 0.503792
1 0.507681
9 0.508807
10 0.508984
11 0.510366
13 0.510572
14 0.511064
16 0.512036
17 0.512291
23 0.512855
24 0.515058
25 0.517492
26 0.517904
27 0.519852
32 0.521762
33 0.523029
34 0.525427
36 0.526588
40 0.528867
46 0.532411
49 0.532584
53 0.534219
54 0.535342
56 0.53712
57 0.538965
63 0.539454
65 0.544269
67 0.544833
69 0.546305
75 0.547726
82 0.549063
84 0.549518
89 0.551292
91 0.556381
92 0.55762
93 0.558579
94 0.558877
96 0.558987
99 0.562925
104 0.563417
111 0.566709
117 0.567945
120 0.568265
123 0.568819
125 0.568904
127 0.569914
133 0.570297
134 0.570846
138 0.573633
140 0.57434
142 0.575455
143 0.576391
152 0.577117
156 0.577423
157 0.578935
158 0.579267
162 0.581101
163 0.582547
165 0.582725
169 0.584199
173 0.585013
174 0.586346
178 0.586915
186 0.587938
191 0.592975
198 0.595184
203 0.596703
204 0.59736
214 0.598439
219 0.598612
234 0.599344
240 0.600696
246 0.601369
256 0.603434
260 0.604484
262 0.60751
264 0.607663
268 0.60815
270 0.610718
272 0.611376
279 0.612812
281 0.613754
286 0.614309
289 0.614601
296 0.61619
310 0.618354
314 0.618605
322 0.619558
341 0.620571
344 0.620955
348 0.622391
355 0.623211
358 0.623846
377 0.623902
402 0.626537
408 0.627275
439 0.628308
452 0.63063
455 0.631606
460 0.635024
465 0.635081
471 0.635246
493 0.636056
496 0.636754
499 0.638075
517 0.63855
523 0.643414
531 0.643613
542 0.647884
555 0.648712
574 0.649245
588 0.650083
621 0.650199
622 0.65058
629 0.651717
634 0.653239
643 0.654723
650 0.655475
661 0.656191
676 0.656239
679 0.657343
694 0.661285
742 0.661584
745 0.66277
770 0.664395
771 0.664868
793 0.665317
799 0.666498
805 0.667996
820 0.668006
854 0.668668
860 0.669183
905 0.66992
911 0.670679
929 0.671014
963 0.672538
977 0.672835
986 0.673367
1008 0.673902
1013 0.674064
1029 0.676777
1057 0.676786
1062 0.677767
1074 0.678266
1095 0.679333
1100 0.68011
1116 0.680298
1138 0.681317
1141 0.682394
1166 0.682888
1176 0.683499
1205 0.683502
1209 0.685486
1239 0.687001
1260 0.688844
1278 0.68923
1293 0.689282
1302 0.689857
1337 0.690831
1357 0.691055
1379 0.691554
1390 0.69195
1447 0.692511
1453 0.693283
1471 0.694112
1513 0.694812
1527 0.695436
1528 0.695847
1542 0.696324
1554 0.696481
1576 0.696795
1585 0.697191
1620 0.697726
1624 0.697802
1635 0.698256
1665 0.69839
1686 0.698835
1744 0.699361
1884 0.69962
1901 0.699771
1909 0.700411
1975 0.701227
2024 0.702219
2040 0.704488
2081 0.704596
2089 0.705977
2116 0.706347
2161 0.706847
2167 0.707782
2217 0.709307
2256 0.710484
2272 0.710988
2274 0.711037
2392 0.712251
2503 0.713842
2573 0.714103
2673 0.714287
2708 0.715712
2732 0.715949
2788 0.716075
2937 0.71612
3032 0.717239
3082 0.718176
3131 0.719366
3182 0.719789
3404 0.720433
3447 0.721123
3602 0.72152
3681 0.721539
3686 0.721634
3732 0.723422
3754 0.723521
3776 0.725308
3862 0.725352
3911 0.726079
3944 0.726464
4106 0.727188
4192 0.727557
4571 0.72795
