0 0.510176
2 0.510302
4 0.511798
5 0.511933
8 0.515034
10 0.51521
13 0.518725
14 0.519476
15 0.519709
17 0.52
21 0.52125
22 0.522652
24 0.52481
28 0.525197
33 0.526033
35 0.528478
36 0.53084
40 0.531646
42 0.53702
44 0.537074
45 0.538827
48 0.539013
49 0.540881
50 0.54124
52 0.541535
54 0.548816
55 0.550074
57 0.553533
64 0.554262
71 0.554861
72 0.555293
74 0.556548
76 0.55809
81 0.558727
83 0.563461
84 0.566116
87 0.570674
89 0.571513
92 0.573571
94 0.574857
95 0.574872
96 0.575242
98 0.575834
100 0.577703
105 0.579949
106 0.580855
107 0.583578
108 0.583951
110 0.584893
116 0.585247
125 0.586065
126 0.588755
134 0.589801
135 0.591161
137 0.594182
147 0.595003
155 0.598147
156 0.598835
157 0.600851
161 0.601621
172 0.602016
181 0.603861
183 0.604807
185 0.606005
186 0.606636
190 0.607897
201 0.608809
217 0.611796
219 0.612038
222 0.613573
227 0.614844
229 0.616303
234 0.618455
235 0.62133
241 0.6225
247 0.622724
252 0.624134
254 0.624164
259 0.624685
275 0.625445
281 0.625774
288 0.627573
292 0.62909
305 0.629752
314 0.630057
322 0.632067
343 0.635863
355 0.636398
357 0.637768
360 0.638587
376 0.638741
382 0.638804
384 0.639884
398 0.640146
400 0.641622
406 0.646621
440 0.649805
449 0.65165
461 0.651912
462 0.652331
467 0.654546
478 0.654781
489 0.656321
493 0.657867
502 0.658888
504 0.659376
510 0.660371
536 0.660692
540 0.660975
544 0.661532
546 0.665123
563 0.665167
579 0.665486
610 0.665811
620 0.666893
632 0.667995
633 0.668668
644 0.669095
677 0.669292
690 0.670081
693 0.670943
699 0.672299
739 0.672443
740 0.673637
748 0.673983
751 0.674879
752 0.675739
771 0.677005
827 0.677373
838 0.67739
870 0.678207
895 0.67949
906 0.680328
913 0.681641
930 0.684268
946 0.684913
960 0.68536
966 0.686089
995 0.686606
1016 0.686629
1084 0.687536
1127 0.687768
1136 0.689033
1140 0.690857
1152 0.691492
1159 0.692129
1245 0.692169
1257 0.69284
1271 0.693957
1305 0.69439
1350 0.6947
1365 0.694949
1374 0.695478
1426 0.695681
1517 0.695889
1603 0.696046
1630 0.697842
1631 0.698661
1698 0.698861
1699 0.700069
1791 0.701302
1806 0.702204
1854 0.702737
1862 0.702935
1901 0.703331
2011 0.703965
2071 0.704
2081 0.706077
2091 0.706545
2126 0.706884
2172 0.70766
2200 0.708402
2227 0.708914
2251 0.708993
2267 0.709241
2279 0.7097
2436 0.712218
2465 0.712588
2518 0.713168
2521 0.713241
2555 0.713459
2655 0.713736
2682 0.714737
2731 0.717118
2735 0.717442
2933 0.717553
3002 0.718299
3026 0.718839
3038 0.721828
3100 0.722147
3364 0.722448
3383 0.722768
3429 0.72368
3547 0.724546
3706 0.726426
3735 0.726838
3990 0.727157
4221 0.727318
4262 0.727444
4496 0.728388
4732 0.72846
4890 0.728795
5216 0.730925
5256 0.731315
5737 0.732107
