0 0.509677
2 0.512971
3 0.513361
5 0.516102
7 0.516849
10 0.51749
11 0.517611
13 0.51776
16 0.519161
22 0.521231
28 0.521313
29 0.525893
31 0.526353
34 0.526448
43 0.529037
46 0.529944
48 0.530186
49 0.533137
51 0.534186
56 0.536562
57 0.536888
58 0.538414
59 0.540022
60 0.541522
64 0.542255
65 0.546178
66 0.54839
67 0.548964
68 0.55109
74 0.551177
86 0.555903
92 0.557983
96 0.558992
98 0.559614
99 0.561327
104 0.564704
108 0.565063
110 0.567085
111 0.567386
112 0.567486
114 0.569767
120 0.572784
130 0.573005
131 0.574295
134 0.575174
145 0.575189
146 0.576247
151 0.577444
161 0.578161
163 0.581865
171 0.582421
174 0.58262
176 0.582765
181 0.582992
183 0.583445
186 0.583802
188 0.586677
189 0.588323
190 0.59084
194 0.590969
204 0.591226
209 0.592951
213 0.594828
224 0.597002
225 0.597466
227 0.598285
234 0.600461
236 0.60148
238 0.601532
242 0.603985
253 0.60572
256 0.607353
263 0.607358
274 0.608142
292 0.608345
295 0.609944
299 0.613286
306 0.614164
310 0.614311
311 0.614833
322 0.616977
323 0.619298
330 0.619739
333 0.621796
343 0.62227
354 0.622991
355 0.62612
366 0.626399
369 0.626616
389 0.627163
390 0.628621
398 0.628751
399 0.629962
404 0.630385
422 0.630827
426 0.631802
433 0.632368
434 0.63498
437 0.635315
452 0.637707
453 0.638795
454 0.639402
472 0.64088
480 0.643081
502 0.64348
504 0.644079
513 0.644717
514 0.645761
517 0.648546
518 0.648713
548 0.649755
565 0.649957
581 0.652796
585 0.653347
611 0.654744
627 0.655115
636 0.655207
639 0.655214
646 0.656987
674 0.657578
675 0.658364
680 0.658417
694 0.658976
698 0.660946
741 0.661039
743 0.661778
749 0.662561
752 0.668065
755 0.669491
779 0.671171
795 0.671597
820 0.671735
822 0.672684
829 0.672837
853 0.673431
869 0.674572
887 0.675165
902 0.675591
916 0.676068
969 0.676358
974 0.676863
1000 0.678823
1003 0.679031
1065 0.679271
1072 0.681685
1101 0.681988
1109 0.682728
1129 0.684976
1142 0.688916
1176 0.6905
1189 0.690752
1195 0.690813
1219 0.691744
1259 0.692233
1292 0.695859
1319 0.697288
1336 0.697364
1347 0.698481
1379 0.698597
1524 0.70011
1638 0.70245
1722 0.704101
1828 0.704552
1859 0.704566
1870 0.707521
1898 0.707567
1915 0.708828
1953 0.708938
2045 0.709356
2146 0.709482
2274 0.709556
2293 0.709869
