0 0.497232
4 0.501733
6 0.504549
9 0.506285
12 0.508573
16 0.510068
17 0.510631
19 0.51077
20 0.512321
25 0.513603
26 0.513631
27 0.514305
29 0.514435
30 0.518275
32 0.520376
34 0.521445
37 0.525667
40 0.530236
41 0.531817
44 0.534159
47 0.537003
52 0.540131
53 0.541386
55 0.545192
56 0.546655
57 0.547139
58 0.547897
60 0.554026
66 0.555734
67 0.557306
72 0.559478
73 0.560237
76 0.561467
77 0.561535
82 0.562643
96 0.564089
102 0.568844
106 0.570577
107 0.571201
115 0.574848
122 0.575335
126 0.576521
127 0.578995
129 0.579063
130 0.579278
131 0.580985
134 0.582255
135 0.58372
143 0.584101
145 0.586284
146 0.58823
163 0.589305
166 0.593631
170 0.595061
171 0.595597
173 0.596848
175 0.597264
179 0.598117
183 0.598266
187 0.602469
198 0.602887
208 0.605033
215 0.60561
217 0.606893
225 0.608125
227 0.609768
229 0.611016
234 0.614087
246 0.617543
263 0.619689
278 0.619988
281 0.621291
282 0.622723
283 0.625063
288 0.625914
297 0.628353
320 0.629563
328 0.630048
331 0.631171
340 0.631499
344 0.632973
349 0.633641
353 0.635366
354 0.635793
356 0.636831
364 0.637407
368 0.637856
373 0.638797
377 0.638936
383 0.639022
389 0.640038
392 0.640419
410 0.64335
417 0.644519
446 0.644674
450 0.644746
458 0.64551
480 0.645814
488 0.646343
490 0.647278
493 0.649078
498 0.64951
513 0.650719
521 0.652712
540 0.6534
547 0.654214
611 0.655051
614 0.656206
615 0.656376
618 0.656904
636 0.656978
642 0.657991
651 0.660419
662 0.661515
663 0.662471
670 0.662793
673 0.662973
702 0.663807
735 0.664437
746 0.664576
751 0.665792
752 0.666237
759 0.666582
786 0.667473
800 0.668208
815 0.668223
823 0.668327
843 0.668521
849 0.669057
851 0.669308
856 0.670277
867 0.670918
868 0.671687
869 0.67201
928 0.673786
934 0.674595
988 0.674608
992 0.675398
1003 0.675398
1012 0.676011
1020 0.676801
1029 0.677773
1057 0.678657
1078 0.679733
1086 0.680929
1088 0.680973
1117 0.681021
1124 0.682253
1150 0.682936
1182 0.683496
1294 0.684277
1298 0.684366
1311 0.685015
1345 0.685908
1378 0.686512
1383 0.687514
1434 0.688149
1532 0.688687
1541 0.690019
1548 0.691512
1562 0.691643
1573 0.691732
1576 0.693153
1585 0.694383
1606 0.694625
1631 0.694696
1640 0.695083
1713 0.695379
1760 0.695861
1764 0.696024
1820 0.696369
1852 0.697832
1924 0.697979
1949 0.698186
1960 0.699476
1961 0.699834
2005 0.70184
2057 0.703514
2072 0.704677
2147 0.706203
2207 0.70681
2259 0.708746
2295 0.70878
2317 0.708841
2382 0.709519
2608 0.709977
2772 0.710722
2837 0.711171
2870 0.712077
2991 0.712103
3063 0.713157
3079 0.713406
3142 0.71413
3158 0.715107
3354 0.71579
3662 0.716259
3818 0.716885
3874 0.717047
3952 0.717458
4157 0.71759
4387 0.717961
4399 0.718309
4436 0.718443
4946 0.718546
5173 0.718692
5246 0.719429
5365 0.720218
5392 0.720522
5529 0.720921
5565 0.720965
5881 0.721561
6118 0.721713
