0 0.508901
1 0.511532
6 0.513416
7 0.513791
11 0.516353
13 0.5182
14 0.520198
16 0.524536
20 0.525535
21 0.52674
25 0.526898
26 0.528742
27 0.530305
28 0.531911
31 0.532198
36 0.532204
39 0.532472
43 0.535413
44 0.537037
46 0.538915
51 0.540841
52 0.543184
60 0.543547
61 0.544234
68 0.544541
71 0.544898
72 0.546748
74 0.54756
77 0.551303
82 0.553768
91 0.553809
94 0.553839
95 0.556352
97 0.560722
101 0.562149
115 0.5624
119 0.565525
124 0.565977
130 0.566294
139 0.567738
142 0.568984
143 0.569762
144 0.570038
145 0.570346
151 0.571419
154 0.571556
160 0.571983
169 0.573767
174 0.579218
184 0.581063
185 0.584201
189 0.585579
192 0.585898
201 0.585999
203 0.587572
204 0.589781
208 0.590219
215 0.592711
219 0.595134
221 0.5976
223 0.599362
228 0.599945
232 0.601185
244 0.6046
251 0.605388
256 0.607912
264 0.610661
269 0.613392
275 0.613904
287 0.616568
292 0.617479
294 0.617678
297 0.619373
315 0.62025
317 0.620751
318 0.621878
321 0.622985
322 0.624228
328 0.624727
330 0.625215
336 0.625275
339 0.625831
354 0.628462
367 0.628882
368 0.629454
382 0.630879
393 0.63351
414 0.633794
423 0.635571
440 0.637042
449 0.639029
453 0.640132
455 0.641074
458 0.641119
470 0.641126
482 0.642807
483 0.643234
494 0.643486
505 0.644637
516 0.645597
524 0.6466
535 0.64765
539 0.648675
547 0.652035
611 0.65225
628 0.652973
631 0.653909
650 0.653996
716 0.654884
721 0.654936
730 0.657878
731 0.659564
753 0.660043
761 0.660355
800 0.660425
816 0.661082
848 0.662666
852 0.66309
859 0.664293
903 0.665551
905 0.666294
921 0.668455
926 0.670289
942 0.671466
958 0.672392
979 0.672759
1025 0.67466
1096 0.67597
1099 0.678208
1112 0.678431
1125 0.679489
1127 0.679547
1164 0.67986
1169 0.680301
1192 0.680319
1206 0.680703
1229 0.682241
1231 0.682734
1266 0.684381
1280 0.685512
1299 0.686455
1326 0.686591
1335 0.687005
1365 0.689366
1373 0.692426
1385 0.692473
1411 0.693375
1413 0.694121
1446 0.694689
1481 0.695321
1557 0.695396
1566 0.697215
1580 0.697821
1606 0.698085
1676 0.69845
1704 0.698962
1773 0.69898
1801 0.700931
1867 0.701052
1962 0.701179
2011 0.70261
2214 0.702723
2357 0.703813
2593 0.704062
2611 0.70432
2751 0.704652
2789 0.70468
2816 0.705196
2829 0.706118
2841 0.706321
2895 0.706964
2955 0.707396
3024 0.708164
3035 0.708221
3037 0.708503
3077 0.70967
3128 0.709919
3193 0.710819
3269 0.711223
3346 0.71145
3464 0.711913
3542 0.711996
3699 0.712816
3721 0.713071
3879 0.713823
3950 0.71538
4189 0.715751
4196 0.715799
4612 0.71584
4664 0.716307
4745 0.717667
4803 0.71767
4909 0.717954
4914 0.718788
5168 0.719172
5352 0.720286
5502 0.721128
5713 0.721604
5934 0.7218
6003 0.7219
6106 0.722293
6175 0.722335
6334 0.722377
6461 0.723043
6499 0.723679
6691 0.724096
6817 0.724785
6850 0.725374
6863 0.725394
7128 0.725475
7391 0.726396
7684 0.728426
7803 0.729018
7896 0.729441
7998 0.729878
8266 0.730262
8584 0.731137
8698 0.731857
