0 0.513954
3 0.517149
4 0.519393
6 0.522231
7 0.522567
8 0.523724
9 0.524476
12 0.525927
18 0.52795
20 0.528282
22 0.528386
27 0.529444
28 0.531047
29 0.531831
31 0.532744
32 0.534915
33 0.537822
34 0.54107
35 0.546458
36 0.548754
40 0.551568
41 0.553182
45 0.554263
46 0.555431
52 0.558427
57 0.564628
59 0.566651
61 0.567517
62 0.568516
63 0.569904
68 0.57245
75 0.574206
76 0.575624
77 0.577735
86 0.57829
88 0.578428
91 0.580189
97 0.58114
103 0.58473
106 0.585279
114 0.585934
117 0.586798
128 0.587418
132 0.590112
133 0.592048
138 0.592955
146 0.595189
148 0.596838
149 0.597505
151 0.599124
158 0.600768
165 0.60082
175 0.601067
185 0.601236
193 0.601408
195 0.602344
198 0.604947
201 0.608023
206 0.608068
213 0.608856
214 0.612147
221 0.613152
222 0.613645
241 0.613777
249 0.61532
252 0.616258
255 0.616368
265 0.619205
279 0.619607
281 0.624343
282 0.624651
289 0.624865
301 0.62664
312 0.62926
313 0.629372
317 0.630381
319 0.631237
321 0.631649
324 0.633744
327 0.633998
329 0.634077
345 0.636598
351 0.637148
370 0.63743
374 0.638932
390 0.640552
394 0.641765
399 0.643437
404 0.64366
409 0.644457
414 0.645184
415 0.64537
424 0.646959
438 0.648466
442 0.648847
474 0.649694
487 0.650401
500 0.65066
506 0.651625
515 0.652602
534 0.652776
556 0.654023
557 0.655464
564 0.656527
565 0.657491
579 0.658132
580 0.659167
589 0.661311
601 0.662314
618 0.66275
621 0.663755
626 0.664252
636 0.665897
657 0.66871
671 0.669927
680 0.670035
682 0.670111
687 0.670913
713 0.672724
735 0.674336
756 0.676308
778 0.677471
786 0.679135
799 0.679552
836 0.680126
872 0.681572
880 0.681657
887 0.68188
906 0.682742
941 0.685529
958 0.685674
984 0.68829
1015 0.690073
1037 0.691572
1049 0.69189
1123 0.692396
1134 0.692523
1143 0.693493
1156 0.694123
1161 0.696509
1165 0.696903
1263 0.69768
1276 0.697817
1277 0.699753
1288 0.701198
1349 0.70275
1372 0.70337
1393 0.705753
1424 0.706513
1442 0.707438
1717 0.710187
1728 0.710371
1816 0.711105
1878 0.711331
1977 0.711626
2075 0.712654
2205 0.713053
2360 0.713198
2421 0.71351
2429 0.714286
2438 0.714544
2634 0.715589
2650 0.715863
2797 0.715932
2930 0.716639
2957 0.717151
3196 0.717278
3260 0.718184
3425 0.718523
3521 0.718889
3733 0.720232
4066 0.720545
4211 0.720869
4346 0.721062
