0 0.491538
1 0.494649
2 0.496346
3 0.497681
6 0.499646
8 0.501476
9 0.502919
10 0.507156
12 0.509673
15 0.51067
17 0.512386
19 0.512662
21 0.515693
23 0.517786
25 0.518061
28 0.521459
29 0.52175
30 0.524176
31 0.52531
32 0.526215
34 0.527472
35 0.528706
36 0.531507
38 0.53173
40 0.535278
41 0.53664
42 0.536955
43 0.538172
46 0.543038
48 0.543797
50 0.545108
51 0.547097
54 0.55002
57 0.550066
58 0.550292
60 0.552796
63 0.555769
72 0.556565
79 0.560844
84 0.563999
87 0.56452
89 0.5659
92 0.566514
95 0.568445
97 0.568648
102 0.570476
112 0.570541
120 0.571454
128 0.571945
132 0.575079
137 0.575778
141 0.576898
150 0.577971
151 0.578046
153 0.578385
154 0.578437
155 0.578472
157 0.5791
165 0.581597
166 0.583137
170 0.584541
181 0.586767
191 0.586779
199 0.587056
201 0.587465
208 0.589694
210 0.590277
222 0.594616
232 0.594842
234 0.596554
241 0.597138
244 0.59724
249 0.601206
252 0.601526
254 0.601642
255 0.601649
270 0.603435
278 0.604034
287 0.605673
288 0.605951
291 0.607744
296 0.609304
298 0.611098
302 0.612392
307 0.61288
310 0.61472
313 0.615043
329 0.615953
333 0.616758
341 0.618973
342 0.6201
345 0.620575
377 0.621859
378 0.622764
382 0.62289
387 0.625416
392 0.625612
405 0.625774
406 0.626305
407 0.626901
418 0.627956
421 0.628014
423 0.628478
426 0.632468
436 0.632693
442 0.634983
444 0.635782
461 0.636115
480 0.638901
484 0.639571
496 0.64079
505 0.6418
513 0.641804
527 0.642384
532 0.643019
533 0.643851
549 0.643898
551 0.645115
574 0.64588
596 0.646491
603 0.647917
607 0.649234
612 0.649677
638 0.649815
641 0.649922
661 0.650103
669 0.65177
676 0.652616
693 0.654565
705 0.654633
715 0.65746
747 0.657736
770 0.658405
771 0.658984
773 0.660716
778 0.661264
783 0.662014
808 0.662071
812 0.662312
816 0.663088
817 0.663874
818 0.664674
825 0.664796
839 0.664945
856 0.665862
861 0.666458
875 0.66695
877 0.667058
905 0.667124
909 0.667841
929 0.668102
930 0.668655
931 0.669025
1021 0.669401
1054 0.673341
1065 0.674566
1093 0.676537
1107 0.67688
1118 0.678161
1123 0.681755
1154 0.682081
1236 0.682943
1244 0.68414
1252 0.685458
1349 0.685634
1365 0.686209
1379 0.68629
1413 0.686469
1443 0.686771
1509 0.687018
1533 0.687208
1538 0.68728
1644 0.688163
1684 0.688238
1734 0.688521
1864 0.688523
1904 0.690862
2208 0.692117
2260 0.6922
2357 0.692486
2412 0.692641
2488 0.69306
2619 0.694433
2660 0.696261
2801 0.696295
2831 0.696475
2873 0.696591
2930 0.697402
2954 0.697569
2960 0.69765
2980 0.698121
3137 0.698959
3177 0.700051
3216 0.700433
3224 0.701193
3250 0.701302
3282 0.701624
3372 0.70299
3608 0.703928
3801 0.704576
3803 0.704827
3841 0.705822
3967 0.706156
3977 0.706771
3980 0.707058
3992 0.707092
4173 0.707577
4182 0.707578
4184 0.707881
4322 0.708345
