0 0.480139
1 0.481487
2 0.485662
5 0.48811
6 0.490026
8 0.490853
11 0.492487
12 0.495291
16 0.495398
19 0.49832
20 0.500893
21 0.501142
22 0.503707
23 0.506848
26 0.507463
33 0.507619
38 0.51066
39 0.511357
40 0.515395
43 0.516543
44 0.519827
46 0.52091
49 0.523046
51 0.525423
52 0.527264
54 0.530113
56 0.530935
58 0.532626
65 0.537497
75 0.538334
78 0.540981
81 0.544937
82 0.546603
90 0.546959
92 0.547588
93 0.549866
94 0.550831
96 0.553056
98 0.555409
102 0.555512
108 0.560157
109 0.561033
114 0.561333
117 0.561373
118 0.562289
122 0.564203
123 0.565345
124 0.56939
125 0.571344
126 0.573582
129 0.576634
131 0.577381
136 0.578591
142 0.579739
144 0.579757
147 0.580048
163 0.583368
169 0.584685
178 0.584766
181 0.588744
188 0.589418
191 0.589486
199 0.590182
202 0.592004
207 0.595844
213 0.597662
219 0.598785
225 0.600027
227 0.600619
238 0.602505
241 0.602814
242 0.603632
249 0.604027
251 0.607798
254 0.608093
259 0.608251
262 0.608594
264 0.610512
265 0.612502
266 0.613499
267 0.614533
268 0.614534
269 0.614979
277 0.616299
278 0.616601
286 0.61754
293 0.618576
295 0.620368
297 0.62317
300 0.624358
308 0.625774
311 0.627568
325 0.627904
330 0.628021
339 0.63016
344 0.630844
350 0.63275
352 0.632829
363 0.634692
367 0.63507
380 0.638736
390 0.640097
398 0.643201
405 0.644903
407 0.645375
408 0.646928
417 0.64877
419 0.649192
422 0.649321
433 0.6519
446 0.653846
476 0.654986
481 0.655055
487 0.655198
501 0.655305
504 0.6561
523 0.657552
529 0.658644
569 0.659863
600 0.66045
608 0.660599
650 0.661777
675 0.661887
705 0.662323
772 0.664462
780 0.665488
785 0.66588
802 0.666526
857 0.668426
864 0.670422
905 0.670685
906 0.671804
911 0.672296
914 0.672358
953 0.672723
963 0.672809
966 0.673083
971 0.673893
992 0.675832
998 0.677359
1038 0.677435
1044 0.678505
1053 0.678599
1060 0.678802
1082 0.679144
1111 0.682177
1133 0.682403
1223 0.682689
1250 0.683011
1251 0.683548
1365 0.683793
1402 0.685348
1404 0.686256
1474 0.686556
1492 0.686781
1507 0.687036
1534 0.687531
1561 0.689135
1565 0.689748
1618 0.691432
1621 0.692538
1707 0.693633
1765 0.693794
1766 0.694867
1801 0.695137
1853 0.69547
1864 0.695844
1875 0.696545
1899 0.697174
2015 0.697237
2021 0.697469
2067 0.697608
2108 0.697711
2264 0.69834
2271 0.698659
2287 0.700626
2294 0.701172
2320 0.701199
2384 0.702726
2436 0.702947
2513 0.703932
2530 0.704781
2553 0.705953
2561 0.706025
2582 0.706282
2655 0.706786
2735 0.706821
2783 0.707576
2817 0.707922
2868 0.708364
2889 0.708514
2941 0.710082
2948 0.71029
3013 0.710809
3185 0.713003
3261 0.713648
3355 0.714411
3568 0.71516
3605 0.715164
3638 0.715195
3765 0.715444
3818 0.716091
3839 0.716242
3978 0.717032
4070 0.717046
4178 0.717068
4325 0.717476
4347 0.718119
4498 0.718733
4608 0.718807
4752 0.71885
5013 0.718905
5259 0.718953
5460 0.719173
5644 0.719261
5858 0.71999
5867 0.720315
5919 0.721076
6080 0.721094
6175 0.721159
6259 0.721503
6327 0.721983
6572 0.722452
6586 0.722493
6650 0.722858
6660 0.723135
6715 0.72347
6796 0.723745
6825 0.723752
6865 0.724288
6871 0.724408
6995 0.724877
7079 0.725032
7137 0.725294
7275 0.726122
7324 0.726966
7448 0.728347
7486 0.728619
7691 0.730089
7832 0.7306
8229 0.730919
8259 0.73149
8283 0.731941
8498 0.732319
8575 0.732743
8918 0.733073
9299 0.733678
9704 0.733938
9824 0.734863
10002 0.735243
10194 0.735581
