0 0.523142
6 0.523306
7 0.52443
8 0.524717
10 0.525192
11 0.527914
17 0.529128
18 0.530342
19 0.530392
21 0.531007
26 0.531502
27 0.535214
33 0.535221
38 0.535567
39 0.541774
40 0.542839
44 0.545858
49 0.550371
50 0.552696
51 0.554093
54 0.554854
55 0.555406
57 0.557112
59 0.557698
62 0.558886
63 0.561207
68 0.563848
74 0.564569
75 0.565211
77 0.565353
79 0.565695
84 0.566203
88 0.57224
95 0.572575
102 0.576129
103 0.576755
104 0.577928
108 0.578634
109 0.579139
112 0.580069
116 0.582651
117 0.583297
120 0.583967
122 0.585243
130 0.585585
131 0.586196
139 0.587747
146 0.590886
149 0.592884
150 0.593249
154 0.593935
157 0.595708
158 0.599698
173 0.600394
175 0.602864
176 0.605548
180 0.605759
182 0.605823
185 0.607081
192 0.609703
193 0.613735
202 0.614094
206 0.615661
207 0.616466
209 0.618252
210 0.619016
236 0.619254
237 0.621646
243 0.622493
249 0.62432
250 0.625422
251 0.626845
263 0.628874
280 0.630498
282 0.633334
293 0.634371
298 0.63687
317 0.637477
319 0.637929
327 0.638088
344 0.639143
345 0.639456
355 0.640111
394 0.640638
397 0.642007
408 0.642016
412 0.642203
420 0.644986
438 0.645261
455 0.645827
460 0.647533
466 0.648986
472 0.649264
481 0.651125
533 0.652413
542 0.654855
549 0.655171
575 0.656361
595 0.656551
617 0.657426
628 0.657521
629 0.657727
659 0.658033
667 0.661373
674 0.661388
677 0.663563
693 0.664667
697 0.665343
699 0.665526
712 0.66615
745 0.668491
768 0.669538
792 0.672668
831 0.672802
838 0.673251
861 0.673576
876 0.674973
900 0.675612
915 0.676074
917 0.677259
937 0.678998
942 0.679865
967 0.680069
971 0.680622
1013 0.681529
1021 0.682033
1034 0.682272
1052 0.683858
1086 0.6841
1115 0.684252
1119 0.684898
1166 0.684951
1234 0.685684
1282 0.687633
1298 0.689841
1300 0.690201
1312 0.690684
1358 0.691312
1414 0.692759
1432 0.693186
1443 0.694778
1503 0.695108
1524 0.695199
1589 0.695477
1738 0.696154
1919 0.697383
1994 0.699154
2021 0.699976
2179 0.699978
2328 0.701093
2338 0.701699
2354 0.701828
2453 0.702027
2682 0.702755
2693 0.702841
2871 0.703467
2905 0.703638
3042 0.703929
3129 0.704757
3156 0.704855
3157 0.706886
3304 0.707329
3372 0.708124
3377 0.709461
3440 0.710546
3531 0.711165
3588 0.71206
3862 0.712908
3922 0.713332
4111 0.714258
4230 0.715436
4286 0.715989
4499 0.716723
4859 0.716873
5209 0.716886
