0 0.486461
1 0.489144
2 0.4916
3 0.493468
4 0.497565
5 0.499786
8 0.500169
12 0.502263
13 0.505361
15 0.50642
16 0.506709
17 0.512258
19 0.517394
20 0.518372
23 0.519558
25 0.523313
26 0.524294
28 0.525213
29 0.5279
32 0.528326
34 0.529076
35 0.531195
39 0.533678
40 0.535265
42 0.537026
44 0.539837
45 0.541184
53 0.541732
59 0.542947
60 0.544666
61 0.546502
62 0.548782
65 0.551896
66 0.553059
67 0.555282
68 0.557907
76 0.562035
77 0.564261
79 0.56553
82 0.56628
83 0.56672
91 0.56832
96 0.56852
97 0.56959
103 0.571665
107 0.573078
111 0.575625
116 0.579618
119 0.580041
124 0.581381
129 0.584936
132 0.58538
137 0.58564
141 0.585953
143 0.588132
155 0.588529
156 0.589558
157 0.591238
158 0.593231
165 0.595496
166 0.598613
187 0.600243
190 0.600505
194 0.60193
205 0.605921
207 0.606315
213 0.607236
226 0.608056
233 0.608228
248 0.608364
257 0.60914
259 0.609169
262 0.609664
268 0.609835
276 0.610956
292 0.612659
300 0.614268
310 0.615264
312 0.618709
316 0.619565
326 0.62091
331 0.623644
337 0.626188
363 0.626612
368 0.627451
394 0.629546
398 0.630044
399 0.630992
404 0.631096
419 0.634684
432 0.635003
438 0.635377
450 0.635506
452 0.637833
455 0.639404
456 0.639892
461 0.641138
469 0.641326
488 0.641443
505 0.643142
508 0.643362
513 0.645781
519 0.64813
526 0.648526
547 0.649056
550 0.649439
561 0.650531
570 0.651085
586 0.651936
590 0.652954
610 0.653608
632 0.655273
633 0.655961
644 0.657492
658 0.660143
661 0.660354
664 0.660457
678 0.661521
686 0.662299
704 0.663941
705 0.664501
707 0.665959
710 0.666218
752 0.666686
758 0.667371
759 0.667645
795 0.667815
865 0.668335
891 0.66894
929 0.670283
931 0.672903
943 0.673702
978 0.674471
993 0.675063
1057 0.675993
1061 0.67696
1082 0.677082
1106 0.677514
1108 0.677861
1163 0.677954
1172 0.678901
1195 0.679258
1300 0.682876
1307 0.684466
1338 0.685614
1349 0.686466
1368 0.686501
1374 0.687297
1414 0.687718
1487 0.688575
1492 0.689874
1510 0.690284
1622 0.691886
1731 0.693263
1739 0.693852
1740 0.693917
1755 0.694002
1764 0.694279
1799 0.694397
1800 0.697031
1807 0.697208
1838 0.697339
1860 0.698258
1929 0.699157
2082 0.699263
2150 0.700009
2169 0.701276
2185 0.702185
2202 0.702187
2227 0.703961
2257 0.704367
2315 0.704826
2328 0.706233
2478 0.706389
2601 0.708227
2607 0.709215
2707 0.710555
2751 0.711076
2760 0.711788
2915 0.711848
3041 0.711908
3344 0.713242
3387 0.713271
3421 0.713753
3534 0.714034
3592 0.714439
3822 0.715415
4159 0.716228
4529 0.716344
4795 0.71718
4904 0.717437
4941 0.717699
5242 0.717718
5410 0.718024
5865 0.718767
