0 0.501893
2 0.502015
4 0.504228
5 0.50464
6 0.506035
7 0.51002
8 0.512648
16 0.513231
17 0.513394
19 0.513902
23 0.515917
25 0.518552
26 0.519247
28 0.519971
31 0.520153
33 0.522216
36 0.522735
38 0.523884
40 0.526633
42 0.526691
46 0.529118
47 0.530995
49 0.5322
50 0.532991
51 0.534487
53 0.534547
54 0.536784
57 0.539228
58 0.541914
62 0.54265
68 0.543714
70 0.545319
75 0.545511
76 0.545569
77 0.547877
82 0.548986
83 0.549877
84 0.550037
85 0.55152
89 0.552157
91 0.553793
95 0.559805
97 0.561111
102 0.562473
103 0.563265
107 0.563464
119 0.563535
121 0.5644
122 0.564908
125 0.56577
129 0.569646
132 0.573634
133 0.575141
144 0.575564
148 0.575887
149 0.57712
150 0.577283
152 0.578004
153 0.580611
161 0.580706
162 0.582422
163 0.585136
165 0.586607
168 0.589497
170 0.590686
173 0.591539
191 0.594097
196 0.595618
197 0.596016
207 0.600569
215 0.602186
221 0.60545
227 0.60687
252 0.608793
253 0.60955
276 0.609643
282 0.610875
288 0.612402
289 0.612675
319 0.614064
320 0.614121
356 0.616375
363 0.617082
369 0.618308
380 0.61862
384 0.619109
389 0.620389
404 0.621454
412 0.622059
414 0.62217
430 0.622305
434 0.623384
436 0.62457
443 0.62474
463 0.625998
472 0.627968
473 0.629518
476 0.630258
479 0.631424
506 0.631834
516 0.632564
530 0.633412
538 0.633478
561 0.634055
562 0.635835
566 0.635961
572 0.636126
586 0.636388
647 0.636681
669 0.63735
684 0.637445
687 0.638049
696 0.638489
707 0.639222
721 0.64073
740 0.640949
744 0.641353
751 0.642913
762 0.643811
795 0.644629
816 0.646663
829 0.647003
832 0.647105
840 0.64892
851 0.649136
862 0.651622
870 0.652
890 0.652674
892 0.655323
922 0.655486
934 0.655965
967 0.656769
1003 0.658536
1039 0.658697
1041 0.658747
1049 0.660882
1092 0.661719
1094 0.661877
1109 0.663272
1115 0.663628
1132 0.664501
1147 0.664867
1243 0.665062
1283 0.666534
1294 0.666956
1328 0.66697
1337 0.667388
1345 0.668133
1352 0.669131
1385 0.669795
1386 0.67035
1388 0.670562
1394 0.673574
1411 0.673923
1423 0.674063
1438 0.674311
1440 0.674873
1445 0.67491
1447 0.676757
1485 0.678117
1517 0.678393
1540 0.67943
1543 0.679476
1557 0.680567
1634 0.681809
1679 0.682909
1684 0.684897
1697 0.686317
1764 0.686784
1766 0.688512
1768 0.690454
1778 0.690643
1779 0.691247
1856 0.691628
1857 0.692024
1859 0.692369
1860 0.693179
1878 0.69368
1932 0.693888
1998 0.694513
2005 0.694691
2020 0.694759
2068 0.695376
2158 0.695527
2176 0.695987
2178 0.696648
2204 0.696732
2235 0.697294
2269 0.698239
2334 0.698787
2440 0.698796
2443 0.699503
2485 0.699699
2520 0.70066
2589 0.702282
2872 0.703725
2999 0.704961
3080 0.705377
3100 0.705776
3218 0.705875
3260 0.705943
3577 0.706118
3765 0.706385
4121 0.707786
4572 0.70862
4648 0.708777
4721 0.708882
4956 0.709107
5177 0.710805
5305 0.710989
5345 0.711344
5504 0.711632
5568 0.712921
