0 0.480479
1 0.48241
2 0.482804
5 0.483373
7 0.484451
10 0.487396
13 0.490064
14 0.4909
16 0.492719
17 0.495693
18 0.497159
23 0.499299
27 0.503629
30 0.504091
33 0.507163
34 0.508925
38 0.509895
39 0.509985
43 0.511842
44 0.513525
49 0.514695
50 0.515579
54 0.516831
55 0.520956
57 0.527531
58 0.529944
61 0.537833
65 0.539244
66 0.543739
75 0.54486
78 0.545069
79 0.549058
80 0.551673
81 0.551962
82 0.554089
83 0.554383
85 0.554699
89 0.555631
94 0.557632
99 0.561268
104 0.565954
110 0.569831
111 0.571244
113 0.573056
117 0.575112
122 0.576443
125 0.576503
126 0.577018
132 0.57726
145 0.581658
151 0.581931
154 0.582174
155 0.58434
161 0.587882
164 0.589331
165 0.590447
166 0.591466
171 0.592275
176 0.592328
178 0.59294
179 0.59387
181 0.596739
182 0.597253
191 0.597688
198 0.597977
207 0.599005
208 0.602756
209 0.603114
212 0.603372
215 0.603723
221 0.604717
238 0.606018
240 0.608145
247 0.608268
255 0.609932
258 0.610207
259 0.610937
261 0.61097
268 0.611013
270 0.611552
275 0.612203
276 0.612411
287 0.613643
288 0.615655
292 0.616201
297 0.616241
298 0.616796
307 0.619032
309 0.620316
311 0.621132
313 0.623782
331 0.624321
337 0.625195
340 0.625231
344 0.625547
345 0.631037
348 0.633548
349 0.634051
355 0.635182
365 0.635206
366 0.635795
371 0.638105
377 0.641121
382 0.642196
384 0.642422
397 0.642743
401 0.643354
402 0.643895
425 0.644467
435 0.645375
437 0.645858
438 0.646625
442 0.646824
445 0.647532
446 0.649892
448 0.650288
459 0.651018
469 0.651921
481 0.652224
492 0.652591
509 0.65294
513 0.653225
521 0.653448
531 0.654006
555 0.654484
556 0.654947
564 0.656265
579 0.656824
603 0.657807
612 0.657823
625 0.658095
643 0.658218
646 0.658564
657 0.658838
659 0.659883
682 0.662916
690 0.663179
700 0.664216
708 0.664281
716 0.664428
728 0.666109
731 0.667603
732 0.667914
745 0.669284
747 0.669701
755 0.670167
787 0.671312
803 0.67207
813 0.672875
814 0.674197
851 0.674421
853 0.675208
859 0.675409
875 0.675788
881 0.676481
933 0.67687
937 0.680555
943 0.682191
952 0.682302
956 0.683505
1005 0.684665
1009 0.685402
1034 0.688488
1048 0.689543
1082 0.689802
1109 0.689822
1115 0.689872
1127 0.690613
1146 0.69368
1236 0.693923
1237 0.69576
1250 0.695822
1276 0.695866
1303 0.696377
1340 0.696941
1352 0.697713
1675 0.698213
1692 0.698352
1794 0.698459
1909 0.700348
1984 0.701739
1998 0.702807
2108 0.7032
2116 0.704742
2178 0.706204
2239 0.706304
2249 0.707846
2271 0.707922
2361 0.708077
2382 0.708663
2412 0.710485
2444 0.711663
2473 0.712149
2515 0.71348
2619 0.714942
2644 0.715139
2797 0.716461
3144 0.716646
3527 0.717245
3875 0.717316
4167 0.717372
4310 0.717725
