0 0.505556
1 0.506093
3 0.506869
12 0.509042
15 0.511007
18 0.512869
21 0.514917
24 0.517232
27 0.52002
29 0.520127
32 0.520642
35 0.523684
44 0.524301
45 0.529194
49 0.530149
50 0.530823
53 0.532139
62 0.534148
65 0.534538
68 0.534818
70 0.535967
73 0.536493
74 0.537762
76 0.538844
78 0.539504
85 0.540044
88 0.540707
91 0.541619
93 0.541722
94 0.542094
97 0.542972
99 0.545387
102 0.547255
107 0.54882
109 0.549266
110 0.550052
113 0.551121
116 0.553166
117 0.554948
121 0.555722
127 0.55596
128 0.557272
130 0.559203
139 0.561115
140 0.562632
141 0.562975
146 0.565465
149 0.567238
151 0.569157
155 0.570074
158 0.570699
166 0.572858
170 0.57612
171 0.577906
178 0.578381
179 0.580023
181 0.580485
188 0.581269
195 0.582123
199 0.582388
226 0.58466
228 0.585131
229 0.585698
230 0.585891
231 0.587522
240 0.590308
252 0.591473
254 0.592224
262 0.593219
268 0.593818
277 0.595175
278 0.595745
282 0.597599
297 0.599076
301 0.602897
315 0.60585
317 0.606254
322 0.606321
326 0.606409
335 0.607214
337 0.60756
340 0.608568
348 0.609883
350 0.610511
353 0.611385
354 0.614328
356 0.614583
359 0.616894
361 0.617891
362 0.619731
365 0.619925
369 0.622106
375 0.622176
378 0.622383
383 0.622618
388 0.622863
392 0.624514
395 0.626526
402 0.62656
409 0.62872
418 0.630458
425 0.631129
428 0.63212
447 0.632739
448 0.633671
464 0.634238
465 0.63494
470 0.637171
483 0.637223
486 0.63788
489 0.638891
500 0.640733
513 0.641736
515 0.642006
533 0.643679
570 0.644747
572 0.645049
586 0.645154
588 0.646765
589 0.648039
609 0.649659
620 0.651138
625 0.651586
638 0.652362
660 0.653217
663 0.655525
668 0.657992
673 0.6597
692 0.659753
711 0.660423
735 0.661268
743 0.662893
770 0.663303
776 0.663368
786 0.66445
787 0.664554
807 0.665699
834 0.665915
837 0.666578
870 0.666915
891 0.666975
952 0.669951
958 0.670563
971 0.670763
974 0.671221
984 0.672452
986 0.673111
1003 0.673217
1011 0.674646
1073 0.676113
1154 0.676344
1179 0.676662
1186 0.676775
1198 0.677287
1224 0.678965
1229 0.679864
1259 0.680414
1271 0.680526
1274 0.680644
1292 0.68239
1318 0.683385
1352 0.68486
1374 0.686811
1403 0.687563
1420 0.688034
1438 0.688992
1442 0.690844
1538 0.691384
1556 0.691972
1667 0.694715
1714 0.694915
1769 0.694926
1770 0.697013
1819 0.697985
1828 0.699116
1831 0.699472
1891 0.69956
1912 0.699876
1968 0.701852
1975 0.701859
1976 0.702105
2019 0.704067
2101 0.704532
2181 0.704693
2441 0.705493
2454 0.706527
2477 0.706698
2496 0.706856
2551 0.706876
2557 0.707601
2593 0.707864
2640 0.708171
2646 0.708498
2707 0.708586
2786 0.709458
2856 0.709498
2942 0.709743
2944 0.709901
2981 0.711164
3092 0.711847
3365 0.712602
3400 0.713023
3449 0.713247
3481 0.715287
3536 0.716892
3948 0.717692
4206 0.71812
