0 0.50693
17 0.511781
19 0.513089
20 0.513376
22 0.515815
23 0.516011
24 0.518415
26 0.51922
27 0.519608
28 0.521873
32 0.528288
33 0.53102
34 0.531125
35 0.532027
36 0.533778
46 0.534031
50 0.535244
52 0.536226
55 0.537408
58 0.538221
62 0.540644
73 0.540854
75 0.544576
77 0.548932
80 0.550774
82 0.551621
87 0.553005
88 0.553216
89 0.554718
90 0.556195
92 0.557107
105 0.559989
107 0.561597
108 0.561681
109 0.566228
110 0.56682
112 0.571602
113 0.571856
114 0.574082
116 0.576205
118 0.57716
119 0.577901
120 0.578159
132 0.579258
134 0.579868
144 0.581726
146 0.584421
149 0.584521
152 0.586319
175 0.588443
178 0.589915
181 0.592069
199 0.592572
200 0.593101
202 0.593474
215 0.594949
218 0.596897
219 0.597821
220 0.599521
233 0.599866
237 0.600237
240 0.601217
243 0.6017
251 0.602018
253 0.604559
260 0.604834
273 0.607053
282 0.607253
283 0.607486
284 0.608988
309 0.611569
310 0.613637
316 0.615029
317 0.616292
321 0.617556
325 0.617589
329 0.619405
351 0.619419
362 0.621628
364 0.623969
368 0.624688
375 0.627947
380 0.628298
384 0.629616
385 0.630933
390 0.631109
391 0.631389
403 0.632706
440 0.634622
449 0.634676
462 0.635917
472 0.638229
482 0.638842
488 0.640302
493 0.642257
500 0.644054
502 0.646378
520 0.648407
549 0.648735
554 0.650325
572 0.650451
585 0.652373
599 0.652857
602 0.653703
620 0.65442
622 0.655108
628 0.655298
651 0.655597
667 0.656166
683 0.65792
695 0.658163
697 0.658332
713 0.658633
749 0.658929
779 0.661186
780 0.661436
805 0.66256
810 0.66316
811 0.664025
833 0.665121
840 0.667438
846 0.667752
855 0.667852
889 0.669064
901 0.670316
906 0.671765
909 0.671771
1001 0.672955
1008 0.67346
1025 0.674154
1036 0.675507
1045 0.676729
1052 0.677279
1061 0.677298
1066 0.677644
1121 0.677971
1137 0.679171
1174 0.679983
1217 0.680894
1219 0.682001
1268 0.68345
1277 0.684631
1295 0.685009
1317 0.685308
1318 0.686466
1330 0.686806
1440 0.687299
1444 0.68734
1451 0.68807
1452 0.688732
1482 0.68907
1515 0.689163
1531 0.689266
1548 0.689346
1575 0.689657
1639 0.690025
1690 0.690132
1698 0.691588
1794 0.692307
1806 0.693561
1842 0.695154
1905 0.695389
1937 0.695939
1951 0.696728
1991 0.698418
2087 0.698637
2135 0.699306
2174 0.700117
2238 0.700306
2246 0.700509
2252 0.701522
2285 0.702792
2290 0.703336
2305 0.704377
2344 0.704549
2441 0.704691
2464 0.704711
2484 0.706589
2488 0.708262
2835 0.709144
2862 0.709883
2905 0.710481
3019 0.711282
3042 0.711328
3202 0.712885
3221 0.713681
3236 0.713857
3240 0.714116
3262 0.714887
3303 0.71499
3367 0.717174
3417 0.718133
3494 0.719356
3589 0.719725
3671 0.719876
3733 0.722176
3809 0.722205
4045 0.722315
4225 0.722999
4606 0.724023
