0 0.511475
2 0.514536
3 0.515366
6 0.51638
8 0.516964
11 0.517989
12 0.518846
13 0.519939
14 0.522569
17 0.526666
19 0.530033
20 0.531584
27 0.537637
28 0.538783
29 0.542461
33 0.544953
34 0.547493
38 0.549577
40 0.550898
41 0.553571
45 0.553733
48 0.554725
57 0.555179
58 0.555423
59 0.556015
64 0.556923
67 0.558244
77 0.562713
85 0.563488
86 0.565257
90 0.56841
92 0.568846
98 0.570093
106 0.570541
111 0.570703
113 0.572108
114 0.573671
118 0.575308
125 0.577151
127 0.577571
137 0.579494
138 0.579733
140 0.580064
142 0.580551
144 0.582181
148 0.583222
154 0.58556
157 0.586232
159 0.587215
161 0.589641
162 0.591129
163 0.591359
164 0.592916
165 0.594555
169 0.595216
173 0.597129
179 0.597574
181 0.598313
185 0.599095
187 0.599142
188 0.600345
194 0.601062
203 0.601581
225 0.603272
242 0.604843
244 0.604939
248 0.605298
250 0.606383
263 0.609562
265 0.611009
272 0.611268
279 0.614711
281 0.616261
285 0.616526
288 0.619345
292 0.619776
295 0.623091
299 0.623546
300 0.62592
301 0.627154
314 0.62919
326 0.63001
335 0.63012
337 0.630379
341 0.632963
344 0.6347
345 0.63476
375 0.634928
378 0.635674
390 0.636091
391 0.636775
415 0.636999
435 0.638497
447 0.639044
448 0.642453
455 0.643507
479 0.644577
481 0.644905
487 0.645444
496 0.645667
499 0.645819
518 0.646131
534 0.647599
538 0.648023
551 0.650185
555 0.651391
561 0.651521
564 0.651793
571 0.651845
592 0.65263
598 0.653541
621 0.654587
643 0.655023
647 0.655753
649 0.65614
653 0.65616
655 0.657862
679 0.658163
682 0.658221
699 0.660024
740 0.661057
752 0.662126
784 0.663106
803 0.663707
809 0.664573
818 0.66484
835 0.666811
889 0.667962
901 0.670301
920 0.670898
929 0.672098
953 0.67283
959 0.672859
964 0.673745
968 0.674689
972 0.676068
1001 0.676689
1011 0.67821
1014 0.679027
1027 0.679074
1040 0.680426
1051 0.682449
1054 0.683681
1058 0.683951
1091 0.684344
1123 0.685293
1208 0.685615
1217 0.686419
1229 0.686544
1231 0.688284
1252 0.689718
1260 0.691027
1272 0.691648
1274 0.69189
1282 0.694681
1307 0.695526
1335 0.695586
1375 0.696133
1418 0.696836
1430 0.69718
1477 0.697978
1523 0.698531
1581 0.699023
1594 0.699919
1610 0.700169
1671 0.700573
1673 0.701049
1699 0.702045
1708 0.704874
1721 0.705078
1787 0.705619
1803 0.705678
1815 0.705996
1840 0.706179
1891 0.706518
1936 0.707767
1945 0.708319
2010 0.708587
2056 0.709352
2101 0.709469
2163 0.70964
2187 0.709989
2362 0.710753
2369 0.710892
2389 0.71107
2416 0.711183
2502 0.712626
2894 0.713304
2976 0.713978
3217 0.714035
3389 0.714041
3616 0.714334
3700 0.714955
3887 0.71568
3892 0.716643
4171 0.716889
4356 0.717243
4704 0.717725
