0 0.478646
2 0.481867
4 0.48216
6 0.485653
7 0.487217
9 0.491279
11 0.497481
12 0.497855
15 0.502619
19 0.505552
21 0.506678
26 0.511474
27 0.513281
28 0.513544
31 0.513957
32 0.514125
35 0.515826
36 0.516302
38 0.516703
39 0.518223
40 0.51911
41 0.519585
46 0.522156
49 0.524153
51 0.524607
52 0.526608
53 0.528708
54 0.531372
55 0.532977
56 0.533786
57 0.536083
59 0.536355
62 0.536641
63 0.53674
65 0.536778
67 0.537972
71 0.539473
73 0.539644
74 0.540441
77 0.543201
79 0.545006
80 0.547306
81 0.547878
85 0.55071
86 0.552666
88 0.553111
94 0.553696
95 0.555959
103 0.558064
105 0.558197
109 0.559553
111 0.561446
112 0.562393
116 0.563719
118 0.563835
121 0.565537
129 0.570604
130 0.575851
132 0.578196
134 0.578569
143 0.579319
146 0.582391
163 0.583793
164 0.583872
168 0.586438
179 0.587433
185 0.588666
192 0.588722
199 0.588798
205 0.589799
214 0.591536
220 0.592128
225 0.59308
227 0.595032
228 0.59517
230 0.595677
235 0.596112
238 0.59624
242 0.596683
253 0.5968
263 0.598148
264 0.598472
265 0.598682
266 0.599016
267 0.60075
276 0.601349
291 0.601435
292 0.603777
319 0.604853
320 0.605568
326 0.606045
340 0.608072
344 0.610694
352 0.613149
358 0.614596
369 0.618304
378 0.619862
379 0.62042
399 0.620575
419 0.622997
421 0.623517
428 0.623668
442 0.624927
446 0.625304
453 0.626638
463 0.626865
464 0.626954
469 0.631574
471 0.631789
477 0.633853
488 0.634103
491 0.634171
492 0.636418
499 0.638291
512 0.638841
513 0.640155
515 0.64032
522 0.641232
540 0.643826
549 0.645857
557 0.646752
571 0.647175
573 0.647931
578 0.648176
582 0.648636
602 0.649689
610 0.651167
637 0.652776
638 0.653419
648 0.654798
694 0.655302
696 0.657845
714 0.657943
719 0.657992
727 0.661416
765 0.661795
776 0.662515
777 0.662628
812 0.664749
826 0.664888
846 0.664989
887 0.666731
898 0.667429
906 0.668141
910 0.669099
913 0.66948
962 0.672532
965 0.672546
979 0.672631
988 0.675046
1009 0.675754
1012 0.67955
1016 0.680243
1026 0.681058
1101 0.681901
1110 0.683174
1147 0.68475
1189 0.685859
1206 0.686305
1267 0.687406
1271 0.688532
1290 0.689978
1359 0.691845
1388 0.693812
1425 0.694625
1433 0.694735
1440 0.69477
1553 0.695289
1554 0.695568
1627 0.695725
1649 0.698722
1701 0.700498
1745 0.700868
1772 0.701315
1790 0.702078
1808 0.704072
1871 0.705293
1903 0.705689
1950 0.705962
1968 0.706946
2030 0.707454
2069 0.708131
2216 0.708821
2582 0.709369
2636 0.710579
2702 0.71073
2715 0.711591
2760 0.71385
2880 0.714077
2910 0.714758
2967 0.715177
3045 0.715627
3089 0.715808
3288 0.716005
3505 0.716673
4001 0.717102
4244 0.717201
4276 0.717472
4441 0.71907
4736 0.720177
4890 0.721169
