0 0.503738
4 0.504525
5 0.505387
7 0.509015
8 0.509839
13 0.513694
14 0.514338
15 0.5172
20 0.519136
21 0.520896
24 0.521886
26 0.52235
32 0.524249
33 0.524869
35 0.525933
36 0.527431
38 0.528334
40 0.533766
41 0.534213
42 0.535379
50 0.536185
51 0.537372
52 0.542082
54 0.542521
63 0.543225
64 0.54421
65 0.544602
66 0.545391
68 0.547758
69 0.547963
70 0.551227
73 0.55819
80 0.559758
81 0.560616
84 0.563068
87 0.563277
90 0.565206
95 0.565921
96 0.568755
98 0.572568
103 0.57467
104 0.574944
106 0.57579
111 0.576749
113 0.576923
116 0.577465
118 0.578962
121 0.580378
130 0.582198
133 0.586043
137 0.586197
142 0.587006
144 0.5881
145 0.58879
147 0.589452
152 0.591017
155 0.593776
157 0.593812
161 0.595375
163 0.596543
164 0.597713
165 0.598582
166 0.600565
173 0.601882
176 0.603132
178 0.604424
182 0.605225
185 0.6055
190 0.607066
197 0.609272
205 0.61039
209 0.611493
210 0.612663
215 0.613822
226 0.614522
227 0.615167
229 0.616973
248 0.617776
259 0.617822
261 0.621164
263 0.622124
265 0.622443
269 0.624142
275 0.626339
282 0.628231
292 0.630205
294 0.631007
295 0.634462
306 0.635013
310 0.636378
344 0.638216
354 0.638611
357 0.639234
366 0.642023
368 0.643164
374 0.643984
409 0.645198
424 0.645372
442 0.646488
457 0.648299
471 0.64903
501 0.64909
505 0.650099
509 0.650184
548 0.652565
566 0.653144
575 0.653364
602 0.653376
613 0.653542
617 0.655244
621 0.655586
624 0.656267
633 0.657913
644 0.658967
650 0.659215
713 0.66112
726 0.663363
730 0.664331
768 0.664429
780 0.664726
783 0.665106
791 0.66663
798 0.666671
836 0.669652
849 0.670143
859 0.670364
879 0.670849
885 0.670949
887 0.671
909 0.671441
914 0.671696
930 0.672425
937 0.673621
944 0.674697
952 0.675506
983 0.67657
985 0.678517
995 0.678575
1003 0.679427
1006 0.679943
1009 0.680677
1065 0.680748
1076 0.681754
1120 0.683039
1176 0.683061
1222 0.683853
1232 0.684682
1263 0.685854
1288 0.687152
1312 0.689102
1384 0.689793
1412 0.695836
1422 0.697253
1426 0.697622
1434 0.697816
1517 0.699202
1535 0.699326
1678 0.701384
1681 0.702428
1724 0.702975
1853 0.703946
1921 0.705281
1964 0.705593
2211 0.706412
2244 0.706482
2311 0.70727
2332 0.708863
2448 0.709477
2553 0.709954
2665 0.710242
2717 0.710783
2726 0.711075
2769 0.711428
2818 0.713579
2980 0.71382
3005 0.715073
3033 0.715641
3105 0.715735
3107 0.717318
3260 0.717578
3270 0.717628
3368 0.718711
3671 0.71949
