0 0.493197
1 0.493768
4 0.496971
5 0.497603
8 0.501835
13 0.504376
21 0.506049
23 0.507568
24 0.507839
25 0.510216
26 0.511194
28 0.51254
29 0.514395
30 0.516204
35 0.516315
42 0.517228
43 0.517871
44 0.518739
46 0.519365
48 0.520006
49 0.521622
50 0.522071
51 0.523721
52 0.525869
53 0.52591
56 0.527016
57 0.530049
58 0.531249
60 0.5348
62 0.536039
63 0.538395
66 0.541595
68 0.542408
69 0.543784
71 0.544742
72 0.54637
73 0.549633
74 0.552432
80 0.552662
86 0.554186
87 0.554561
89 0.556428
90 0.560119
91 0.561328
92 0.562118
93 0.564312
95 0.565022
97 0.565105
99 0.567906
100 0.568368
102 0.569499
109 0.571313
112 0.572293
115 0.572928
116 0.574293
118 0.575035
122 0.575314
123 0.576889
124 0.57916
128 0.583033
135 0.583171
136 0.586021
139 0.58674
140 0.588446
141 0.589686
142 0.592211
146 0.592277
151 0.592455
152 0.59502
153 0.595779
157 0.596266
176 0.597823
184 0.597918
190 0.599779
195 0.599812
198 0.601508
203 0.601862
208 0.602011
212 0.602364
222 0.602995
223 0.603717
224 0.605163
226 0.608097
232 0.60915
248 0.609654
250 0.609655
251 0.611036
254 0.611308
259 0.612501
261 0.613617
265 0.614844
273 0.61633
276 0.616852
277 0.618058
301 0.619421
303 0.621095
306 0.621326
329 0.624722
334 0.626466
350 0.626937
365 0.629531
369 0.63291
383 0.636381
407 0.637171
411 0.637816
422 0.638016
443 0.638472
445 0.639027
454 0.639245
477 0.639334
483 0.639499
484 0.640549
486 0.640706
488 0.641188
490 0.641384
492 0.642108
495 0.642805
503 0.644416
513 0.645887
526 0.647544
542 0.64924
547 0.64995
563 0.654203
565 0.655318
585 0.655722
590 0.655845
598 0.657168
622 0.657394
624 0.657712
629 0.660098
651 0.660307
658 0.660983
676 0.663378
683 0.667106
685 0.667471
694 0.66846
710 0.669034
719 0.670491
722 0.671065
729 0.67212
758 0.674108
824 0.674494
846 0.674739
875 0.675549
876 0.675653
877 0.675931
902 0.676481
918 0.678011
927 0.679386
947 0.681209
956 0.682828
964 0.68668
1061 0.686765
1072 0.687331
1075 0.687381
1089 0.688049
1106 0.688312
1120 0.688397
1171 0.688626
1175 0.688857
1237 0.690166
1256 0.691587
1257 0.692136
1305 0.692799
1392 0.693417
1411 0.694035
1416 0.694238
1454 0.694327
1464 0.694488
1508 0.695331
1527 0.697563
1583 0.698482
1601 0.70007
1694 0.700853
1831 0.70133
1839 0.702082
1886 0.703072
2012 0.704396
2013 0.704696
2111 0.704819
2143 0.707969
2178 0.709172
2197 0.709514
2303 0.709562
2499 0.710105
2602 0.712396
2891 0.713343
3211 0.71399
3384 0.714697
3693 0.714817
