0 0.497208
1 0.49783
3 0.501783
8 0.503018
11 0.504925
12 0.505772
14 0.506204
18 0.508002
19 0.509619
22 0.511064
26 0.51482
29 0.514971
32 0.518548
33 0.520523
35 0.522764
36 0.523232
38 0.523517
39 0.526045
41 0.52648
43 0.527057
47 0.531136
51 0.531922
54 0.532463
56 0.534972
57 0.535437
58 0.536199
59 0.538922
62 0.540868
63 0.54361
65 0.545175
69 0.546787
74 0.547799
77 0.548834
82 0.549207
85 0.549209
88 0.551167
94 0.551521
95 0.552645
96 0.553234
97 0.554829
98 0.557799
102 0.557963
105 0.558037
108 0.558082
110 0.560006
111 0.562182
114 0.56437
116 0.567819
117 0.571786
127 0.573363
134 0.575431
139 0.576653
141 0.578497
142 0.579569
143 0.581863
147 0.582205
148 0.586695
150 0.586924
151 0.587295
152 0.590982
155 0.591048
163 0.591164
164 0.592609
167 0.593185
168 0.59376
174 0.593796
184 0.593915
189 0.59454
191 0.595321
206 0.595665
208 0.595974
210 0.596477
211 0.596568
214 0.59678
215 0.598907
220 0.600661
224 0.600896
226 0.60191
227 0.602236
234 0.603365
237 0.603462
239 0.604065
243 0.605099
252 0.605343
260 0.607929
279 0.608179
283 0.608302
288 0.609951
301 0.610782
341 0.611418
345 0.612777
352 0.616083
355 0.616801
361 0.617335
368 0.618533
374 0.618687
382 0.620396
385 0.620782
395 0.620911
399 0.621473
401 0.622274
415 0.623229
419 0.62403
426 0.624657
427 0.624691
435 0.624968
436 0.627998
441 0.628098
442 0.628356
460 0.628638
463 0.628891
487 0.630817
494 0.631559
500 0.631806
503 0.632123
505 0.633164
506 0.633442
515 0.634052
519 0.634892
547 0.63604
554 0.637301
555 0.63732
562 0.637659
564 0.640847
565 0.642125
581 0.643899
582 0.64498
583 0.64587
588 0.646488
599 0.648059
601 0.648828
604 0.649167
612 0.649338
619 0.65102
629 0.653897
632 0.654209
640 0.654624
648 0.657565
662 0.65781
665 0.660423
671 0.661726
673 0.662054
684 0.663154
685 0.666075
695 0.667392
697 0.6688
714 0.669091
722 0.669322
732 0.670147
750 0.67258
767 0.67302
774 0.675433
782 0.67578
790 0.675885
802 0.678599
814 0.679039
816 0.679462
820 0.680324
824 0.680946
841 0.685013
863 0.686149
939 0.686908
977 0.68756
979 0.688497
997 0.68871
1001 0.689478
1011 0.690449
1045 0.694193
1052 0.69553
1060 0.695796
1103 0.69675
1145 0.696908
1148 0.697358
1280 0.69751
1342 0.697515
1345 0.69796
1346 0.698377
1415 0.698396
1429 0.699166
1442 0.699405
1445 0.699493
1477 0.700041
1501 0.701049
1512 0.701089
1546 0.701312
1588 0.701685
1629 0.702888
1708 0.703939
1714 0.70517
1772 0.70526
1806 0.706704
1836 0.706809
1930 0.706948
2008 0.707529
2009 0.708246
2171 0.708341
2221 0.709692
2279 0.70972
2284 0.710205
2343 0.710998
2386 0.711943
2476 0.712006
2588 0.71205
2814 0.712903
2833 0.713412
2848 0.713977
2849 0.714224
2904 0.714686
2972 0.716057
3029 0.716777
3238 0.717923
3271 0.717956
3383 0.718021
3389 0.718798
3466 0.718949
3472 0.719891
3483 0.721371
3673 0.723815
3716 0.725631
3770 0.725834
3999 0.726367
4170 0.727616
4487 0.728654
4965 0.729479
5028 0.731131
