0 0.511733
3 0.512704
6 0.512788
9 0.516441
10 0.51947
15 0.52041
17 0.521785
18 0.523339
20 0.526452
22 0.527766
25 0.528021
26 0.529185
29 0.533566
30 0.534475
32 0.535176
34 0.536789
35 0.537981
38 0.539483
41 0.541603
46 0.542683
47 0.545678
58 0.55237
61 0.55596
64 0.559989
66 0.562785
68 0.564979
69 0.568026
74 0.572707
76 0.573963
79 0.574861
80 0.574901
84 0.576199
89 0.577314
92 0.579077
98 0.582895
99 0.583406
101 0.585324
105 0.585908
111 0.587
112 0.588013
122 0.588085
124 0.588668
128 0.590024
136 0.592926
138 0.594981
141 0.59529
142 0.596059
148 0.596695
157 0.599566
159 0.599981
160 0.60015
165 0.600776
166 0.601217
174 0.602293
181 0.603516
186 0.605745
187 0.606698
189 0.607578
191 0.607989
192 0.609161
199 0.611451
218 0.614624
227 0.614996
231 0.615986
234 0.617069
236 0.617784
245 0.618796
247 0.621294
252 0.621421
258 0.621601
263 0.622601
267 0.622861
278 0.623
280 0.623247
283 0.625405
307 0.625444
310 0.629032
318 0.629271
329 0.630981
333 0.634146
348 0.634299
369 0.634615
372 0.636411
376 0.636696
379 0.637496
397 0.637636
405 0.639375
431 0.64177
434 0.642133
443 0.642753
452 0.642928
477 0.643223
483 0.644308
489 0.644544
502 0.644813
511 0.646099
512 0.647143
527 0.648258
540 0.648542
546 0.650096
553 0.651253
555 0.652598
560 0.655314
570 0.656124
586 0.656324
594 0.656941
602 0.657455
626 0.659063
636 0.659852
656 0.659948
698 0.660216
702 0.661095
736 0.661865
747 0.663658
784 0.663699
794 0.663963
798 0.663972
801 0.663977
833 0.665012
840 0.665681
863 0.667183
870 0.668778
875 0.669691
924 0.671059
942 0.672242
945 0.672957
953 0.67374
954 0.675368
981 0.675735
1002 0.675928
1004 0.676044
1009 0.677794
1028 0.681255
1036 0.681343
1053 0.681509
1058 0.681524
1096 0.682091
1109 0.682645
1126 0.68301
1193 0.684178
1224 0.684542
1230 0.684923
1274 0.687103
1319 0.687478
1328 0.687562
1365 0.687834
1377 0.689617
1378 0.6897
1409 0.691251
1431 0.691507
1476 0.694406
1497 0.694626
1513 0.696757
1615 0.700068
1670 0.700377
1777 0.700459
1836 0.702358
1911 0.703834
1932 0.704367
1961 0.704498
1999 0.705384
2088 0.705503
2132 0.70611
2189 0.706329
2229 0.706429
2241 0.707673
2584 0.70912
2622 0.70917
2797 0.709616
3196 0.710605
3391 0.710616
3686 0.710967
3913 0.711388
4140 0.71147
4505 0.711964
4720 0.712529
4859 0.713034
5107 0.713427
