0 0.502392
1 0.506173
2 0.508031
4 0.510932
5 0.513484
6 0.514125
8 0.514989
10 0.515956
16 0.517277
17 0.519118
21 0.524652
22 0.525639
25 0.528343
29 0.533625
31 0.534101
32 0.53709
33 0.537706
41 0.541344
42 0.546351
43 0.54773
44 0.548179
51 0.548505
52 0.548947
53 0.549224
55 0.551085
59 0.551143
65 0.551626
69 0.552201
70 0.555879
72 0.55589
76 0.558115
77 0.560826
78 0.56134
83 0.561388
86 0.562847
91 0.562874
104 0.563901
106 0.564305
109 0.568181
110 0.571152
127 0.571638
136 0.571845
139 0.57201
140 0.574339
144 0.574719
148 0.576656
153 0.578054
154 0.581606
157 0.585595
158 0.586346
159 0.588781
162 0.590066
170 0.591407
173 0.593981
175 0.594636
179 0.594697
182 0.59516
192 0.596963
195 0.598135
196 0.601316
205 0.606975
212 0.608914
214 0.609888
235 0.610076
238 0.610112
242 0.612107
248 0.612889
249 0.615405
260 0.61846
265 0.619068
267 0.619199
273 0.619854
278 0.621298
286 0.623052
295 0.624027
299 0.624708
314 0.625579
318 0.627294
322 0.627626
325 0.62878
328 0.630242
341 0.630822
345 0.63186
354 0.633539
358 0.635754
362 0.63586
365 0.636324
384 0.636879
389 0.637323
411 0.63762
417 0.638581
425 0.639901
430 0.64059
445 0.641348
446 0.643135
447 0.646264
451 0.648195
456 0.648664
463 0.649056
468 0.649276
470 0.651656
472 0.651896
474 0.65236
476 0.653438
498 0.65463
501 0.656172
507 0.656467
527 0.657658
530 0.657705
531 0.658003
546 0.658388
550 0.659148
570 0.659224
581 0.660721
595 0.661143
603 0.661606
605 0.662027
608 0.664376
611 0.666369
620 0.666925
641 0.670315
643 0.670317
664 0.670523
684 0.670727
694 0.671322
698 0.673412
701 0.673726
713 0.674325
734 0.675856
764 0.676721
773 0.67783
778 0.677926
788 0.679837
791 0.681526
799 0.682029
864 0.682406
873 0.682499
911 0.682994
916 0.683492
919 0.684145
969 0.685521
993 0.68596
995 0.687375
1017 0.687506
1029 0.688144
1042 0.688429
1058 0.68865
1077 0.689889
1084 0.691556
1095 0.69247
1104 0.692567
1145 0.692747
1195 0.69357
1257 0.693661
1328 0.694803
1381 0.694814
1458 0.695154
1486 0.695757
1565 0.69646
1625 0.698941
1776 0.699788
1874 0.700264
1998 0.70064
1999 0.701608
2028 0.703412
2053 0.703859
2099 0.704524
2111 0.705323
2317 0.705608
2341 0.706032
2439 0.707549
2513 0.708249
2554 0.709027
2618 0.709272
2645 0.709859
3039 0.710112
3346 0.710419
3613 0.711049
3725 0.712466
4038 0.712839
4040 0.713022
4227 0.714164
4245 0.714706
4334 0.714787
4433 0.714955
4442 0.715033
4666 0.715801
4675 0.716233
4886 0.716512
5077 0.717218
5081 0.717474
5138 0.718058
5220 0.718137
5247 0.718652
5295 0.718661
5348 0.718843
5806 0.719397
