0 0.486016
2 0.488627
7 0.491144
8 0.492723
10 0.493207
13 0.495487
14 0.500723
16 0.503751
17 0.505213
20 0.508861
22 0.510509
23 0.513631
24 0.519956
25 0.5258
26 0.52591
27 0.528611
29 0.529775
30 0.529867
31 0.531413
34 0.532544
35 0.536546
37 0.538251
39 0.538915
40 0.539644
41 0.541452
45 0.541927
46 0.542778
47 0.54489
50 0.545674
51 0.549333
52 0.55097
53 0.555623
54 0.555993
56 0.557384
57 0.559498
61 0.561224
63 0.564026
64 0.565711
66 0.56658
69 0.567342
71 0.569853
72 0.570887
73 0.571359
76 0.575375
77 0.575562
84 0.577439
89 0.577809
90 0.578092
95 0.579624
107 0.580567
108 0.581865
121 0.583782
124 0.58494
126 0.586475
129 0.587386
130 0.587876
132 0.591387
158 0.591736
161 0.593125
164 0.593803
175 0.596792
180 0.598122
182 0.600011
191 0.602076
198 0.602422
202 0.602574
215 0.603095
217 0.604216
226 0.604857
240 0.606241
241 0.607214
249 0.60927
252 0.609485
257 0.610507
258 0.611143
264 0.6118
266 0.614674
270 0.614999
272 0.616025
275 0.618601
278 0.619955
293 0.620239
296 0.622112
334 0.623874
349 0.625156
387 0.627227
393 0.628612
396 0.628683
406 0.631172
410 0.631664
412 0.633433
422 0.633587
428 0.633607
431 0.633867
476 0.634047
481 0.634373
484 0.635881
485 0.636145
495 0.636775
496 0.637151
503 0.638096
511 0.638147
512 0.642458
513 0.642577
523 0.642671
533 0.643459
535 0.64479
544 0.646281
548 0.647455
554 0.647746
559 0.648375
569 0.648718
570 0.649292
578 0.650104
584 0.651268
585 0.652495
587 0.652546
592 0.654588
597 0.654687
604 0.655071
644 0.655284
655 0.655841
657 0.658306
664 0.659953
675 0.66108
678 0.661247
720 0.662024
723 0.662832
737 0.663247
745 0.663747
749 0.664292
768 0.664689
772 0.664935
779 0.665304
793 0.666615
811 0.666765
831 0.668731
865 0.668745
869 0.668941
875 0.6696
884 0.670238
909 0.670249
959 0.671553
994 0.671701
999 0.672952
1006 0.673062
1016 0.67327
1017 0.675234
1040 0.676149
1062 0.676614
1074 0.677106
1084 0.677315
1091 0.678252
1100 0.6789
1123 0.680932
1143 0.681382
1189 0.6818
1237 0.681832
1343 0.68304
1346 0.683281
1365 0.684594
1392 0.685431
1411 0.685718
1418 0.68605
1420 0.686429
1474 0.687272
1483 0.689697
1534 0.689736
1557 0.689902
1595 0.690891
1646 0.691352
1661 0.691854
1683 0.691961
1688 0.693447
1750 0.694495
1764 0.696553
1798 0.696816
1809 0.697955
1811 0.698311
1813 0.698964
1819 0.700936
1845 0.703102
2058 0.703631
2062 0.704503
2119 0.704829
2147 0.705129
2178 0.706277
2205 0.706684
2332 0.707339
2377 0.707811
2426 0.708701
2433 0.710126
2552 0.710152
2642 0.71017
2653 0.710462
2776 0.710896
2778 0.712717
3041 0.713211
3061 0.713483
3094 0.714053
3352 0.714912
3469 0.714966
3647 0.715247
3686 0.715321
3759 0.716622
3813 0.716813
3879 0.717558
3999 0.719064
4234 0.720804
4460 0.721298
4776 0.721791
