0 0.519247
3 0.519732
5 0.519896
7 0.520851
9 0.520854
10 0.52274
12 0.522751
13 0.524071
16 0.525768
18 0.528288
19 0.529698
21 0.5338
24 0.535378
27 0.536139
30 0.537025
34 0.538018
41 0.541221
44 0.542168
48 0.54555
51 0.546092
52 0.547995
53 0.550786
54 0.551996
55 0.552427
56 0.553591
59 0.554254
61 0.55512
63 0.556624
64 0.557987
70 0.561147
77 0.564196
84 0.564985
88 0.56564
92 0.565903
94 0.568092
95 0.569643
96 0.570258
98 0.57231
104 0.574286
105 0.575151
109 0.575869
118 0.577414
121 0.577914
124 0.579449
127 0.583273
137 0.584938
141 0.584989
145 0.588435
151 0.590566
155 0.59288
161 0.593613
162 0.595978
164 0.596505
173 0.596647
174 0.598999
181 0.599341
183 0.599513
186 0.601847
196 0.60383
206 0.605807
212 0.60835
217 0.608692
239 0.608745
241 0.612656
248 0.613084
259 0.613757
268 0.614751
272 0.616302
276 0.616645
283 0.61788
291 0.619324
294 0.620547
300 0.620633
301 0.622196
312 0.624217
316 0.624353
317 0.625145
319 0.625686
326 0.626267
333 0.626451
338 0.627341
340 0.628691
341 0.629279
346 0.630773
348 0.631982
351 0.633594
365 0.634031
367 0.638388
369 0.639464
372 0.639788
376 0.640175
379 0.64118
399 0.642174
401 0.645463
404 0.645638
411 0.645667
414 0.648622
415 0.650459
429 0.651298
430 0.651539
448 0.651891
452 0.652858
464 0.654794
473 0.656122
482 0.656449
490 0.657631
492 0.658491
496 0.659467
516 0.661006
541 0.662898
543 0.663634
546 0.664039
598 0.664895
601 0.665892
608 0.666439
609 0.666894
628 0.668828
647 0.669059
692 0.669875
702 0.670047
719 0.671105
734 0.673319
757 0.674938
780 0.675175
786 0.675494
798 0.676269
831 0.677149
869 0.68049
913 0.68068
929 0.681942
940 0.682705
951 0.682833
981 0.683526
983 0.685238
984 0.685339
997 0.686327
1047 0.687611
1071 0.688744
1079 0.689559
1094 0.690232
1116 0.690315
1213 0.691366
1276 0.69151
1325 0.692533
1350 0.693295
1387 0.695049
1409 0.695719
1417 0.697785
1425 0.69804
1506 0.698073
1573 0.698081
1580 0.698381
1595 0.698758
1653 0.698772
1700 0.699684
1728 0.699996
1754 0.700119
1766 0.700145
1788 0.700992
1814 0.70181
1815 0.702193
1853 0.702296
1988 0.70307
2203 0.704898
