0 0.486367
2 0.489282
4 0.490037
5 0.490131
6 0.492437
10 0.497066
13 0.501197
14 0.505331
17 0.505796
19 0.50611
22 0.508263
23 0.509364
24 0.510468
25 0.512637
26 0.515005
27 0.51528
30 0.517174
31 0.517936
37 0.520739
40 0.522663
41 0.523141
42 0.524889
45 0.525983
46 0.527994
48 0.530796
52 0.532162
54 0.534918
55 0.535723
61 0.539447
64 0.541131
66 0.541516
67 0.543532
68 0.544045
70 0.545172
71 0.545341
73 0.545969
77 0.54696
78 0.547162
81 0.548696
83 0.549101
86 0.549512
87 0.550772
89 0.55324
94 0.556827
96 0.559396
98 0.560906
106 0.561341
107 0.563814
112 0.564787
114 0.566545
115 0.569164
117 0.572439
120 0.573845
128 0.573919
130 0.574997
131 0.575268
132 0.57717
134 0.578932
143 0.579694
146 0.579938
150 0.582627
161 0.583049
164 0.586216
170 0.58644
172 0.586819
176 0.5885
179 0.589332
180 0.590386
186 0.593057
187 0.59418
190 0.595656
192 0.596656
194 0.598084
199 0.602871
206 0.60297
213 0.604605
214 0.604611
219 0.60497
222 0.605008
225 0.609246
243 0.609329
246 0.609416
249 0.611583
262 0.611844
264 0.611855
266 0.613445
274 0.616374
281 0.617611
287 0.61795
289 0.618785
291 0.619459
293 0.619709
295 0.619764
299 0.62171
305 0.62316
335 0.623924
340 0.625995
349 0.626722
361 0.626969
363 0.628003
378 0.628237
385 0.630911
390 0.631633
391 0.631921
394 0.634428
401 0.635925
405 0.638001
414 0.638413
421 0.640105
429 0.641198
430 0.641909
444 0.642598
446 0.644098
462 0.645311
475 0.648364
493 0.649001
531 0.650268
535 0.651714
537 0.652123
538 0.652182
570 0.652562
573 0.654761
582 0.658515
584 0.659305
592 0.661351
605 0.663218
606 0.663498
618 0.663513
625 0.664883
630 0.665637
660 0.665774
679 0.666177
682 0.668381
720 0.668537
724 0.671465
747 0.673249
767 0.674328
774 0.675994
782 0.677991
788 0.678711
821 0.678932
826 0.678956
856 0.679275
858 0.680549
869 0.680563
911 0.680841
947 0.681039
987 0.682353
991 0.6825
1029 0.682935
1047 0.683748
1057 0.687018
1070 0.687766
1120 0.688042
1133 0.690843
1169 0.693023
1190 0.693972
1205 0.694131
1219 0.694358
1223 0.694702
1253 0.696403
1279 0.696432
1280 0.698945
1300 0.700954
1327 0.702185
1332 0.703412
1365 0.703445
1516 0.703797
1549 0.705117
1553 0.707154
1559 0.708114
1625 0.708422
1642 0.708448
1865 0.70859
2169 0.708811
2275 0.709961
2451 0.710222
2467 0.710856
2715 0.71133
2927 0.71161
3214 0.711965
3247 0.712745
3291 0.712908
3304 0.714972
3333 0.715625
3353 0.715978
3357 0.716599
3360 0.717662
3383 0.718483
3535 0.718485
3658 0.718551
4008 0.71931
4310 0.719367
4597 0.720309
4754 0.720659
4910 0.722757
5342 0.722971
