0 0.495945
2 0.500794
6 0.506369
7 0.508785
9 0.509236
11 0.512293
15 0.514853
20 0.515017
22 0.515478
23 0.518973
28 0.521657
31 0.524629
32 0.5287
34 0.532332
35 0.536282
39 0.540151
40 0.54155
45 0.541623
46 0.54345
47 0.543637
49 0.546857
50 0.548447
51 0.548813
53 0.549803
56 0.550535
60 0.55069
64 0.551493
65 0.551801
68 0.553269
69 0.555829
78 0.55592
79 0.562341
81 0.565424
84 0.566086
93 0.566488
96 0.567166
98 0.569749
100 0.569861
102 0.570662
106 0.573611
111 0.575591
112 0.57576
114 0.576801
116 0.577125
120 0.577556
124 0.579014
128 0.580492
142 0.583922
143 0.585444
144 0.585665
145 0.587123
149 0.587183
168 0.587862
176 0.589698
179 0.591525
183 0.592675
186 0.593129
193 0.594084
197 0.594541
198 0.59586
203 0.597642
209 0.598478
224 0.599079
227 0.602203
233 0.603312
236 0.603315
247 0.605172
252 0.60631
254 0.607929
263 0.60929
264 0.609802
265 0.612059
269 0.613783
272 0.615418
274 0.616749
279 0.617478
286 0.618829
287 0.618944
289 0.619163
294 0.622065
312 0.623951
318 0.62396
327 0.624581
328 0.624585
329 0.625629
331 0.626815
337 0.627052
342 0.627546
356 0.627911
361 0.628088
369 0.628136
370 0.628508
375 0.631139
376 0.631623
378 0.631877
427 0.632868
429 0.634602
440 0.634813
448 0.635721
466 0.638372
468 0.639916
472 0.640562
473 0.643542
483 0.64373
491 0.643989
496 0.644026
497 0.644517
509 0.647202
517 0.647844
518 0.648447
525 0.648514
529 0.651612
531 0.653209
539 0.655902
545 0.657781
550 0.658234
564 0.659445
571 0.659608
577 0.659898
590 0.66363
600 0.664143
605 0.665001
614 0.665194
619 0.665219
621 0.665897
626 0.667476
638 0.6676
704 0.669448
718 0.669629
720 0.672059
739 0.672598
744 0.6731
763 0.673568
783 0.67449
794 0.675549
801 0.676893
810 0.678032
837 0.680048
850 0.683771
854 0.684559
859 0.684572
862 0.684852
894 0.685801
919 0.686523
951 0.688343
964 0.688357
991 0.690314
1014 0.691276
1048 0.691722
1053 0.691989
1074 0.69276
1159 0.693577
1178 0.694176
1205 0.696796
1286 0.697046
1291 0.698239
1337 0.698381
1357 0.69851
1363 0.69891
1415 0.700236
1481 0.700247
1579 0.70102
1630 0.70162
1631 0.701623
1634 0.702265
1646 0.70328
1692 0.703669
1728 0.705394
1760 0.706654
1769 0.706931
1823 0.707205
1886 0.70758
1913 0.707659
1974 0.707814
2032 0.707835
2060 0.708444
2067 0.708755
2345 0.709595
2427 0.710715
2429 0.710963
2540 0.711331
2597 0.711938
2599 0.713074
2714 0.713268
2812 0.714105
2833 0.714611
2923 0.714947
3040 0.716298
3214 0.716429
3345 0.717591
3491 0.718461
3606 0.718709
3707 0.718844
3894 0.718972
3899 0.719262
4084 0.720282
4146 0.720935
4472 0.722123
4480 0.722352
4793 0.72237
4963 0.7224
5011 0.723407
5114 0.723879
