0 0.500564
1 0.503588
5 0.504244
9 0.505633
15 0.507371
17 0.508296
21 0.508844
23 0.509602
25 0.510313
26 0.510527
27 0.514919
29 0.516771
30 0.520287
32 0.521985
34 0.525224
36 0.526657
37 0.528545
39 0.530475
43 0.534803
46 0.535423
48 0.535839
51 0.536331
53 0.537107
55 0.537448
57 0.539737
59 0.542849
60 0.544472
63 0.55004
64 0.550528
67 0.551181
70 0.551692
71 0.554858
75 0.554889
76 0.555476
80 0.5573
86 0.557772
89 0.559432
90 0.561437
91 0.562382
93 0.56395
94 0.565599
95 0.567604
100 0.567798
106 0.572181
108 0.574864
123 0.575141
124 0.577676
126 0.578141
131 0.578813
134 0.579022
137 0.579904
142 0.580316
147 0.580919
159 0.581124
167 0.581608
175 0.582651
179 0.583523
186 0.585767
187 0.586214
190 0.587014
191 0.588239
196 0.589158
197 0.590038
208 0.591669
211 0.593473
219 0.596479
221 0.597384
224 0.598447
228 0.600118
237 0.600254
238 0.602689
239 0.604648
243 0.60605
250 0.607012
258 0.607174
259 0.609423
261 0.611434
264 0.61366
269 0.615855
271 0.619229
272 0.619902
280 0.619915
281 0.62117
283 0.622301
303 0.623126
313 0.623858
315 0.62724
321 0.628529
342 0.629206
346 0.630936
350 0.633716
359 0.634336
362 0.635685
368 0.636366
379 0.636572
386 0.637472
388 0.641448
396 0.64214
400 0.642913
444 0.643127
450 0.647
472 0.647025
482 0.64791
491 0.649616
499 0.650577
503 0.651119
540 0.652748
556 0.653104
569 0.654285
579 0.655157
584 0.655406
592 0.659972
595 0.660701
608 0.661156
667 0.661217
673 0.663371
717 0.663535
725 0.663721
737 0.665177
752 0.666059
777 0.667364
784 0.668169
786 0.668999
808 0.66989
851 0.670833
868 0.671245
876 0.671866
887 0.672695
890 0.672716
895 0.672791
899 0.673105
902 0.673306
910 0.67511
924 0.675938
961 0.676145
1010 0.676819
1017 0.678295
1022 0.67887
1039 0.679737
1069 0.679837
1084 0.680124
1102 0.681136
1138 0.683114
1148 0.685113
1176 0.685835
1185 0.686187
1218 0.687106
1245 0.687363
1246 0.687501
1247 0.688523
1253 0.688558
1254 0.689501
1258 0.689655
1276 0.690495
1281 0.691173
1338 0.69125
1356 0.692923
1390 0.694046
1434 0.694248
1483 0.694679
1500 0.694931
1505 0.695902
1527 0.696066
1572 0.697803
1625 0.697828
1720 0.698174
1730 0.699419
1746 0.699462
1759 0.699748
1833 0.700254
1920 0.700659
2012 0.701382
2108 0.702493
2135 0.702515
2187 0.703487
2219 0.703798
2232 0.705338
2272 0.706025
2288 0.706733
2323 0.707268
2370 0.707565
2493 0.707821
2550 0.707881
2600 0.708194
2728 0.708208
3017 0.710153
3105 0.710185
3377 0.710744
3426 0.710875
3887 0.711315
4042 0.713173
4135 0.713929
4144 0.71433
4194 0.716306
4337 0.717493
4603 0.717943
4921 0.71797
5054 0.718321
5197 0.718574
5420 0.719789
5618 0.720801
5697 0.721266
