0 0.490299
1 0.49359
3 0.495518
9 0.496082
13 0.497063
15 0.498097
19 0.499351
20 0.501745
21 0.502028
22 0.503197
23 0.507544
24 0.510144
28 0.512074
30 0.512456
31 0.513239
32 0.513323
36 0.516345
40 0.518835
41 0.520675
48 0.522303
51 0.523683
52 0.524209
53 0.524358
54 0.526022
58 0.527602
59 0.52884
60 0.530201
62 0.53064
63 0.533272
65 0.536027
66 0.537971
68 0.54115
72 0.541971
73 0.543928
76 0.545613
85 0.545968
92 0.547115
96 0.550767
97 0.556604
99 0.557141
110 0.558625
112 0.56002
116 0.561538
119 0.563914
121 0.564609
122 0.566391
125 0.568448
126 0.573176
131 0.574434
140 0.57465
143 0.576087
149 0.577997
150 0.578667
153 0.579708
161 0.579758
166 0.582168
181 0.584426
189 0.5869
191 0.587472
192 0.592764
215 0.592776
217 0.594117
218 0.594153
226 0.594315
231 0.594804
233 0.595922
236 0.59817
242 0.600856
243 0.60242
250 0.602862
254 0.603128
259 0.605924
265 0.608246
268 0.608971
272 0.609359
279 0.609414
280 0.610317
284 0.61124
285 0.612126
293 0.614438
297 0.617161
299 0.617976
301 0.619104
306 0.619796
311 0.620026
316 0.621415
320 0.621795
332 0.622386
339 0.623384
345 0.625661
362 0.625902
369 0.626234
380 0.626406
386 0.62656
391 0.627074
395 0.62737
408 0.62742
414 0.628852
415 0.629094
419 0.630038
430 0.631278
432 0.632635
433 0.632922
445 0.633068
460 0.633443
475 0.633922
480 0.634561
510 0.637201
544 0.63936
546 0.64031
581 0.640946
586 0.641652
619 0.643264
627 0.643588
635 0.644784
637 0.646027
658 0.646888
661 0.647004
682 0.649884
684 0.649945
686 0.650444
703 0.651898
715 0.652066
717 0.653798
738 0.655242
743 0.656116
745 0.657201
750 0.657423
752 0.658425
756 0.659488
760 0.659909
796 0.660865
797 0.661953
822 0.66249
846 0.662731
852 0.663117
875 0.663553
931 0.665616
984 0.665753
1001 0.666721
1004 0.666893
1031 0.667346
1046 0.668235
1056 0.669839
1058 0.67404
1078 0.676408
1095 0.676809
1117 0.677178
1147 0.677293
1162 0.678978
1175 0.679396
1223 0.681515
1228 0.683223
1243 0.683344
1255 0.684507
1256 0.685148
1257 0.685273
1316 0.685647
1350 0.687439
1356 0.692115
1358 0.692804
1361 0.69311
1409 0.693324
1561 0.695806
1585 0.697342
1596 0.698835
1636 0.69942
1733 0.699738
1764 0.700233
1828 0.700768
1830 0.701536
1873 0.701577
1893 0.70195
1950 0.702062
1956 0.702147
1958 0.703763
1978 0.704012
2010 0.704714
2074 0.706501
2105 0.706974
2114 0.708167
2145 0.709777
2156 0.711069
2218 0.712225
2245 0.712911
2291 0.713163
2313 0.713441
2317 0.713556
2354 0.714945
2420 0.717381
2502 0.71859
2563 0.719586
2575 0.720469
2589 0.721369
2634 0.721403
2659 0.721806
3140 0.722212
3494 0.723465
