0 0.480089
4 0.482245
6 0.486583
9 0.487375
16 0.489119
17 0.491077
18 0.491396
20 0.49537
23 0.497356
26 0.50304
27 0.506738
28 0.507081
30 0.507532
32 0.511342
33 0.515255
35 0.519619
37 0.52066
38 0.521992
39 0.52869
45 0.529603
46 0.531274
47 0.53226
48 0.533584
51 0.533855
55 0.535755
56 0.538008
58 0.53928
60 0.540782
62 0.540785
65 0.540909
66 0.541139
78 0.54453
79 0.547515
81 0.549144
82 0.549491
86 0.551667
94 0.556186
100 0.55943
101 0.561096
102 0.562228
107 0.562247
115 0.562836
117 0.563283
129 0.564853
137 0.565141
138 0.565197
141 0.565481
143 0.566294
144 0.566581
149 0.567659
155 0.570054
161 0.570316
164 0.571462
167 0.57193
170 0.573704
174 0.57558
176 0.577271
177 0.581087
184 0.581277
188 0.582725
190 0.583395
195 0.584499
197 0.586286
200 0.587626
203 0.587915
207 0.591166
214 0.591425
216 0.591501
217 0.593076
219 0.593474
231 0.594047
232 0.594767
240 0.594867
247 0.595233
250 0.597456
259 0.600142
260 0.601228
261 0.604706
266 0.605046
267 0.605818
270 0.606489
278 0.606644
286 0.607491
288 0.608498
289 0.609443
300 0.611123
317 0.611843
319 0.61421
338 0.615227
347 0.615681
363 0.617192
369 0.618188
371 0.618533
393 0.619005
394 0.619141
397 0.61941
399 0.621321
407 0.621406
413 0.623275
421 0.626438
437 0.628442
438 0.628635
453 0.628936
454 0.629091
467 0.630077
487 0.630477
488 0.633149
497 0.634041
505 0.63568
522 0.636747
532 0.63935
533 0.639819
559 0.640737
570 0.641253
576 0.644622
579 0.645242
583 0.64626
585 0.646467
587 0.646999
588 0.647358
609 0.64807
613 0.648089
626 0.648143
638 0.648786
640 0.649689
650 0.649803
653 0.652878
655 0.653894
663 0.654394
680 0.654528
684 0.656717
708 0.659899
711 0.661412
716 0.663791
720 0.664506
733 0.666843
785 0.666974
796 0.66791
813 0.668405
830 0.668975
840 0.669433
854 0.670201
860 0.670856
861 0.671067
877 0.672083
899 0.673506
909 0.673793
942 0.675914
946 0.676442
948 0.676808
954 0.677089
957 0.678441
1000 0.680266
1010 0.680464
1021 0.682328
1049 0.683266
1074 0.684205
1119 0.685884
1124 0.686356
1139 0.687278
1164 0.688262
1185 0.689766
1206 0.692668
1220 0.69269
1257 0.694564
1292 0.695491
1305 0.695813
1335 0.695939
1398 0.696511
1478 0.699008
1480 0.699136
1562 0.699383
1569 0.70028
1635 0.700738
1645 0.700909
1788 0.702032
1792 0.702416
1824 0.702664
1827 0.703428
1852 0.703703
1856 0.704086
1873 0.704409
1877 0.704422
1942 0.704506
1977 0.705388
2046 0.705615
2067 0.706579
2068 0.709115
2088 0.709123
2110 0.70943
2113 0.70955
2185 0.709584
2223 0.711235
2229 0.712349
2385 0.712523
2396 0.71379
2524 0.713826
2535 0.714764
2561 0.714877
2567 0.714921
2582 0.716302
2614 0.717404
2657 0.717405
2704 0.717504
2762 0.717917
2822 0.718083
3127 0.718689
3156 0.719067
3257 0.720232
3307 0.721517
3542 0.722779
3747 0.72335
3817 0.724336
3858 0.724804
3898 0.725371
4037 0.725387
4047 0.72601
4100 0.726123
4139 0.726365
4375 0.726568
4523 0.726803
4570 0.727887
4697 0.730175
5009 0.730279
5089 0.7311
5399 0.731931
5502 0.731931
5556 0.732634
5657 0.732783
6086 0.734314
6511 0.735202
