0 0.476882
1 0.477085
3 0.478925
4 0.480932
5 0.483129
6 0.483876
8 0.486093
11 0.487003
12 0.487297
13 0.487826
15 0.488034
20 0.491731
21 0.493339
23 0.493351
24 0.495506
25 0.496784
27 0.497962
30 0.501596
32 0.504416
33 0.505289
35 0.507507
38 0.50913
40 0.511607
43 0.512171
44 0.514168
48 0.516261
53 0.518127
54 0.518817
55 0.521568
56 0.522089
57 0.524997
59 0.527972
61 0.528083
62 0.530371
63 0.530787
64 0.533046
65 0.538308
71 0.543798
80 0.544864
81 0.545685
86 0.547521
94 0.548093
96 0.549062
103 0.549249
104 0.549789
110 0.55146
113 0.552404
114 0.55314
115 0.553226
116 0.55758
118 0.558619
131 0.559211
140 0.56319
141 0.565657
142 0.566251
144 0.569611
147 0.571147
152 0.571287
154 0.571385
159 0.572896
169 0.573983
171 0.57685
173 0.577317
181 0.577451
188 0.578233
190 0.578657
191 0.581289
197 0.585751
200 0.588599
201 0.588603
203 0.588869
204 0.589261
206 0.590656
208 0.590717
224 0.593369
225 0.595409
229 0.596027
245 0.596926
247 0.598841
251 0.598924
256 0.600171
257 0.601005
259 0.602358
271 0.603402
275 0.604119
279 0.6048
282 0.608831
284 0.608929
286 0.609981
299 0.610712
302 0.611598
306 0.612308
314 0.614573
322 0.616287
324 0.617303
326 0.617398
328 0.618419
338 0.620988
345 0.622833
355 0.623092
370 0.623401
375 0.625102
380 0.625277
404 0.62573
413 0.625914
421 0.626254
433 0.627366
437 0.627531
444 0.628038
448 0.629458
451 0.62999
454 0.631126
472 0.631407
484 0.632971
490 0.633732
493 0.634748
499 0.635986
501 0.636174
510 0.63886
512 0.639325
516 0.639793
519 0.640563
524 0.642279
532 0.642413
540 0.643264
549 0.643363
562 0.643822
582 0.647207
583 0.647833
587 0.649456
588 0.651063
609 0.653229
619 0.653765
632 0.654115
665 0.655121
691 0.655823
701 0.655839
706 0.656731
757 0.656802
763 0.658005
772 0.658325
790 0.659316
808 0.661088
810 0.661775
818 0.662548
820 0.663546
850 0.663604
872 0.664149
898 0.666192
919 0.666288
925 0.667219
934 0.667507
942 0.667833
957 0.667998
961 0.670536
1003 0.672996
1014 0.674326
1017 0.674461
1027 0.67663
1029 0.677385
1051 0.678281
1057 0.678981
1064 0.680509
1090 0.681933
1131 0.683457
1144 0.684395
1163 0.684811
1233 0.685352
1282 0.686751
1284 0.68693
1309 0.688412
1333 0.689901
1347 0.690821
1404 0.691056
1410 0.691824
1424 0.693801
1467 0.693852
1474 0.695353
1624 0.695376
1743 0.695424
1759 0.696231
1890 0.697023
1912 0.697175
1978 0.698078
2187 0.699422
2197 0.701496
2418 0.701661
2433 0.702442
2664 0.702667
2737 0.703515
2752 0.704286
2822 0.705165
2843 0.705445
2889 0.70612
2967 0.706344
3099 0.707377
3180 0.707692
3201 0.707967
3237 0.708507
3263 0.709059
3340 0.710256
3407 0.711503
3428 0.712077
3429 0.71222
3449 0.713077
3484 0.713141
3573 0.713519
3650 0.714209
3844 0.714397
4138 0.714671
4282 0.71485
4712 0.715552
