0 0.523427
5 0.525645
7 0.527137
12 0.528165
18 0.529308
19 0.530817
22 0.531048
26 0.532071
29 0.534083
30 0.534969
31 0.539726
36 0.541939
39 0.544427
41 0.546167
45 0.546432
48 0.546977
49 0.549178
53 0.551424
54 0.552634
60 0.555297
62 0.556251
66 0.55856
67 0.559108
68 0.559269
71 0.560697
75 0.562739
78 0.563624
79 0.564981
94 0.566817
95 0.566853
99 0.567096
100 0.56932
104 0.571054
105 0.571526
108 0.575218
111 0.575642
118 0.575837
119 0.576615
122 0.579068
125 0.580011
127 0.581423
130 0.586459
138 0.587376
139 0.58759
141 0.587943
142 0.588664
146 0.590544
147 0.590593
151 0.59099
157 0.593027
158 0.593915
162 0.594371
164 0.597095
166 0.597893
178 0.600579
179 0.601395
186 0.601754
187 0.60332
196 0.604147
208 0.604882
211 0.605714
214 0.607359
215 0.609765
217 0.610628
221 0.610641
222 0.612856
228 0.613318
241 0.613467
243 0.615424
248 0.615429
250 0.615651
261 0.616281
262 0.616469
269 0.617434
273 0.61749
278 0.619295
281 0.620489
287 0.621388
292 0.62781
299 0.628851
304 0.629131
306 0.629475
314 0.629969
322 0.630972
324 0.632112
335 0.632158
336 0.634304
347 0.635385
348 0.636476
350 0.639498
359 0.639828
363 0.641166
366 0.642839
377 0.644001
379 0.645208
399 0.645368
400 0.645428
401 0.646615
414 0.648255
451 0.648271
453 0.648757
463 0.649401
470 0.650719
478 0.653053
480 0.654325
488 0.655008
491 0.657326
510 0.658494
524 0.658625
537 0.659449
554 0.660493
558 0.662151
562 0.662611
577 0.662777
604 0.663603
658 0.664314
674 0.666272
680 0.667731
690 0.667821
720 0.667919
735 0.670199
747 0.670548
753 0.670662
754 0.670863
783 0.673432
785 0.673587
806 0.674215
839 0.674918
857 0.675671
865 0.676204
872 0.677161
886 0.678522
925 0.678783
940 0.678993
946 0.67963
953 0.680168
965 0.680546
986 0.681994
995 0.682279
1042 0.683252
1045 0.683479
1047 0.683642
1050 0.68375
1078 0.683831
1079 0.686285
1082 0.68804
1108 0.688278
1115 0.688291
1121 0.688549
1180 0.688644
1210 0.689638
1254 0.690928
1276 0.691711
1337 0.694039
1354 0.694733
1402 0.695798
1417 0.696174
1435 0.697182
1437 0.698209
1493 0.699011
1494 0.699217
1504 0.699391
1505 0.70005
1508 0.701553
1543 0.702772
1594 0.703168
1651 0.703885
1681 0.705453
1715 0.705525
1854 0.705749
1869 0.707342
1898 0.707564
1940 0.707837
1998 0.707983
2032 0.70929
2051 0.709381
2079 0.709645
2080 0.709818
2184 0.710708
2206 0.711708
2344 0.712322
2383 0.713348
2408 0.716015
2447 0.716968
2498 0.718038
2637 0.718079
2737 0.718125
2934 0.719108
2961 0.719601
2970 0.720181
3216 0.720184
3296 0.72054
3482 0.721725
3490 0.722508
3493 0.723193
3631 0.723548
4022 0.723661
4054 0.725527
4279 0.72573
4606 0.725859
4742 0.726553
4820 0.727482
5009 0.728056
5144 0.728931
5187 0.729811
5245 0.730073
5322 0.730365
5465 0.730941
5730 0.731274
5948 0.732209
6095 0.732471
