0 0.505551
1 0.506333
4 0.507175
7 0.507769
9 0.507999
12 0.508347
13 0.512613
17 0.513789
23 0.517155
27 0.518768
28 0.521685
35 0.522111
36 0.523046
38 0.52445
39 0.524878
40 0.525966
41 0.527912
45 0.531805
49 0.532551
51 0.533142
58 0.534785
63 0.537031
65 0.537324
70 0.538143
73 0.539288
74 0.539647
75 0.544359
81 0.547772
82 0.551537
84 0.553879
86 0.554434
87 0.556827
93 0.55941
97 0.563414
99 0.563684
100 0.568686
102 0.568844
103 0.571809
106 0.573578
113 0.575759
114 0.577509
117 0.578562
118 0.58024
120 0.581589
123 0.582784
124 0.583508
132 0.583794
134 0.584163
139 0.585079
140 0.585478
142 0.58699
150 0.587248
152 0.587894
154 0.591539
155 0.593397
164 0.596786
179 0.599687
185 0.60087
187 0.601355
192 0.601529
196 0.601547
199 0.601688
204 0.602877
213 0.606454
216 0.608194
224 0.608483
225 0.609498
234 0.611779
238 0.613679
242 0.614684
249 0.615629
252 0.616383
254 0.61767
265 0.622842
273 0.6251
277 0.626546
297 0.630657
301 0.632661
317 0.634427
328 0.634491
349 0.636801
352 0.637096
356 0.638684
360 0.639591
398 0.641075
399 0.645074
400 0.648128
406 0.648591
422 0.650221
436 0.650235
440 0.651352
448 0.651655
450 0.651794
460 0.65246
464 0.653094
489 0.653571
516 0.65394
519 0.654049
522 0.654125
562 0.656112
564 0.656293
568 0.656456
570 0.656583
577 0.657794
608 0.658448
638 0.659136
672 0.661822
675 0.663215
676 0.664056
696 0.66711
707 0.667962
713 0.668668
715 0.668745
737 0.669492
745 0.670141
747 0.670531
756 0.670542
759 0.67146
777 0.67166
804 0.672022
835 0.672548
841 0.672979
882 0.674593
904 0.675403
911 0.675589
924 0.675956
940 0.676492
976 0.676546
978 0.676567
990 0.677825
1013 0.680399
1029 0.681291
1041 0.683298
1096 0.683847
1134 0.684091
1153 0.684715
1192 0.684987
1207 0.685405
1219 0.687486
1244 0.687939
1264 0.688857
1274 0.688963
1306 0.689139
1313 0.690059
1314 0.690248
1348 0.690577
1353 0.690739
1357 0.691172
1516 0.692029
1538 0.693773
1613 0.694758
1621 0.696469
1624 0.697113
1662 0.697329
1689 0.697508
1701 0.697535
1724 0.697592
1772 0.698527
1790 0.699175
1796 0.699649
1801 0.700186
1809 0.701085
1847 0.702714
1862 0.702782
1869 0.703965
1902 0.704362
1914 0.704878
1988 0.705066
1990 0.705132
2009 0.705785
2061 0.706659
2091 0.70785
2102 0.70785
2164 0.708201
2204 0.708767
2337 0.709731
2346 0.710094
2348 0.711587
2386 0.712754
2397 0.715885
2685 0.716742
2734 0.716751
2830 0.717147
3066 0.718539
3422 0.72011
3710 0.720162
