0 0.493125
1 0.494263
2 0.498214
9 0.498874
12 0.499405
13 0.501346
17 0.503368
19 0.50501
20 0.508269
21 0.509886
22 0.512162
25 0.515117
28 0.517631
29 0.517799
33 0.517952
35 0.518272
36 0.520394
39 0.523009
41 0.524664
43 0.525398
44 0.525655
45 0.528505
47 0.529118
51 0.529522
52 0.533599
56 0.535365
58 0.536216
59 0.537495
61 0.537928
62 0.537944
63 0.539307
65 0.539787
67 0.541235
68 0.542503
70 0.542863
71 0.547337
75 0.547477
79 0.55051
80 0.555545
82 0.556888
83 0.557281
89 0.560406
90 0.562492
91 0.564073
97 0.564615
98 0.566731
104 0.567444
105 0.56773
120 0.567931
122 0.571571
123 0.57216
124 0.572501
132 0.575155
134 0.575434
136 0.576012
141 0.576731
145 0.577367
155 0.579328
163 0.579442
165 0.580147
166 0.580159
169 0.580712
171 0.581853
172 0.582248
176 0.582386
183 0.583661
193 0.587072
195 0.587127
207 0.587328
209 0.587357
211 0.587414
215 0.592739
216 0.593893
219 0.59613
220 0.596918
228 0.597677
232 0.597889
234 0.59885
237 0.599638
239 0.599978
240 0.600355
245 0.601751
252 0.602691
254 0.603713
256 0.603973
258 0.604211
260 0.60468
265 0.604752
269 0.605334
270 0.606457
280 0.607666
282 0.608466
290 0.608775
296 0.610631
301 0.610692
302 0.612349
305 0.612862
307 0.614368
308 0.616324
311 0.617225
312 0.61862
313 0.618831
316 0.620125
319 0.623745
322 0.626067
331 0.627157
340 0.629392
342 0.630251
343 0.632673
358 0.633252
369 0.634474
375 0.636613
380 0.637533
382 0.638289
387 0.638354
392 0.639686
402 0.639768
420 0.642387
446 0.644247
448 0.645581
466 0.647019
479 0.647634
501 0.647701
506 0.649842
521 0.652305
532 0.653509
551 0.654225
567 0.654755
607 0.654951
630 0.655208
631 0.658509
651 0.660039
734 0.66024
753 0.66482
755 0.664954
756 0.665135
760 0.666461
779 0.66791
780 0.668378
804 0.668954
806 0.669182
812 0.669781
831 0.669802
835 0.670579
870 0.670868
889 0.672378
904 0.672874
911 0.67576
919 0.676273
946 0.676989
968 0.677985
983 0.680248
1028 0.6809
1032 0.681008
1040 0.681646
1092 0.681738
1123 0.685346
1176 0.686591
1191 0.686911
1203 0.687046
1232 0.687247
1356 0.687331
1359 0.689533
1380 0.690492
1443 0.691835
1520 0.69193
1626 0.694388
1736 0.696108
1781 0.696281
2024 0.696316
2055 0.696408
2098 0.696945
2129 0.697574
2152 0.698247
2193 0.699243
2202 0.699571
2271 0.70009
2340 0.700278
2389 0.701556
2434 0.70311
2436 0.703811
2506 0.70403
2545 0.704172
2667 0.704386
2724 0.70532
2742 0.708436
2857 0.708525
2929 0.708591
3137 0.709587
3172 0.710095
3246 0.710807
3319 0.710957
3475 0.711456
3770 0.711743
3780 0.711817
3803 0.712513
3999 0.712997
4066 0.713069
4183 0.713087
4276 0.714062
4371 0.714083
4411 0.714956
4759 0.715145
4976 0.715574
5170 0.716065
5550 0.71752
5769 0.717788
6129 0.718781
6423 0.719479
