0 0.526935
5 0.529337
8 0.529661
12 0.53043
16 0.531025
17 0.531292
18 0.531709
21 0.533732
25 0.534882
26 0.536029
27 0.543315
28 0.543408
29 0.544551
30 0.546484
32 0.547865
39 0.547879
43 0.548448
45 0.54942
47 0.552225
49 0.555725
54 0.55781
55 0.56286
57 0.56348
58 0.56446
64 0.566258
65 0.567796
67 0.570493
68 0.570765
71 0.571671
73 0.574164
78 0.574227
79 0.57436
82 0.577904
91 0.5786
105 0.580531
109 0.582508
115 0.584201
116 0.585102
117 0.587288
123 0.587832
124 0.59121
126 0.592199
131 0.592584
137 0.593301
142 0.593635
148 0.595517
156 0.597438
161 0.597931
169 0.599367
170 0.601823
178 0.60243
179 0.603131
185 0.605518
186 0.605683
194 0.606624
195 0.607052
199 0.608553
203 0.608702
211 0.608725
217 0.610987
224 0.613721
234 0.615996
243 0.618282
245 0.620411
252 0.620879
264 0.623015
266 0.623142
271 0.623651
289 0.624732
292 0.626901
296 0.627813
299 0.629651
304 0.631545
306 0.632553
309 0.633994
310 0.635384
316 0.63668
317 0.637244
320 0.637734
321 0.638319
351 0.639786
356 0.641859
359 0.643348
363 0.644545
372 0.646032
373 0.647288
375 0.64786
392 0.648788
431 0.649456
458 0.649578
477 0.651123
484 0.652182
486 0.656245
508 0.657957
509 0.658652
520 0.658654
532 0.660121
548 0.660259
576 0.661422
580 0.662019
581 0.662321
585 0.663857
589 0.664622
599 0.667403
609 0.668721
630 0.669459
646 0.672055
662 0.673784
681 0.675161
729 0.675286
754 0.676266
770 0.676564
776 0.676712
794 0.676731
839 0.678043
863 0.679915
881 0.682213
890 0.682359
947 0.68386
974 0.685972
980 0.686222
981 0.686483
1019 0.68786
1020 0.687987
1049 0.689242
1071 0.689282
1086 0.689363
1106 0.690903
1165 0.691005
1178 0.691024
1211 0.691201
1216 0.691213
1217 0.692438
1230 0.693461
1250 0.697078
1305 0.69778
1338 0.699185
1359 0.700311
1393 0.700504
1406 0.701708
1418 0.702349
1436 0.703333
1527 0.703621
1565 0.703958
1602 0.705581
1634 0.706175
1660 0.706532
1670 0.707089
1692 0.707889
1729 0.70814
1750 0.708485
1757 0.708717
1771 0.709683
1811 0.709913
1864 0.709915
1881 0.710157
1887 0.71222
1897 0.712941
1950 0.71351
2053 0.714265
2062 0.714766
2077 0.715407
2091 0.716497
2114 0.71736
2353 0.717543
2849 0.718243
3237 0.718873
3444 0.719592
