0 0.51829
1 0.518765
2 0.519328
4 0.519766
5 0.523218
7 0.529122
8 0.529862
11 0.530251
13 0.53198
14 0.533182
15 0.535072
18 0.535204
20 0.538119
21 0.538492
28 0.539231
30 0.539632
34 0.540241
35 0.540781
38 0.543594
40 0.545554
42 0.54845
43 0.548757
46 0.55019
48 0.550832
49 0.553241
50 0.556563
55 0.557205
58 0.558273
59 0.559399
62 0.561954
66 0.563102
67 0.564603
72 0.565686
73 0.567496
76 0.569411
84 0.572079
86 0.572614
90 0.572717
97 0.574051
102 0.578624
103 0.579292
107 0.580132
119 0.581758
127 0.583831
132 0.584743
139 0.585073
147 0.587028
148 0.587164
149 0.587882
151 0.589745
153 0.590588
154 0.591975
157 0.594728
158 0.597582
159 0.59809
162 0.598789
163 0.599205
168 0.599836
169 0.601607
173 0.604172
178 0.607419
181 0.609084
188 0.610247
191 0.611529
194 0.612951
196 0.616258
198 0.61685
200 0.618161
201 0.619728
203 0.623611
209 0.625572
211 0.62657
213 0.626851
217 0.627498
219 0.629256
223 0.629878
233 0.631182
246 0.631834
263 0.632575
273 0.632911
277 0.63603
278 0.63615
312 0.639973
315 0.640108
336 0.641245
349 0.642011
350 0.643666
357 0.64486
402 0.64748
409 0.649278
421 0.649463
433 0.651214
454 0.652066
464 0.652372
475 0.653232
496 0.653689
505 0.655827
516 0.656543
519 0.656671
520 0.656848
531 0.659987
539 0.660307
540 0.661948
548 0.662063
551 0.663663
558 0.665078
588 0.665818
603 0.670786
619 0.672557
622 0.673111
670 0.674155
671 0.675468
682 0.677376
700 0.678155
705 0.679745
741 0.682735
785 0.684073
809 0.68465
819 0.685032
844 0.685303
850 0.68534
860 0.686175
871 0.68626
886 0.686451
890 0.686496
905 0.687494
907 0.688493
922 0.689886
927 0.690423
932 0.690805
994 0.691418
999 0.691571
1040 0.693168
1057 0.694661
1073 0.695516
1083 0.695606
1115 0.697462
1128 0.698175
1138 0.700278
1142 0.702756
1164 0.704043
1191 0.704492
1195 0.707293
1278 0.707305
1296 0.70732
1335 0.709319
1353 0.709571
1372 0.709874
1404 0.710154
1448 0.710643
1466 0.711036
1557 0.711092
1628 0.711656
1742 0.711882
1796 0.712254
1821 0.71266
1827 0.71386
1856 0.713927
1953 0.714908
2034 0.715167
2229 0.71554
2391 0.717275
2555 0.717452
2561 0.719137
2570 0.720254
2586 0.720396
2591 0.72059
2616 0.721046
2657 0.721414
2864 0.723014
