0 0.500571
1 0.503448
3 0.504208
4 0.505382
5 0.507007
6 0.510768
7 0.511879
8 0.513129
9 0.514442
10 0.515502
18 0.52286
21 0.523418
23 0.523583
26 0.529192
28 0.529456
30 0.531515
31 0.53219
33 0.536012
34 0.536689
35 0.538469
39 0.541076
40 0.544059
41 0.545034
42 0.545456
44 0.547427
45 0.548677
48 0.553326
49 0.555039
51 0.555128
53 0.555245
59 0.557157
65 0.560335
66 0.564968
77 0.566853
80 0.567206
81 0.568002
82 0.568691
83 0.569745
84 0.571314
85 0.57235
86 0.572933
87 0.574621
98 0.577582
101 0.578804
104 0.57882
106 0.579697
109 0.582693
110 0.583835
113 0.583984
115 0.586006
116 0.586795
118 0.588158
121 0.588948
130 0.594189
137 0.594874
138 0.595098
139 0.595185
147 0.595981
155 0.596076
160 0.596576
164 0.596577
165 0.598171
171 0.598732
175 0.599666
180 0.600216
182 0.600462
186 0.602768
188 0.602861
189 0.605344
190 0.607165
200 0.60723
204 0.607361
213 0.608706
214 0.611688
216 0.614473
230 0.617715
232 0.620105
236 0.620426
239 0.621733
260 0.623103
275 0.627279
278 0.628608
297 0.629102
304 0.633046
305 0.635914
324 0.637809
326 0.638078
340 0.639403
343 0.639717
350 0.640411
364 0.643339
379 0.644044
381 0.644533
403 0.644935
463 0.648208
469 0.648854
478 0.649858
485 0.649977
497 0.650437
499 0.650936
500 0.653404
503 0.655151
507 0.657759
572 0.659778
574 0.660228
582 0.661551
583 0.662249
597 0.663093
627 0.663522
648 0.664311
659 0.665229
674 0.666199
679 0.666939
703 0.667093
708 0.66922
717 0.669427
729 0.670415
730 0.671846
735 0.671968
745 0.672084
749 0.672704
770 0.672789
783 0.672822
858 0.673819
889 0.674304
900 0.675369
908 0.675395
935 0.675702
1033 0.675713
1037 0.676035
1046 0.677014
1054 0.677146
1060 0.677382
1074 0.677629
1127 0.678005
1185 0.67865
1220 0.679011
1232 0.680392
1264 0.680553
1303 0.680585
1367 0.680615
1370 0.681357
1390 0.681369
1414 0.681705
1424 0.683233
1440 0.684165
1532 0.685849
1571 0.685876
1578 0.686427
1590 0.688109
1610 0.688291
1631 0.688728
1661 0.690257
1752 0.690513
1753 0.691867
1797 0.692926
1842 0.69308
1849 0.693411
1926 0.693555
1962 0.694141
1999 0.695506
2023 0.695636
2025 0.69605
2030 0.696552
2042 0.697258
2053 0.697627
2083 0.697857
2097 0.697894
2115 0.698441
2125 0.699208
2167 0.699628
2198 0.700218
2214 0.7005
2289 0.700958
2315 0.701385
2359 0.701923
2526 0.702877
2621 0.703022
2701 0.703603
2750 0.704779
2761 0.706053
2852 0.706758
3168 0.707829
