0 0.511748
3 0.514347
4 0.515929
5 0.516434
7 0.516599
8 0.519512
10 0.521232
11 0.522808
12 0.523146
15 0.524223
18 0.525845
19 0.5267
22 0.533244
24 0.533568
26 0.534469
29 0.536601
32 0.536754
34 0.537162
38 0.537541
39 0.538622
47 0.53879
48 0.541778
54 0.542664
56 0.542747
58 0.543042
60 0.54551
65 0.546166
67 0.546219
69 0.549027
70 0.551161
73 0.554302
75 0.554534
79 0.556424
80 0.559645
81 0.560308
82 0.562666
84 0.565341
86 0.567556
87 0.567854
94 0.567899
95 0.569481
96 0.571582
97 0.573324
101 0.575222
106 0.576212
108 0.57768
109 0.578734
112 0.578871
115 0.581225
117 0.58195
122 0.582614
131 0.582755
134 0.583146
143 0.583793
148 0.584241
157 0.586573
159 0.587353
162 0.589413
163 0.589841
174 0.590685
180 0.592789
186 0.593169
187 0.593797
198 0.594732
200 0.594873
204 0.595966
205 0.596456
217 0.59711
220 0.597649
221 0.599447
228 0.603937
231 0.60644
244 0.60669
246 0.608339
248 0.608385
254 0.614906
257 0.615112
264 0.616659
269 0.617345
270 0.617875
274 0.618162
278 0.618975
291 0.619901
300 0.620049
303 0.620566
307 0.621203
314 0.623654
317 0.624044
320 0.625164
327 0.628763
346 0.629134
357 0.631651
365 0.632953
375 0.634461
380 0.636655
394 0.63927
397 0.640614
407 0.641195
411 0.641259
438 0.641265
463 0.641284
465 0.641713
467 0.642239
471 0.642289
472 0.643724
482 0.644436
503 0.644589
534 0.645008
561 0.645107
563 0.648916
567 0.649142
577 0.650161
580 0.650812
598 0.651505
603 0.653811
604 0.65421
621 0.655189
632 0.655351
635 0.65581
646 0.65646
651 0.657944
686 0.658512
725 0.658951
735 0.659203
746 0.659778
823 0.663153
835 0.663519
885 0.663805
888 0.665192
945 0.66543
953 0.665865
960 0.667061
1001 0.668023
1008 0.669422
1029 0.670786
1059 0.673099
1094 0.674085
1112 0.674989
1138 0.676311
1150 0.676601
1171 0.676837
1200 0.677244
1238 0.677295
1323 0.677599
1350 0.67931
1382 0.68045
1447 0.681026
1469 0.681522
1484 0.681843
1487 0.682917
1503 0.683609
1544 0.684449
1555 0.684992
1615 0.685442
1695 0.685534
1727 0.686614
1828 0.686702
1896 0.688767
1949 0.690945
1953 0.692657
2001 0.692857
2045 0.693063
2093 0.693997
2269 0.6951
2285 0.695614
2449 0.696063
2450 0.696163
2459 0.696644
2470 0.700614
2472 0.701361
2495 0.701826
2564 0.702029
2731 0.702824
2754 0.702856
2784 0.702908
2787 0.703498
2791 0.703511
2794 0.705124
2826 0.705183
2856 0.705536
2868 0.706343
2905 0.706479
2919 0.706754
3046 0.707323
3071 0.707428
3167 0.708498
3195 0.709458
3203 0.711053
3252 0.711165
3271 0.711557
3277 0.712054
3311 0.712209
3313 0.712317
3378 0.712398
3589 0.712504
3711 0.712569
3817 0.712897
3954 0.712903
4010 0.713304
4118 0.714458
4166 0.715367
4270 0.715539
4711 0.716315
5136 0.716463
5565 0.717353
5765 0.717766
6038 0.71791
6131 0.718615
6165 0.720997
6191 0.721371
6371 0.721774
6690 0.722351
6892 0.72259
7010 0.723942
7057 0.724061
7113 0.724411
7382 0.724836
7456 0.724857
7762 0.725191
8230 0.725953
8254 0.726856
8407 0.727688
8714 0.728174
8970 0.729002
9062 0.729281
9239 0.729516
