0 0.507164
6 0.514282
7 0.515268
8 0.517247
9 0.517829
10 0.52078
11 0.52225
12 0.524045
14 0.525457
16 0.527031
17 0.527715
26 0.530784
28 0.534688
33 0.537484
39 0.539304
41 0.540244
43 0.544877
46 0.546499
47 0.549742
51 0.549947
61 0.550673
62 0.551497
65 0.552481
66 0.556307
69 0.559919
77 0.561411
82 0.562048
84 0.562738
92 0.564172
93 0.565002
96 0.565065
98 0.567965
102 0.571243
103 0.57283
106 0.574874
115 0.577121
116 0.57851
119 0.579067
121 0.579604
122 0.579712
126 0.580828
132 0.581661
135 0.583299
143 0.583972
144 0.588847
149 0.592772
151 0.59313
152 0.598414
153 0.599111
156 0.600867
161 0.603585
167 0.604826
172 0.607333
180 0.608365
190 0.610401
192 0.610541
216 0.610622
227 0.611749
236 0.611771
240 0.612143
241 0.613287
253 0.616666
267 0.61842
274 0.618559
276 0.619107
284 0.619404
285 0.626045
286 0.626789
289 0.627477
290 0.629036
291 0.629222
293 0.633511
300 0.635004
308 0.635073
323 0.63627
332 0.637133
334 0.637763
341 0.638271
357 0.641161
359 0.642007
362 0.642056
380 0.644804
388 0.645408
395 0.647149
413 0.647372
417 0.648036
418 0.648086
419 0.649484
435 0.649838
436 0.651283
455 0.653128
460 0.653391
461 0.653901
470 0.653925
478 0.654541
486 0.654909
493 0.654963
534 0.656063
548 0.657099
562 0.657414
566 0.658224
568 0.659646
627 0.661788
628 0.663485
629 0.663732
651 0.663897
657 0.66485
671 0.665436
691 0.666934
697 0.668743
710 0.671236
717 0.671717
730 0.67327
738 0.673314
742 0.673733
743 0.675167
746 0.675775
775 0.676713
777 0.677441
783 0.679081
788 0.679587
846 0.681814
899 0.68228
943 0.682409
995 0.682415
999 0.686289
1006 0.686545
1023 0.687569
1026 0.687908
1063 0.689771
1066 0.691215
1067 0.692784
1070 0.693521
1079 0.693697
1097 0.693708
1110 0.693761
1128 0.694095
1247 0.694952
1264 0.695979
1342 0.697317
1374 0.697643
1416 0.697956
1448 0.698283
1494 0.698293
1544 0.699014
1594 0.700184
1743 0.701705
1905 0.701778
1967 0.704687
2005 0.704829
2072 0.705074
2093 0.705221
2115 0.706732
2213 0.707089
2249 0.708061
2322 0.709122
2383 0.709125
2422 0.710131
2522 0.711522
2571 0.71213
2673 0.712221
2719 0.712737
2863 0.712782
2937 0.714636
3238 0.714663
3254 0.715054
3682 0.715805
3782 0.716433
4182 0.716616
4451 0.716732
