0 0.500857
1 0.501209
4 0.506004
6 0.506731
8 0.507617
9 0.511996
10 0.515801
11 0.517916
12 0.519429
14 0.521577
15 0.522678
17 0.526074
19 0.528578
22 0.531175
23 0.531942
27 0.534084
28 0.538262
29 0.538538
40 0.539504
41 0.540333
42 0.540433
44 0.541319
47 0.542108
48 0.543275
50 0.546733
51 0.547014
52 0.549252
53 0.551443
56 0.55411
58 0.557311
59 0.557461
60 0.558122
61 0.560053
63 0.561736
65 0.562336
67 0.564635
69 0.567613
74 0.567841
78 0.570714
80 0.571413
86 0.571839
93 0.575432
94 0.577851
100 0.580203
102 0.580764
104 0.584965
110 0.587934
111 0.58959
115 0.593466
118 0.594945
121 0.595185
122 0.595921
126 0.596726
131 0.602175
132 0.603709
135 0.604885
136 0.605318
141 0.605473
142 0.609344
144 0.609405
149 0.611168
159 0.613295
181 0.615499
186 0.615607
190 0.619665
199 0.619776
204 0.62195
205 0.624854
206 0.625935
207 0.626885
212 0.629125
213 0.629614
248 0.630984
250 0.631934
254 0.632975
259 0.633015
260 0.63399
266 0.635142
268 0.637782
271 0.638457
272 0.639678
298 0.642034
311 0.642672
313 0.644506
331 0.645758
333 0.64713
337 0.650174
338 0.650686
339 0.650749
344 0.650894
360 0.651024
384 0.65155
420 0.651849
421 0.651932
433 0.652237
435 0.65282
448 0.653424
449 0.655923
451 0.656726
452 0.657587
460 0.658413
467 0.658843
493 0.659983
504 0.662546
505 0.662593
507 0.665529
528 0.665701
533 0.668725
574 0.671407
599 0.671666
623 0.672654
635 0.673494
644 0.673858
651 0.674445
682 0.675363
709 0.676064
713 0.676421
743 0.678233
817 0.67857
833 0.680738
851 0.681143
885 0.681394
954 0.681827
971 0.682456
985 0.682626
1050 0.682706
1117 0.685502
1131 0.687252
1240 0.688458
1243 0.688739
1248 0.6892
1333 0.689873
1354 0.690054
1401 0.690098
1402 0.69093
1430 0.691742
1468 0.693452
1474 0.69355
1520 0.693701
1588 0.694084
1642 0.694212
1649 0.694865
1652 0.697562
1683 0.699057
1691 0.700889
1698 0.701389
1765 0.701715
1904 0.702491
1995 0.703169
2050 0.703831
2198 0.705043
2251 0.705455
2318 0.705911
2455 0.707206
2568 0.708294
2591 0.708706
2787 0.710355
2886 0.710958
3151 0.711244
3193 0.712341
3320 0.712907
3334 0.71554
3371 0.715766
3453 0.715996
3485 0.716369
3532 0.716558
3571 0.717757
3605 0.718278
3694 0.72011
3716 0.72048
3742 0.720482
3772 0.721068
3921 0.722395
3971 0.722654
3989 0.72346
4122 0.723677
4170 0.725085
4190 0.726084
4266 0.726262
4363 0.726288
4466 0.726899
