0 0.512151
1 0.513449
4 0.514724
6 0.516137
9 0.519195
13 0.52014
14 0.520786
16 0.52185
17 0.524596
19 0.525025
20 0.526248
21 0.531306
31 0.535086
34 0.535144
37 0.537171
40 0.538802
41 0.539133
42 0.540394
43 0.542341
44 0.542919
46 0.545405
47 0.54567
48 0.548848
51 0.550912
53 0.551489
54 0.551802
56 0.557026
57 0.559311
59 0.561342
60 0.562564
62 0.563774
63 0.565229
68 0.568327
71 0.56927
73 0.569976
77 0.571016
82 0.571514
94 0.573941
100 0.578549
105 0.578558
106 0.579478
109 0.580943
110 0.58489
113 0.586232
121 0.586765
124 0.587096
132 0.587374
134 0.589859
155 0.592562
157 0.592852
171 0.593022
175 0.594223
177 0.59451
183 0.594632
184 0.596549
185 0.597184
188 0.599643
191 0.600889
194 0.602161
197 0.603143
200 0.603168
204 0.605603
208 0.608209
212 0.609789
214 0.611618
222 0.613937
224 0.615615
225 0.618366
226 0.619676
248 0.621126
256 0.622717
269 0.623454
272 0.624176
291 0.628183
297 0.628503
299 0.629372
307 0.629923
328 0.632143
343 0.63249
350 0.632648
351 0.63325
354 0.635401
355 0.637034
356 0.639396
367 0.644667
374 0.645112
376 0.645249
377 0.646253
388 0.646386
395 0.646604
398 0.647483
403 0.65092
430 0.652883
433 0.654939
434 0.655694
449 0.655905
460 0.656405
463 0.656729
468 0.657179
479 0.658674
481 0.658776
488 0.659166
492 0.660548
499 0.663368
527 0.664272
538 0.664578
571 0.665158
585 0.665909
622 0.66625
647 0.670551
683 0.671574
753 0.673182
804 0.673904
808 0.673966
815 0.676253
818 0.678707
845 0.680967
857 0.682762
893 0.683869
903 0.683981
918 0.685595
944 0.685767
973 0.686152
981 0.686442
1029 0.686783
1042 0.688705
1048 0.689522
1098 0.69001
1146 0.69212
1193 0.693067
1245 0.693634
1278 0.694816
1354 0.694912
1423 0.696677
1500 0.697704
1572 0.698065
1617 0.69831
1634 0.69865
1765 0.698714
1766 0.699332
1872 0.700974
1884 0.701669
1963 0.703422
2125 0.704649
2227 0.706562
2270 0.706845
2324 0.708401
2445 0.708741
2451 0.70889
2558 0.709104
2596 0.710059
2631 0.711721
2697 0.712172
2840 0.712335
2863 0.712415
3120 0.712671
3463 0.71349
3667 0.713555
4013 0.713565
4032 0.714056
4084 0.716514
4266 0.716642
4427 0.716865
4751 0.717447
5147 0.717999
5515 0.718068
