0 0.462054
1 0.465384
2 0.468834
3 0.470415
5 0.470821
6 0.473226
8 0.477149
9 0.479385
12 0.480963
13 0.483653
19 0.485515
20 0.487257
25 0.491388
27 0.492308
28 0.496536
29 0.502215
31 0.505708
34 0.507007
35 0.508641
37 0.512907
39 0.513508
42 0.516588
43 0.516944
44 0.520552
46 0.52175
48 0.521997
52 0.523527
53 0.523704
56 0.525226
57 0.525623
60 0.526569
61 0.531694
62 0.534887
64 0.538337
67 0.538691
69 0.540275
70 0.541445
77 0.542825
80 0.545299
81 0.545313
85 0.549612
86 0.549759
87 0.550696
91 0.555264
93 0.557362
96 0.558109
99 0.559161
105 0.560449
108 0.563079
109 0.563988
114 0.564878
116 0.565068
122 0.565686
123 0.567028
126 0.567672
131 0.572352
135 0.573432
136 0.57379
140 0.576772
142 0.57754
162 0.577619
165 0.578971
168 0.579328
179 0.579698
189 0.580164
190 0.583364
191 0.584821
196 0.585166
197 0.585236
206 0.58615
208 0.587402
210 0.590287
211 0.59159
212 0.593361
213 0.596443
217 0.599351
221 0.59947
223 0.600125
225 0.600995
230 0.60516
231 0.606278
234 0.608611
241 0.611825
261 0.613567
265 0.615866
269 0.616548
279 0.61688
293 0.617585
303 0.618268
313 0.620189
330 0.623862
334 0.625086
342 0.627363
345 0.631445
347 0.633219
351 0.633604
355 0.635549
357 0.63667
366 0.637812
378 0.638087
393 0.638576
397 0.639329
400 0.640702
401 0.640857
402 0.642485
430 0.643715
453 0.646087
457 0.646406
464 0.646699
486 0.647803
501 0.649347
525 0.649793
534 0.650332
548 0.650888
575 0.652255
594 0.653393
601 0.65416
621 0.655495
638 0.657015
642 0.657596
646 0.659303
656 0.65949
662 0.660465
668 0.660824
678 0.661666
699 0.661918
711 0.662037
712 0.662469
716 0.66455
729 0.665326
731 0.666094
753 0.666772
773 0.667874
775 0.669639
781 0.669682
782 0.670192
792 0.671967
800 0.672335
805 0.672556
836 0.673134
870 0.674022
875 0.675886
879 0.676085
880 0.677717
937 0.678255
960 0.67861
963 0.679374
1094 0.680307
1128 0.680945
1159 0.681337
1175 0.681532
1221 0.682418
1228 0.683579
1236 0.68367
1288 0.68411
1299 0.684115
1319 0.684931
1328 0.685214
1371 0.686106
1408 0.686255
1418 0.687237
1503 0.688053
1517 0.689227
1565 0.689812
1611 0.69012
1649 0.690764
1682 0.691807
1785 0.69241
1801 0.693065
1858 0.694017
1883 0.694161
1919 0.694351
1948 0.694415
1986 0.694647
2048 0.695186
2078 0.695411
2191 0.696349
2309 0.69644
2384 0.697981
2487 0.698406
2510 0.698555
2910 0.700129
2942 0.700965
3147 0.701107
3212 0.701218
3241 0.701276
3259 0.701537
3507 0.701621
3789 0.701858
3853 0.702113
3909 0.703694
3999 0.70408
4014 0.705231
4078 0.705863
4083 0.706306
4099 0.707219
4211 0.707379
4222 0.707794
4256 0.708082
4361 0.708975
4506 0.709187
4590 0.710818
4734 0.710891
4996 0.711529
5068 0.711762
5216 0.71209
5360 0.712632
5368 0.713597
5473 0.714582
5613 0.715826
5885 0.71638
5991 0.716502
6134 0.716748
6470 0.717221
6731 0.717714
6742 0.718318
7005 0.718749
7324 0.719499
7459 0.719731
7541 0.720089
7720 0.720704
7754 0.720774
8227 0.721498
8235 0.721614
