0 0.507551
6 0.510708
11 0.512577
13 0.518797
14 0.519356
15 0.520282
21 0.52367
23 0.52509
24 0.526117
25 0.529122
26 0.529233
28 0.532814
30 0.535685
33 0.537
34 0.53725
35 0.538964
39 0.539662
40 0.54337
41 0.543532
43 0.544346
45 0.545992
50 0.54635
51 0.546469
53 0.547324
54 0.548667
55 0.55142
56 0.55216
57 0.555837
65 0.558788
70 0.562657
71 0.56795
73 0.568885
77 0.569928
79 0.572333
82 0.573066
92 0.574614
97 0.576191
99 0.577611
101 0.577618
117 0.578805
124 0.578809
125 0.58105
127 0.581084
140 0.581264
142 0.581442
143 0.585205
144 0.585905
148 0.586319
150 0.587793
163 0.587922
164 0.588358
167 0.590042
185 0.595245
190 0.59585
205 0.596353
209 0.600472
223 0.601103
224 0.601484
226 0.601528
230 0.601841
244 0.602802
248 0.603216
250 0.608772
253 0.609763
261 0.609878
263 0.610595
269 0.612723
277 0.612875
281 0.614826
287 0.615025
305 0.615951
306 0.616043
334 0.616366
336 0.616615
343 0.61822
350 0.618385
357 0.618855
365 0.618937
372 0.619073
375 0.619817
377 0.621247
388 0.622182
392 0.622626
404 0.62437
406 0.626339
421 0.626768
423 0.627834
478 0.627853
481 0.627996
482 0.628048
493 0.628212
494 0.631229
502 0.631252
504 0.631668
525 0.631928
530 0.632305
543 0.633135
545 0.635123
549 0.63533
561 0.635702
563 0.635989
565 0.637271
568 0.639895
574 0.642998
579 0.643448
598 0.646331
614 0.646911
616 0.64728
620 0.647561
635 0.647795
639 0.649237
643 0.649666
644 0.649822
655 0.651663
664 0.652391
684 0.652405
703 0.655071
708 0.658879
746 0.659869
767 0.660863
769 0.661105
771 0.662272
774 0.663357
780 0.663939
784 0.66773
797 0.668043
807 0.669294
824 0.669966
825 0.670695
827 0.670743
855 0.671669
860 0.673575
875 0.675526
894 0.676179
900 0.67663
911 0.677382
912 0.677529
934 0.678309
952 0.680007
964 0.680053
969 0.680904
997 0.681953
1004 0.682852
1051 0.683299
1073 0.6853
1091 0.685502
1130 0.686136
1167 0.68644
1169 0.687547
1203 0.69092
1239 0.691673
1289 0.69242
1316 0.692597
1328 0.692771
1388 0.693269
1413 0.693366
1446 0.695029
1486 0.695599
1547 0.69696
1571 0.697736
1667 0.698427
1691 0.698668
1698 0.700225
1703 0.700289
1752 0.701507
1996 0.702118
2030 0.702136
2032 0.702695
2033 0.702886
2138 0.703258
2292 0.704181
2298 0.704784
2340 0.705033
2755 0.705289
2841 0.70578
2931 0.706232
3198 0.706797
3366 0.707227
3432 0.707668
3485 0.70846
3854 0.709446
3890 0.7097
4021 0.709704
4045 0.711174
4194 0.711937
4516 0.713128
4799 0.713251
4976 0.713293
5289 0.713715
5499 0.714033
