0 0.514913
4 0.51535
5 0.515916
8 0.519032
11 0.519461
14 0.522073
16 0.522978
18 0.5235
27 0.525424
33 0.526939
35 0.527376
38 0.530742
40 0.53198
41 0.5346
44 0.534934
45 0.538266
49 0.540127
52 0.540535
53 0.541152
54 0.542062
56 0.542915
57 0.543651
58 0.543799
65 0.545771
69 0.547048
70 0.549068
73 0.549308
75 0.549601
77 0.5499
79 0.550083
81 0.551012
83 0.552756
87 0.554497
88 0.558124
90 0.55875
91 0.561342
92 0.564441
95 0.566735
96 0.568161
105 0.571988
107 0.573584
111 0.576335
125 0.576629
127 0.577221
138 0.581483
144 0.581823
148 0.583631
151 0.583867
152 0.584171
154 0.585191
161 0.586429
163 0.587313
167 0.588248
169 0.588369
171 0.588528
200 0.589567
208 0.589683
210 0.591122
217 0.591195
218 0.592799
222 0.593561
225 0.59657
231 0.596684
232 0.598331
235 0.59869
247 0.598771
248 0.602386
249 0.60271
252 0.603584
254 0.605289
263 0.6071
264 0.60963
272 0.610405
278 0.612457
291 0.612657
311 0.613922
313 0.614477
314 0.616917
319 0.618158
323 0.618763
324 0.618979
332 0.619392
343 0.621814
345 0.622974
350 0.623108
351 0.624583
355 0.625204
374 0.626637
375 0.628515
396 0.629669
400 0.630615
406 0.634519
411 0.637973
415 0.638653
416 0.638653
418 0.639199
419 0.640271
428 0.641697
445 0.642276
450 0.642281
468 0.64229
475 0.642447
481 0.643418
489 0.647204
493 0.647957
494 0.649186
497 0.650732
505 0.652399
521 0.65393
524 0.654872
544 0.655733
552 0.656394
568 0.656451
570 0.658615
605 0.659178
610 0.660335
618 0.661421
625 0.663032
633 0.66381
657 0.664512
670 0.664638
676 0.664861
697 0.665238
700 0.665836
704 0.667008
710 0.667581
718 0.667715
719 0.669757
720 0.670431
725 0.671515
731 0.671568
739 0.672221
750 0.673139
767 0.673394
768 0.674195
783 0.674796
787 0.675164
813 0.675742
823 0.677056
824 0.677379
838 0.678675
857 0.678998
924 0.680403
926 0.682665
929 0.682698
931 0.683183
980 0.684216
1002 0.685627
1008 0.686163
1014 0.686375
1075 0.686926
1091 0.68697
1117 0.688471
1136 0.689015
1154 0.689151
1205 0.691104
1247 0.691394
1275 0.691883
1314 0.693811
1358 0.694324
1359 0.694478
1401 0.695
1403 0.695821
1506 0.697359
1531 0.698832
1562 0.699059
1671 0.699435
1723 0.700246
1738 0.700993
1780 0.701475
1818 0.702302
1832 0.70364
1847 0.703672
1878 0.703695
1882 0.703809
1897 0.705513
1950 0.706531
1991 0.706789
2023 0.707711
2049 0.707921
2139 0.70875
2349 0.709934
2373 0.710274
2406 0.710475
2461 0.710962
2523 0.711335
2556 0.711431
2569 0.713321
2586 0.713374
2612 0.713458
2623 0.713888
2676 0.715131
2708 0.715345
2891 0.716191
2901 0.716839
2983 0.717259
3133 0.718171
3267 0.720827
3334 0.721234
3441 0.722405
3658 0.723664
3659 0.72377
3883 0.724474
4204 0.724833
4258 0.725108
4452 0.725365
