0 0.493208
1 0.494854
2 0.500073
3 0.500404
4 0.50157
8 0.503698
9 0.504263
10 0.507121
13 0.509865
14 0.511211
18 0.513224
19 0.515751
20 0.516507
21 0.517639
22 0.519118
23 0.521155
29 0.522844
32 0.52562
33 0.527956
38 0.530317
40 0.533027
43 0.533779
44 0.534937
45 0.535031
48 0.536291
49 0.541832
64 0.54292
73 0.545063
75 0.545915
76 0.548948
77 0.550078
82 0.553012
84 0.553781
89 0.555557
90 0.558478
93 0.559319
97 0.561428
102 0.561913
103 0.562138
106 0.565763
110 0.571083
112 0.571598
114 0.574437
115 0.579444
120 0.582724
126 0.582798
133 0.583184
143 0.584061
146 0.584607
147 0.588513
152 0.588579
155 0.593536
163 0.596354
166 0.597333
168 0.597472
171 0.597992
173 0.600051
180 0.600315
181 0.600786
184 0.600888
186 0.602539
188 0.607571
200 0.611752
201 0.612355
202 0.613332
203 0.614497
212 0.615356
213 0.616835
214 0.619831
226 0.621272
236 0.624487
241 0.625388
244 0.625589
246 0.625718
247 0.626154
257 0.628531
262 0.629625
278 0.630496
280 0.630793
290 0.631308
310 0.631497
318 0.631766
320 0.633977
333 0.635635
345 0.635682
347 0.636024
353 0.636086
361 0.636504
365 0.637603
370 0.637702
385 0.63787
396 0.637908
402 0.639876
404 0.643003
420 0.64484
429 0.645522
432 0.64657
447 0.646945
450 0.648334
470 0.649183
489 0.649539
490 0.649911
515 0.652867
527 0.652901
543 0.653052
558 0.654349
562 0.655242
567 0.656357
575 0.657543
581 0.657784
599 0.65902
608 0.659638
612 0.659987
622 0.66015
641 0.660462
665 0.660693
675 0.660793
681 0.662245
692 0.662494
712 0.662845
741 0.663283
752 0.663332
780 0.663785
783 0.664653
787 0.664735
788 0.665328
837 0.665357
838 0.667342
855 0.667877
862 0.668319
885 0.669465
908 0.671558
925 0.671652
948 0.672343
962 0.672849
980 0.673391
986 0.675214
996 0.675815
1006 0.677217
1030 0.679979
1034 0.680031
1056 0.682864
1057 0.683501
1061 0.684112
1063 0.684374
1066 0.684622
1082 0.687167
1085 0.687192
1094 0.68774
1102 0.687921
1159 0.688619
1163 0.689351
1175 0.69013
1182 0.692843
1232 0.692933
1252 0.693591
1312 0.694752
1375 0.69558
1382 0.69656
1418 0.696803
1428 0.698039
1433 0.698722
1472 0.700285
1502 0.701943
1547 0.703322
1559 0.704014
1578 0.70421
1639 0.705208
1731 0.706035
1775 0.706199
1781 0.707054
1832 0.707154
1947 0.709851
2180 0.710885
2268 0.714301
2398 0.714487
2636 0.71517
2777 0.716063
2990 0.7161
3014 0.717015
3217 0.717658
3608 0.718048
3646 0.71971
3686 0.720956
3819 0.721406
3939 0.721733
4087 0.722336
4268 0.722507
4269 0.722512
4310 0.722709
4442 0.722892
4459 0.723679
4559 0.724868
4635 0.725189
4712 0.725854
4945 0.72686
5017 0.727297
5199 0.727754
5287 0.72841
5422 0.728438
5523 0.728764
5572 0.729819
5578 0.730272
5628 0.73051
5669 0.730524
5849 0.730652
5996 0.731242
6234 0.732
6589 0.732127
6899 0.73293
