0 0.505101
1 0.505653
4 0.506897
5 0.513511
7 0.514629
11 0.516052
12 0.520163
13 0.520951
16 0.522696
20 0.523087
22 0.526034
25 0.52701
28 0.527468
29 0.527795
32 0.529208
35 0.531521
38 0.532061
41 0.532949
42 0.53348
44 0.5371
45 0.541915
47 0.542172
50 0.543187
56 0.543593
68 0.545144
69 0.545804
70 0.547414
72 0.55037
75 0.550531
78 0.551083
81 0.555137
92 0.555742
93 0.555982
95 0.560614
100 0.563295
104 0.565608
108 0.566886
113 0.569211
114 0.571792
119 0.572805
127 0.573734
128 0.576545
129 0.57824
132 0.579036
138 0.580182
141 0.580225
143 0.580284
144 0.58152
148 0.581646
151 0.582807
152 0.583964
155 0.58526
158 0.585773
159 0.587712
160 0.588079
161 0.589149
163 0.589475
166 0.589807
175 0.59178
177 0.591971
182 0.592615
183 0.593972
184 0.595436
190 0.595519
191 0.5967
192 0.598525
193 0.601439
197 0.602016
200 0.602246
205 0.602287
219 0.603058
220 0.604997
224 0.606906
238 0.60709
243 0.607233
246 0.610809
252 0.612892
255 0.613404
258 0.614145
262 0.614161
282 0.615446
283 0.616486
285 0.616804
296 0.617434
317 0.617781
319 0.61905
320 0.620169
340 0.620987
343 0.621699
346 0.621887
358 0.622825
367 0.625889
368 0.625988
374 0.627856
375 0.63081
377 0.632291
390 0.638176
407 0.638824
409 0.64042
410 0.642433
436 0.642853
460 0.64409
462 0.644316
471 0.64451
475 0.645969
476 0.646282
494 0.647548
496 0.648808
504 0.650141
506 0.652801
509 0.654052
539 0.654145
548 0.654564
550 0.656272
580 0.656928
581 0.659973
592 0.660614
603 0.662461
610 0.662495
622 0.662502
639 0.662636
647 0.663267
698 0.664497
701 0.665422
712 0.666956
756 0.668507
777 0.669272
785 0.66933
796 0.669439
804 0.670182
807 0.670688
837 0.671956
841 0.672408
881 0.672829
899 0.672968
947 0.674903
960 0.676116
973 0.67708
1068 0.677189
1070 0.679197
1091 0.679969
1095 0.680323
1102 0.681818
1109 0.683261
1118 0.683816
1151 0.683926
1200 0.684032
1214 0.684117
1226 0.684215
1244 0.684604
1271 0.684753
1278 0.685177
1280 0.687233
1290 0.689195
1296 0.690846
1312 0.691435
1332 0.692147
1337 0.692197
1358 0.693753
1370 0.694522
1379 0.695746
1394 0.698388
1408 0.699602
1410 0.699845
1428 0.700574
1438 0.700632
1440 0.701351
1482 0.701469
1525 0.701576
1527 0.701636
1559 0.702836
1578 0.702866
1596 0.703264
1599 0.703441
1613 0.703985
1691 0.704051
1730 0.704764
1779 0.706582
1788 0.707566
1833 0.708673
1855 0.710118
1873 0.710157
1894 0.712226
1906 0.712799
1925 0.714022
1934 0.715467
1991 0.715898
2009 0.716332
2034 0.717504
2106 0.71787
2195 0.718364
2213 0.718497
2280 0.71947
2353 0.720545
2405 0.720719
2480 0.721312
2569 0.722493
2766 0.723351
3037 0.72481
3524 0.724871
