0 0.476417
2 0.483463
3 0.485129
4 0.487922
6 0.489451
7 0.492004
11 0.494306
12 0.496797
15 0.500084
16 0.502964
17 0.50642
18 0.506602
19 0.506712
20 0.508534
25 0.511064
26 0.512955
28 0.516036
32 0.520407
34 0.520759
35 0.52517
37 0.52601
38 0.52667
39 0.529793
40 0.531522
44 0.532297
48 0.533166
51 0.535085
54 0.535921
55 0.53722
57 0.537697
58 0.54018
60 0.54089
61 0.543532
63 0.544872
65 0.546118
69 0.546799
77 0.548706
79 0.549582
81 0.550955
82 0.552092
84 0.554426
88 0.555301
89 0.559745
92 0.562418
93 0.564817
94 0.564955
96 0.566282
98 0.566684
99 0.567205
100 0.567466
101 0.5695
107 0.570817
108 0.572847
118 0.576582
119 0.57773
122 0.578812
124 0.579518
130 0.580404
131 0.582629
133 0.582861
140 0.586202
141 0.587437
153 0.589117
154 0.589802
164 0.590212
168 0.590538
172 0.590538
173 0.591108
174 0.591339
175 0.594087
176 0.594163
179 0.595453
180 0.597929
187 0.598233
190 0.599306
191 0.600045
196 0.601213
215 0.603043
217 0.60515
237 0.609143
240 0.611681
242 0.614604
244 0.614806
250 0.615433
251 0.615516
256 0.616449
264 0.618061
266 0.619014
268 0.619471
277 0.619796
279 0.623852
280 0.624381
299 0.629272
314 0.629917
332 0.63228
344 0.634306
345 0.634352
358 0.635604
362 0.635927
363 0.638101
365 0.640098
366 0.641138
368 0.642314
373 0.64464
375 0.644854
399 0.645296
401 0.645549
405 0.645623
415 0.645689
421 0.648597
423 0.652581
432 0.653197
464 0.653787
467 0.655061
499 0.655475
502 0.655919
506 0.656268
514 0.65659
518 0.658536
526 0.659203
530 0.659557
536 0.659591
542 0.660518
547 0.661823
566 0.663488
580 0.664292
594 0.664528
598 0.665961
621 0.667696
622 0.66834
627 0.668945
658 0.669782
664 0.670248
668 0.672397
680 0.674009
702 0.674504
709 0.674627
710 0.674892
714 0.67854
808 0.678755
813 0.679249
826 0.680455
877 0.681291
901 0.682699
917 0.683024
927 0.683707
939 0.685328
942 0.685607
964 0.685856
1015 0.686533
1031 0.686817
1042 0.689589
1074 0.690776
1102 0.691387
1111 0.691579
1142 0.692302
1193 0.694103
1247 0.694602
1269 0.697274
1284 0.698112
1389 0.698321
1394 0.701027
1445 0.701857
1523 0.701893
1537 0.702104
1560 0.702264
1561 0.70229
1621 0.704733
1636 0.705297
1637 0.70544
1751 0.707364
1837 0.708277
1882 0.708371
1950 0.708712
1952 0.709702
2206 0.712662
2238 0.713417
2239 0.713796
2292 0.71432
2628 0.715445
2804 0.716259
3070 0.716894
3077 0.717641
3448 0.71789
3765 0.71807
3913 0.718645
4228 0.7189
4730 0.719008
5097 0.71913
