0 0.487885
3 0.49153
4 0.492473
5 0.492621
6 0.496352
8 0.497567
9 0.500738
10 0.501676
12 0.504183
17 0.507962
23 0.508191
28 0.510936
29 0.512384
31 0.514663
32 0.514704
33 0.516271
34 0.519173
35 0.519287
36 0.519996
39 0.521245
41 0.527846
47 0.529867
50 0.532837
51 0.5384
52 0.540456
68 0.542063
69 0.543896
72 0.545278
73 0.547076
76 0.54921
79 0.551498
81 0.552242
84 0.553437
91 0.555568
92 0.556082
95 0.557069
98 0.558402
100 0.559278
104 0.559825
106 0.56117
110 0.563036
111 0.565028
117 0.567304
119 0.57271
120 0.574171
123 0.578911
124 0.579506
126 0.581183
130 0.584985
135 0.585227
136 0.586984
139 0.587485
142 0.59017
148 0.591575
150 0.59222
152 0.595177
154 0.595379
156 0.596025
158 0.599351
161 0.599959
162 0.601594
165 0.603623
167 0.604792
173 0.605017
185 0.606359
196 0.606781
202 0.607765
209 0.608268
213 0.611568
226 0.612525
245 0.61384
248 0.613916
254 0.614889
257 0.616612
263 0.617723
267 0.619402
272 0.6227
274 0.623193
275 0.625158
278 0.626093
282 0.628537
287 0.631283
301 0.632907
308 0.633437
310 0.633755
331 0.637873
343 0.638333
356 0.638338
358 0.639825
360 0.64176
363 0.642448
367 0.642843
406 0.642892
418 0.643038
424 0.643155
435 0.645134
443 0.646507
450 0.647293
455 0.648274
468 0.649023
488 0.64999
506 0.653247
511 0.6541
544 0.655177
553 0.656319
554 0.656347
571 0.65855
588 0.660369
595 0.661232
604 0.661662
610 0.662363
612 0.66272
619 0.663947
645 0.664433
655 0.664798
664 0.666657
687 0.666923
720 0.669021
744 0.669478
761 0.670148
778 0.670935
793 0.671406
795 0.672014
796 0.672301
805 0.672931
885 0.674953
901 0.676809
906 0.676867
911 0.677147
926 0.678107
928 0.678274
961 0.678649
1038 0.680582
1045 0.682077
1128 0.682092
1150 0.683024
1182 0.683636
1194 0.683982
1208 0.685766
1215 0.687733
1218 0.687906
1261 0.688446
1267 0.68851
1269 0.689803
1278 0.689924
1291 0.692272
1322 0.692623
1339 0.694116
1350 0.694187
1360 0.694386
1414 0.69492
1471 0.696296
1484 0.696574
1542 0.699672
1603 0.700623
1620 0.700808
1697 0.701277
1717 0.701287
1733 0.701741
1738 0.702805
1771 0.702907
1832 0.702979
1879 0.703504
1957 0.704335
1984 0.705312
1991 0.705955
2044 0.706465
2047 0.707245
2090 0.708997
2158 0.70977
2299 0.711327
2571 0.712006
2883 0.712098
2910 0.714833
2911 0.714944
2912 0.715435
2946 0.715905
3177 0.716316
3284 0.716584
3346 0.717208
3376 0.719279
3500 0.72052
3543 0.720528
3782 0.722043
3830 0.72225
3861 0.722701
4244 0.72282
4551 0.723061
4853 0.723085
5099 0.723809
5353 0.724366
