0 0.503183
2 0.505591
4 0.506072
5 0.510822
6 0.514208
10 0.517732
14 0.520587
15 0.525382
20 0.525749
21 0.526796
22 0.529461
23 0.531499
29 0.531751
30 0.531816
32 0.536905
33 0.538868
34 0.541327
40 0.541553
43 0.544097
45 0.54653
46 0.550543
54 0.554795
55 0.556299
59 0.556631
62 0.559243
70 0.5624
75 0.563234
83 0.564464
87 0.569796
89 0.569989
91 0.571571
93 0.573183
96 0.574355
102 0.575845
114 0.579135
121 0.579607
125 0.581321
127 0.582175
128 0.584756
129 0.586357
134 0.586433
135 0.587217
137 0.589763
138 0.592282
146 0.593186
151 0.595226
155 0.597977
158 0.598051
167 0.598752
173 0.599424
175 0.601036
183 0.601533
192 0.603032
197 0.605035
198 0.606141
200 0.606912
202 0.607286
203 0.607341
206 0.609381
208 0.610488
210 0.610817
216 0.61156
222 0.612183
226 0.614299
229 0.615839
242 0.616268
248 0.619365
251 0.619917
252 0.62132
259 0.622828
275 0.623561
277 0.625179
286 0.627894
289 0.631104
303 0.631223
311 0.632893
313 0.637016
315 0.637086
319 0.637978
324 0.638919
346 0.639909
358 0.640608
361 0.642103
373 0.642787
386 0.643944
412 0.645597
414 0.646428
421 0.648145
424 0.64974
439 0.650502
447 0.65113
453 0.651386
463 0.651693
466 0.653622
474 0.653804
489 0.654891
495 0.656992
516 0.657524
519 0.657838
534 0.659428
542 0.661984
552 0.662853
560 0.66328
605 0.66389
614 0.664032
622 0.666281
638 0.666874
671 0.669054
690 0.670156
702 0.67067
708 0.672176
772 0.672819
776 0.674196
780 0.674368
798 0.677299
825 0.677973
919 0.680038
961 0.680852
1035 0.681791
1045 0.682659
1083 0.68388
1167 0.684793
1232 0.685905
1256 0.686011
1360 0.687103
1377 0.687697
1451 0.687911
1467 0.688616
1575 0.688807
1579 0.689118
1644 0.689169
1666 0.689535
1737 0.690533
1758 0.690783
1766 0.690902
1767 0.692095
1781 0.693633
1855 0.694377
1871 0.69477
1895 0.695784
1936 0.696359
2125 0.696619
2199 0.697456
2200 0.698183
2215 0.700859
2225 0.701269
2238 0.702449
2261 0.702988
2306 0.703632
2323 0.703957
2486 0.705435
2633 0.7055
2873 0.706179
3157 0.706903
3250 0.707219
3268 0.70755
3342 0.707774
3356 0.707831
3362 0.708159
3656 0.709487
3789 0.709807
3892 0.710154
4098 0.710427
4132 0.711542
4291 0.71185
4301 0.71298
4305 0.713314
4421 0.713617
4479 0.7146
4488 0.714767
4510 0.71537
4564 0.715483
4577 0.715593
4660 0.715798
4784 0.715932
4826 0.716143
4828 0.716869
4880 0.717106
4900 0.717662
4912 0.719183
4955 0.719922
4993 0.720599
5048 0.720683
5097 0.720878
5142 0.721082
5180 0.721124
5184 0.721308
5197 0.722012
5364 0.722095
5519 0.722302
5524 0.723403
5556 0.723453
5615 0.723537
5763 0.723829
6100 0.724543
6147 0.72533
6387 0.725793
6572 0.726747
6617 0.726983
6628 0.72717
6826 0.727518
7232 0.727553
7602 0.72792
