0 0.510304
1 0.513202
2 0.513992
3 0.515139
6 0.517085
12 0.518494
13 0.519455
14 0.520106
15 0.521284
16 0.521925
18 0.524287
21 0.524291
22 0.526293
28 0.526369
31 0.527053
37 0.527131
38 0.530543
39 0.530927
42 0.534394
43 0.534827
45 0.536399
47 0.536854
48 0.537465
55 0.537956
60 0.53897
61 0.540607
62 0.543306
66 0.54589
67 0.546524
68 0.548715
69 0.548923
70 0.549942
79 0.554059
80 0.555611
81 0.555755
82 0.556206
83 0.556844
84 0.559413
86 0.559598
87 0.562229
90 0.564155
91 0.564822
96 0.566094
99 0.56847
106 0.569395
108 0.570769
109 0.573193
112 0.577553
117 0.581283
120 0.581824
122 0.584163
125 0.585539
142 0.58557
144 0.589046
147 0.590105
148 0.593879
165 0.594216
166 0.595982
168 0.596247
172 0.596766
175 0.598955
177 0.600553
180 0.601168
182 0.602534
184 0.603094
198 0.604598
203 0.604708
205 0.605268
212 0.608066
243 0.610096
247 0.611415
258 0.611517
262 0.611728
264 0.61308
265 0.613701
293 0.614649
305 0.618732
309 0.620189
313 0.622306
317 0.622995
319 0.623113
320 0.623979
323 0.62442
324 0.625329
325 0.626091
327 0.626158
343 0.628271
359 0.629661
371 0.631234
379 0.632816
387 0.633949
393 0.635391
420 0.639517
425 0.6399
431 0.641446
432 0.642406
437 0.643483
446 0.647435
456 0.649896
457 0.650066
460 0.650485
469 0.652592
477 0.653234
493 0.654306
501 0.654715
504 0.655272
553 0.655278
556 0.655366
558 0.655386
561 0.656873
564 0.658067
576 0.65893
583 0.660135
585 0.662457
646 0.664351
647 0.665572
675 0.665705
681 0.665888
710 0.666569
745 0.669615
783 0.67026
819 0.670345
835 0.670844
872 0.671056
873 0.671616
895 0.673103
901 0.673268
906 0.673567
921 0.67409
989 0.674208
1025 0.674967
1040 0.67571
1055 0.676281
1083 0.67703
1121 0.677705
1136 0.677849
1171 0.67951
1175 0.680713
1231 0.685234
1237 0.685767
1242 0.686287
1267 0.686386
1292 0.686611
1316 0.687086
1410 0.687279
1463 0.688354
1473 0.688544
1533 0.688607
1536 0.689434
1558 0.690349
1573 0.691328
1581 0.691704
1614 0.691895
1632 0.692498
1634 0.692519
1678 0.692952
1706 0.694566
1808 0.694746
1884 0.695302
1958 0.695362
2046 0.696718
2077 0.698339
2124 0.698601
2127 0.699555
2137 0.70045
2159 0.700659
2182 0.701969
2282 0.702193
2312 0.702366
2316 0.702771
2328 0.703273
2485 0.703697
2566 0.703803
2673 0.70464
2736 0.705017
2737 0.707495
2839 0.707897
2860 0.707991
2925 0.708104
2932 0.709
3013 0.710861
3114 0.710939
3132 0.711289
3138 0.711934
3245 0.71239
3376 0.712414
3382 0.712723
3501 0.712929
3567 0.713245
3636 0.714004
3647 0.714625
3662 0.715514
3674 0.715643
3780 0.715897
3808 0.71625
3822 0.716835
3875 0.717378
4002 0.718617
4201 0.71895
4391 0.719713
