0 0.48534
3 0.490586
4 0.490798
6 0.494095
7 0.494752
11 0.494812
12 0.494963
14 0.497033
16 0.500171
17 0.50109
18 0.504231
19 0.505599
22 0.505845
24 0.508855
26 0.509959
27 0.510786
28 0.517829
35 0.520043
39 0.521564
44 0.522419
46 0.526598
47 0.528932
50 0.531423
51 0.534548
53 0.535381
54 0.536433
59 0.538709
61 0.538757
63 0.54193
67 0.542406
70 0.543884
72 0.544809
73 0.548074
74 0.550283
75 0.550384
79 0.550973
87 0.551804
88 0.553472
100 0.553536
113 0.555256
114 0.55677
115 0.558569
117 0.564779
121 0.56513
130 0.567061
131 0.567538
132 0.567845
135 0.568363
136 0.570422
137 0.571906
144 0.573093
152 0.574424
164 0.575678
170 0.575701
174 0.576781
179 0.580759
184 0.581996
195 0.585265
197 0.586446
198 0.591088
199 0.591991
200 0.594345
202 0.594824
208 0.594906
213 0.594991
216 0.595357
217 0.595851
222 0.596973
227 0.597658
234 0.598134
235 0.601197
238 0.602295
239 0.603055
248 0.603128
258 0.604215
265 0.60426
271 0.605615
278 0.607238
292 0.609386
293 0.609709
299 0.609917
328 0.610089
331 0.611631
335 0.616103
341 0.616253
349 0.617905
351 0.619576
355 0.620172
356 0.621627
359 0.6225
360 0.622506
363 0.624422
397 0.624464
411 0.625552
412 0.627699
415 0.631272
416 0.63398
420 0.634079
422 0.634962
424 0.634982
426 0.63642
435 0.636827
442 0.641714
447 0.642507
468 0.642738
473 0.643254
479 0.643331
486 0.643578
488 0.643812
506 0.644195
515 0.645016
517 0.645061
533 0.645304
535 0.646148
539 0.647055
557 0.648591
581 0.648783
585 0.65035
601 0.650434
625 0.650861
657 0.651925
662 0.653513
663 0.653793
679 0.655449
682 0.657392
686 0.657429
687 0.657476
712 0.659118
713 0.660922
717 0.661152
720 0.662621
722 0.663353
725 0.66473
734 0.665096
735 0.66534
738 0.665432
741 0.665609
742 0.666297
760 0.666346
765 0.666406
768 0.666857
777 0.667781
778 0.669347
779 0.669665
787 0.6714
800 0.671728
806 0.672676
810 0.673541
815 0.673685
835 0.674487
852 0.674939
860 0.675084
889 0.67521
895 0.675355
909 0.675465
925 0.675938
928 0.677439
937 0.678161
946 0.678397
953 0.678397
964 0.679553
968 0.680517
984 0.681851
991 0.683029
1041 0.683751
1074 0.684214
1136 0.684621
1138 0.685961
1139 0.687123
1157 0.687636
1177 0.68792
1222 0.688954
1228 0.689679
1239 0.689915
1349 0.690116
1388 0.690253
1410 0.691325
1412 0.692379
1421 0.69238
1445 0.693055
1464 0.693122
1470 0.693238
1501 0.693669
1563 0.694585
1616 0.696879
1659 0.697254
1693 0.697661
1695 0.697724
1721 0.698047
1801 0.69934
1827 0.699402
1890 0.699621
2009 0.699723
2123 0.700374
2160 0.701259
2209 0.701754
2302 0.701795
2311 0.703076
2489 0.703215
2828 0.703976
2849 0.705141
2941 0.706773
2967 0.707755
3039 0.708405
3177 0.709008
3187 0.709619
3297 0.710024
3339 0.710163
3564 0.710613
3907 0.711364
3995 0.711371
4117 0.711554
4400 0.712502
4456 0.712902
4567 0.713039
4573 0.713424
4609 0.713935
4825 0.714068
5206 0.714312
5325 0.715286
5547 0.716009
5561 0.716024
5632 0.716062
5995 0.716123
