0 0.484735
2 0.488404
4 0.489331
5 0.489745
6 0.489913
11 0.491561
13 0.493236
14 0.494744
19 0.498035
20 0.499357
22 0.500691
23 0.501847
29 0.504164
30 0.506902
31 0.508866
33 0.508926
38 0.511165
41 0.515686
43 0.516213
45 0.5165
47 0.517357
50 0.518131
54 0.521333
62 0.521952
65 0.523231
66 0.527268
67 0.527533
69 0.528658
83 0.531022
85 0.532512
86 0.539909
89 0.540244
91 0.540447
92 0.540506
93 0.541287
98 0.541673
101 0.541766
102 0.542277
105 0.543607
106 0.544558
107 0.548783
108 0.549283
109 0.550217
114 0.550222
115 0.554638
116 0.556699
117 0.55828
123 0.559125
129 0.559482
132 0.560251
135 0.561015
142 0.561356
145 0.563485
150 0.568392
151 0.57047
159 0.571337
162 0.57569
164 0.575701
166 0.577509
172 0.577934
177 0.578106
179 0.57971
184 0.580222
185 0.580323
193 0.588223
198 0.588675
204 0.590016
206 0.590565
208 0.592511
211 0.594853
220 0.596906
232 0.598238
235 0.60017
237 0.600933
244 0.601082
248 0.601961
250 0.60221
253 0.602631
266 0.603914
268 0.606351
269 0.607195
273 0.608464
276 0.610391
284 0.611957
287 0.612715
296 0.613259
307 0.616625
317 0.617895
325 0.618149
330 0.618624
337 0.620861
351 0.623403
359 0.624786
361 0.626318
369 0.629167
383 0.630295
400 0.630416
404 0.633662
406 0.636106
412 0.637559
418 0.637822
421 0.638005
457 0.638504
464 0.639173
466 0.639282
480 0.640868
486 0.640899
500 0.641286
511 0.64153
526 0.641807
541 0.642268
542 0.643338
544 0.644372
556 0.64663
559 0.64679
571 0.648811
574 0.649032
600 0.64924
604 0.649512
605 0.649811
609 0.65183
616 0.654328
629 0.655796
632 0.656082
636 0.657059
644 0.657851
652 0.658096
657 0.658747
661 0.659036
663 0.65949
684 0.660312
699 0.660897
711 0.662092
713 0.663322
728 0.663412
736 0.664259
761 0.664289
768 0.664711
810 0.666113
814 0.667493
842 0.668502
860 0.669392
873 0.669862
902 0.669959
926 0.670731
952 0.67109
955 0.671114
962 0.672735
994 0.672866
1019 0.673193
1023 0.674667
1026 0.675599
1027 0.677339
1034 0.677514
1050 0.677756
1097 0.678293
1100 0.67844
1101 0.679544
1129 0.681079
1183 0.682695
1196 0.683121
1257 0.683436
1266 0.684114
1308 0.686945
1322 0.687879
1327 0.689138
1354 0.689327
1369 0.690454
1401 0.69062
1409 0.690732
1519 0.691044
1556 0.691051
1559 0.691812
1599 0.691949
1657 0.692696
1671 0.692739
1788 0.693263
1881 0.693831
1889 0.694174
1953 0.694421
1955 0.694563
1967 0.695471
2000 0.696612
2055 0.697577
2058 0.699152
2092 0.699363
2291 0.700445
2298 0.700777
2313 0.701231
2499 0.702521
2534 0.70324
2821 0.70359
3174 0.70389
3273 0.703973
3275 0.704563
3387 0.704575
