0 0.480105
4 0.483717
5 0.484457
6 0.487539
7 0.487811
8 0.489634
13 0.490762
16 0.491318
17 0.49331
18 0.493547
22 0.499138
25 0.501498
27 0.501755
29 0.503208
32 0.504538
33 0.504669
34 0.506209
35 0.506583
37 0.510859
38 0.512832
40 0.516997
41 0.517325
42 0.520472
43 0.525318
46 0.525576
47 0.525703
49 0.5274
50 0.529872
53 0.533739
57 0.534164
58 0.536523
60 0.539207
61 0.539456
62 0.542637
64 0.542887
65 0.544176
71 0.544344
76 0.545055
80 0.547857
81 0.548646
82 0.552504
83 0.552622
84 0.556119
88 0.556122
91 0.557091
95 0.558769
100 0.561301
106 0.561344
109 0.563502
111 0.564579
112 0.565241
113 0.565398
114 0.565864
115 0.566419
127 0.567601
129 0.568812
133 0.570883
137 0.57155
138 0.572768
140 0.572816
142 0.572929
148 0.574248
150 0.576428
152 0.577781
153 0.578656
158 0.578657
162 0.579725
163 0.579956
171 0.581059
175 0.581065
178 0.581238
182 0.581587
184 0.582208
190 0.582319
192 0.58508
193 0.585135
194 0.588387
196 0.589195
198 0.58957
201 0.590071
205 0.591312
206 0.592348
219 0.592717
221 0.592722
222 0.593358
228 0.594156
230 0.595312
233 0.595921
242 0.597737
247 0.599612
250 0.599895
259 0.60025
266 0.602459
267 0.603603
269 0.60454
272 0.604568
274 0.605828
278 0.606315
281 0.606978
293 0.607456
294 0.60945
297 0.609479
306 0.612745
311 0.612774
312 0.613503
314 0.613835
326 0.614126
327 0.614568
331 0.615573
334 0.618176
356 0.61822
366 0.618267
380 0.618855
384 0.621171
389 0.622773
391 0.62775
392 0.628697
395 0.629617
417 0.63006
422 0.631491
424 0.633202
425 0.63322
426 0.634393
434 0.637769
441 0.637883
443 0.638532
454 0.63899
477 0.639445
480 0.64135
486 0.641532
493 0.641646
499 0.642447
504 0.644263
526 0.644466
528 0.647234
535 0.648143
536 0.648507
556 0.64854
575 0.648857
587 0.649597
592 0.651891
596 0.652367
638 0.654645
643 0.655779
647 0.657142
648 0.65832
656 0.659692
668 0.660295
686 0.662154
694 0.66285
697 0.663257
700 0.663671
703 0.663815
727 0.664061
749 0.665402
753 0.6657
756 0.666254
781 0.666319
782 0.66775
801 0.670706
812 0.671161
815 0.671431
817 0.672323
832 0.672523
837 0.674397
871 0.674434
874 0.675427
887 0.676106
895 0.676886
913 0.677812
921 0.67786
928 0.678619
957 0.679547
958 0.680567
970 0.680567
972 0.680591
979 0.681361
1004 0.681811
1015 0.68188
1061 0.685751
1078 0.687011
1122 0.690471
1137 0.690472
1147 0.691231
1193 0.691272
1204 0.692823
1220 0.696002
1239 0.696607
1252 0.698053
1310 0.698644
1339 0.701214
1348 0.701876
1405 0.702878
1441 0.702993
1454 0.703041
1591 0.703585
1592 0.705007
1641 0.706009
1643 0.70602
1656 0.706495
1658 0.707578
1673 0.707931
1682 0.71003
1778 0.710095
1859 0.711703
1865 0.711824
1905 0.713123
1946 0.714447
2037 0.714903
2094 0.715887
2107 0.718641
2174 0.719124
2175 0.720497
2222 0.721027
2280 0.72108
2310 0.721313
2356 0.722113
2369 0.723338
2370 0.723819
2395 0.724761
2400 0.724901
2415 0.72546
2656 0.728098
2692 0.730602
2702 0.732349
2767 0.732856
2798 0.733963
2977 0.736592
3169 0.736875
