0 0.485283
4 0.489019
6 0.489722
9 0.490966
10 0.491061
11 0.49286
12 0.495304
14 0.49705
16 0.497223
18 0.498997
20 0.500804
23 0.503618
24 0.508546
25 0.50984
28 0.512476
30 0.513691
33 0.514565
34 0.51595
37 0.517136
40 0.517976
44 0.519658
45 0.521748
48 0.521991
55 0.526592
56 0.528151
57 0.528355
60 0.5285
65 0.531696
67 0.532201
69 0.533003
70 0.533089
71 0.535637
74 0.537097
78 0.53738
79 0.538324
83 0.538549
87 0.538804
97 0.542361
98 0.543533
106 0.543907
110 0.544083
111 0.546341
113 0.546527
119 0.548335
122 0.54952
126 0.550051
127 0.550072
130 0.55038
131 0.551028
140 0.553669
147 0.555288
153 0.555754
160 0.557704
163 0.55775
166 0.559252
168 0.55983
170 0.561439
171 0.562852
172 0.565525
176 0.565665
177 0.566466
178 0.567156
179 0.569766
181 0.571455
183 0.571866
191 0.57226
201 0.572489
203 0.573393
207 0.573739
210 0.573928
216 0.573931
222 0.574452
223 0.574828
227 0.575635
229 0.575806
230 0.575838
234 0.576012
236 0.578589
237 0.58059
240 0.581191
243 0.582958
245 0.584874
250 0.585853
259 0.58632
263 0.586454
279 0.587034
282 0.587176
290 0.591091
294 0.593661
296 0.595989
298 0.59623
309 0.597752
310 0.598934
312 0.599575
315 0.600203
316 0.600743
321 0.602958
329 0.605347
330 0.608089
335 0.608237
339 0.609193
343 0.611063
348 0.612785
350 0.615271
351 0.616701
354 0.616778
356 0.618854
362 0.6197
369 0.622755
372 0.623721
373 0.624116
381 0.624908
391 0.627796
396 0.62819
399 0.629069
412 0.63278
418 0.633652
424 0.635606
425 0.63638
431 0.637486
437 0.639436
442 0.641584
444 0.642797
448 0.642975
450 0.644191
453 0.644378
465 0.645633
468 0.648418
481 0.649997
488 0.651019
514 0.651159
522 0.651438
531 0.65146
538 0.652997
544 0.653932
570 0.654036
583 0.654259
584 0.65653
597 0.656964
617 0.658727
631 0.659983
646 0.660338
663 0.663204
664 0.663358
674 0.665527
678 0.665951
745 0.666029
749 0.666251
753 0.668954
761 0.67058
771 0.672485
772 0.674139
778 0.675234
870 0.675693
891 0.676986
907 0.677373
908 0.67747
940 0.678965
944 0.679002
946 0.680671
957 0.680757
1005 0.681135
1040 0.68121
1059 0.681661
1062 0.682546
1077 0.683922
1080 0.684996
1095 0.685242
1122 0.68541
1123 0.685865
1153 0.687134
1210 0.687178
1238 0.687668
1256 0.688442
1260 0.689769
1265 0.690664
1271 0.690827
1280 0.690828
1333 0.691851
1346 0.692438
1359 0.6929
1386 0.693511
1419 0.693702
1493 0.6945
1512 0.694526
1543 0.69502
1554 0.696751
1559 0.696827
1570 0.697236
1572 0.697252
1612 0.699098
1638 0.699791
1654 0.700013
1661 0.700297
1668 0.7013
1687 0.702497
1731 0.70255
1818 0.703856
1853 0.704165
1888 0.704794
1915 0.704825
1969 0.705041
1997 0.705048
2052 0.705385
2140 0.706028
2229 0.70719
2259 0.707377
2271 0.708115
2302 0.708696
2369 0.709881
2399 0.711146
2419 0.711919
2434 0.713023
2454 0.713032
2605 0.713568
2615 0.715076
2699 0.71521
2924 0.715345
2935 0.715716
2953 0.71605
3231 0.716103
3269 0.716603
3505 0.716749
3915 0.717489
4006 0.717702
4431 0.718395
