0 136928.12
4005 135538.34
8010 134382.72
12015 133374.14
16020 132458.46
20025 131617
24030 130855.98
28035 130149
32040 129504.36
36045 128909.18
40050 128355.74
44055 127843.62
48060 127370.3
52065 126930.2
56070 126512.58
60075 126118.16
64080 125750.36
68085 125402.96
72090 125080
76095 124778.8
80100 124493.74
84105 124226.02
88110 123972.76
92115 123732.3
96120 123497.94
100125 123273.32
104130 123061.66
108135 122856.46
112140 122669.9
116145 122481.16
120150 122304.76
124155 122135.38
128160 121975.82
132165 121825
136170 121683.68
140175 121544.68
144180 121411
148185 121285.04
152190 121161.08
156195 121043.46
160200 120934.48
164205 120827.22
168210 120722.72
172215 120623.52
176220 120529.58
180225 120439.82
184230 120351.4
188235 120268.18
192240 120186.04
196245 120108.9
200250 120031.3
204255 119957.46
208260 119887.44
212265 119818.32
216270 119752.8
220275 119688.06
224280 119626.64
228285 119568.28
232290 119509.72
236295 119452.94
240300 119400.1
244305 119347.92
248310 119297.92
252315 119250.56
256320 119203.62
260325 119157.8
264330 119114.44
268335 119073.72
272340 119032.92
276345 118992.74
280350 118953.04
284355 118916.86
288360 118880.28
292365 118846.42
296370 118812.5
300375 118778.4
304380 118744.1
308385 118713.42
312390 118686.56
316395 118661.1
320400 118634.98
324405 118606.3
328410 118580.54
332415 118554.34
336420 118528.68
340425 118504.98
344430 118482.32
348435 118458.84
352440 118437.18
356445 118417.02
360450 118397.66
364455 118379.16
368460 118361.48
372465 118342.22
376470 118321.92
380475 118304.3
384480 118288.64
388485 118274.06
392490 118259.3
396495 118247.42
400500 118236.86
404505 118225.94
408510 118217.54
412515 118208.24
416520 118199.34
420525 118191.82
424530 118183.18
428535 118176.18
432540 118170.64
436545 118165.24
440550 118159.3
444555 118155.12
448560 118150.38
452565 118145.6
456570 118141.26
460575 118139
464580 118136.06
468585 118132.36
472590 118130.1
476595 118127.18
480600 118124.68
484605 118122.9
488610 118121.52
492615 118120.06
496620 118118.78
500625 118117.82
504630 118116.22
508635 118115.22
512640 118114.74
516645 118114.22
520650 118113.78
524655 118113.44
528660 118113.3
532665 118113.2
536670 118113.16
540675 118113.12
544680 118112.92
548685 118112.88
