1 0.4977464
2 0.50048054851485
3 0.50263904
4 0.50472195
5 0.50617432
6 0.50805948
7 0.50985646
8 0.51195389
9 0.51398381
10 0.51642269
11 0.51816162999999
12 0.51985385
13 0.52110473
14 0.52277644
15 0.52454707
16 0.52630865
17 0.52796168
18 0.529139
19 0.53154177
20 0.53347928
21 0.53483507
22 0.53622344
23 0.53833064
24 0.53971827999999
25 0.54104960999999
26 0.54242467
27 0.54381215
28 0.54598601
29 0.54736304999999
30 0.54863903999999
31 0.55006407999999
32 0.55150240999999
33 0.55286558
34 0.55426957999999
35 0.55538606
36 0.55645925999999
37 0.55805363999999
38 0.55919516999999
39 0.56046187999999
40 0.56190592999999
41 0.56296603999999
42 0.56473744999999
43 0.56570560999999
44 0.56723916999999
45 0.56834740999999
46 0.56958129999999
47 0.57074262999999
48 0.57174950999999
49 0.57268239999999
50 0.57338432999999
51 0.57439574999999
52 0.57561430999999
53 0.57723992
54 0.57848679999999
55 0.57959894999999
56 0.58078715999999
57 0.58136049999999
58 0.58263019999999
59 0.58369408999999
60 0.58437670999999
61 0.58532903999999
62 0.58645755999999
63 0.58743297999999
64 0.58841569999999
65 0.58931926999999
66 0.59042871999999
67 0.59115123999999
68 0.59212116999999
69 0.59328679999999
70 0.59441802999999
71 0.59549140999999
72 0.59647237999999
73 0.59694409999999
74 0.59769087999999
75 0.59833793999999
76 0.59900265999999
77 0.59981942999999
78 0.60041846999999
79 0.60137789999999
80 0.60189491999999
81 0.60307832999999
82 0.60369976999999
83 0.60455988999999
84 0.60572915999999
85 0.60619635999999
86 0.60682946999999
87 0.60755475999999
88 0.60828968999999
89 0.60936505999999
90 0.61012710999999
91 0.61081556999999
92 0.61151681999999
93 0.61212690999999
94 0.61280555999999
95 0.61386081999999
96 0.61461006999999
97 0.61514998999999
98 0.61567940999999
99 0.61619789999999
100 0.61701031999999
101 0.61740790999999
102 0.61823077999999
103 0.61878850999999
104 0.61919335999999
105 0.61998920999999
106 0.62046198999999
107 0.62147973999999
108 0.62205688999999
109 0.62264905999999
110 0.62342071999999
111 0.62407526999999
112 0.62467837999999
113 0.62541175999999
114 0.62580764999999
115 0.62634282999999
116 0.62695007999999
117 0.62751126999999
118 0.62782690999999
119 0.62815558999999
120 0.62849254999999
121 0.62906775999999
122 0.62955101999999
123 0.62993799999999
124 0.63027333999999
125 0.63085636999999
126 0.63140018999999
127 0.63188514999999
128 0.63236267999999
129 0.63302668999999
130 0.63335368999999
131 0.63380025999999
132 0.63404942999999
133 0.63453224999999
134 0.63501620999999
135 0.63544574999999
136 0.63599157999999
137 0.63640995999999
138 0.63665161999999
139 0.63692778999999
140 0.63743077999999
141 0.63802002999999
142 0.63849730999999
143 0.63892451999999
144 0.63950215999999
145 0.64004411999999
146 0.64064938999999
147 0.64099550999999
148 0.64137226999999
149 0.64179367999999
150 0.64220912999999
151 0.64288322999999
152 0.64326763999999
153 0.64378378999999
154 0.64428820999999
155 0.64477999999999
156 0.64518358999999
157 0.64548509999999
158 0.64591130999999
159 0.64641773999999
160 0.64675962999999
161 0.64710720999999
162 0.64769500999999
163 0.64793878999999
164 0.64832730999999
165 0.64881996999999
166 0.64908593999999
167 0.64946282999999
168 0.64978518999999
169 0.65014296999999
170 0.65050148999999
171 0.65083923999999
172 0.65135140999999
173 0.65152159999999
174 0.65184218999999
175 0.65223760999999
176 0.65271909999999
177 0.65317421999999
178 0.65344737999999
179 0.65371942999999
180 0.65403117999999
181 0.65425209999999
182 0.65471670999999
183 0.65487088999999
184 0.65512332999999
185 0.65545140999999
186 0.65579875999999
187 0.65607993999999
188 0.65633375999999
189 0.65687612999999
190 0.65716168999999
191 0.65744664999999
192 0.65767642999999
193 0.65783063999999
194 0.65809775999999
195 0.65831623999999
196 0.65878681999999
197 0.65914387999999
198 0.65935572999999
199 0.65963716999999
200 0.65984796999999
201 0.66005249999999
202 0.66051184999999
203 0.66081579999999
204 0.66107917999999
205 0.66152576999999
206 0.66170707999999
207 0.66193129999999
208 0.66208634999999
209 0.66234712999999
210 0.66255443999999
211 0.66264244999999
212 0.66309258999999
213 0.66332166999999
214 0.66339051999999
215 0.66362669999999
216 0.66390936999999
217 0.66420329999999
218 0.66425588999999
219 0.66462474999999
220 0.66520587999999
221 0.66537033999999
222 0.66567091999999
223 0.66578974999999
224 0.66628400999999
225 0.66661500999999
226 0.66672192999999
227 0.66690750999999
228 0.66694027999999
229 0.66724645999999
230 0.66739085999999
231 0.66745801999999
232 0.66760309999999
233 0.66792906999999
234 0.66834051999999
235 0.66851396999999
236 0.66857251999999
237 0.66880437999999
238 0.66893395999999
239 0.66932328999999
240 0.66948504999999
241 0.66982714999999
242 0.66996607999999
243 0.67020387999999
244 0.67043455999999
245 0.67073326999999
246 0.67103322999999
247 0.67122353999999
248 0.67135611999999
249 0.67136835999999
250 0.67169610999999
251 0.67177999999999
252 0.67182173999999
253 0.67223826999999
254 0.67250633999999
255 0.67260010999999
256 0.67277217999999
257 0.67321732999999
258 0.67346636999999
259 0.67358888999999
260 0.67365501999999
261 0.67383904999999
262 0.67392040999999
263 0.67446373999999
264 0.67463038999999
265 0.67490836999999
266 0.67518976999999
267 0.67548835999999
268 0.67554125999999
269 0.67586482999999
270 0.67603287999999
271 0.67615065999999
272 0.67627181999999
273 0.67637947999999
274 0.67661011999999
275 0.67697515999999
276 0.67719380999999
277 0.67731738999999
278 0.67751895999999
279 0.67770960999999
280 0.67792831999999
281 0.67814247999999
282 0.67818309999999
283 0.67837953999999
284 0.67855137999999
285 0.67869249999999
286 0.67893713999999
287 0.67913127999999
288 0.67930653999999
289 0.67940067999999
290 0.67947876999999
291 0.67959948999999
292 0.67969628999999
293 0.67983010999999
294 0.67995195999999
295 0.67996564999999
296 0.68006711999999
297 0.68024359999999
298 0.68026863999999
299 0.68028074999999
300 0.68034901999999
301 0.68035227999999
302 0.68040961999999
303 0.68063805999999
304 0.68071717999999
305 0.68086930999999
306 0.68095697999999
307 0.68096698999999
308 0.68102052999999
309 0.68109700999999
310 0.68117389999999
311 0.68145160999999
312 0.68155533999999
313 0.68167043999999
314 0.68177997999999
315 0.68184595999999
316 0.68203241999999
317 0.68205942999999
318 0.68218269999999
319 0.68227145999999
320 0.68234219999999
321 0.68251050999999
322 0.68260639999999
323 0.68266330999999
324 0.68290105999999
325 0.68297604999999
326 0.68304000999999
327 0.68318250999999
328 0.68333639999999
329 0.68348955999999
330 0.68361438999999
331 0.68381820999999
332 0.68397084999999
333 0.68403093999999
334 0.68410454999999
335 0.68420228999999
336 0.68428041999999
337 0.68429947999999
338 0.68446486999999
339 0.68457454999999
340 0.68465302999999
341 0.68473051999999
342 0.68475005999999
343 0.68481867999999
344 0.68494210999999
345 0.68505705999999
346 0.68511983999999
347 0.68521572999999
348 0.68537903999999
349 0.68545036999999
350 0.68548805999999
351 0.68553038999999
352 0.68575444999999
353 0.68588994999999
354 0.68604917999999
355 0.68609584999999
356 0.68623142999999
357 0.68625212999999
358 0.68639245999999
359 0.68643021999999
360 0.68647070999999
361 0.68662124999999
362 0.68686441999999
363 0.68690735999999
364 0.68705256999999
365 0.68719952999999
366 0.68735386999999
367 0.68746434999999
368 0.68754247999999
369 0.68756942999999
370 0.68786142999999
371 0.68793737999999
372 0.68809537999999
373 0.68815390999999
374 0.68818662999999
375 0.68827561999999
376 0.68830252999999
377 0.68845958999999
378 0.68848388999999
379 0.68854666999999
380 0.68861236999999
381 0.68866724999999
382 0.68881231999999
383 0.68885670999999
384 0.68892687999999
385 0.68905909999999
386 0.68934605999999
387 0.68936489999999
388 0.68939881999999
389 0.68945907999999
390 0.68956164999999
391 0.68964729999999
392 0.68970157999999
393 0.68981456999999
394 0.68990809999999
395 0.68992428999999
396 0.69000587999999
397 0.69007389999999
398 0.69009091999999
399 0.69021858999999
400 0.69036826999999
401 0.69039890999999
402 0.69046174999999
403 0.69060652999999
404 0.69061848999999
405 0.69062364999999
406 0.69068916999999
407 0.69082092999999
409 0.69086308999999
410 0.69100245999999
411 0.69107244999999
412 0.69122172999999
413 0.69139666999999
414 0.69141458999999
415 0.69142949999999
416 0.69144703999999
417 0.69150707999999
418 0.69152746999999
419 0.69158202999999
420 0.69165190999999
421 0.69177263999999
422 0.69178656999999
423 0.69192690999999
424 0.69193007999999
425 0.69211931999999
426 0.69219018999999
427 0.69221730999999
428 0.69231116999999
430 0.69235490999999
431 0.69243015999999
432 0.69243501999999
433 0.69249271999999
434 0.69258246999999
435 0.69274227999999
436 0.69275320999999
437 0.69283571999999
438 0.69285511999999
440 0.69285742999999
441 0.69290550999999
442 0.69300269999999
443 0.69314199999999
444 0.69319297999999
445 0.69322539999999
446 0.69331843999999
447 0.69343460999999
448 0.69344370999999
449 0.69352439999999
450 0.69357031999999
451 0.69359697999999
452 0.69367899999999
453 0.69374351999999
454 0.69375658999999
455 0.69383527999999
456 0.69387373999999
457 0.69395165999999
458 0.69398335999999
459 0.69399495999999
460 0.69405914999999
461 0.69406130999999
462 0.69406739999999
463 0.69411127999999
464 0.69414151999999
465 0.69416562999999
466 0.69422005999999
467 0.69442521999999
468 0.69448126999999
469 0.69453070999999
470 0.69460106999999
471 0.69465846999999
472 0.69466465999999
473 0.69474043999999
474 0.69485927999999
475 0.69487324999999
476 0.69492445999999
477 0.69503738999999
478 0.69508541999999
479 0.69516639999999
480 0.69521734999999
481 0.69531472999999
482 0.69537934999999
483 0.69539794999999
484 0.69542926999999
485 0.69557481999999
488 0.69558195999999
489 0.69569673999999
490 0.69571348999999
491 0.69574777999999
492 0.69575684999999
493 0.69584210999999
494 0.69589636999999
495 0.69599442999999
497 0.69605425999999
498 0.69609204999999
499 0.69622010999999
500 0.69624557999999
502 0.69634212999999
503 0.69636569999999
504 0.69638638999999
506 0.69640700999999
507 0.69642321999999
508 0.69651811999999
510 0.69661679999999
511 0.69663200999999
512 0.69671850999999
513 0.69686340999999
514 0.69689813999999
515 0.69690029999999
516 0.69699019999999
517 0.69700479999999
518 0.69713440999999
519 0.69715032999999
520 0.69715895999999
521 0.69716331999999
522 0.69719006999999
523 0.69720323999999
524 0.69722366999999
525 0.69723431999999
526 0.69732457999999
527 0.69732689999999
528 0.69735765999999
529 0.69738361999999
530 0.69741616999999
531 0.69743208999999
532 0.69747769999999
534 0.69749793999999
535 0.69754383999999
536 0.69757593999999
538 0.69758914999999
539 0.69760231999999
541 0.69762144999999
543 0.69770865999999
545 0.69771698999999
546 0.69776001999999
548 0.69781366999999
550 0.69783401999999
551 0.69792883999999
552 0.69792954999999
553 0.69793817999999
555 0.69795846999999
556 0.69800296999999
557 0.69800622999999
558 0.69802266999999
560 0.69807229999999
561 0.69810334999999
562 0.69812075999999
563 0.69813007999999
564 0.69822342999999
565 0.69823730999999
566 0.69826206999999
567 0.69827328999999
569 0.69829189999999
571 0.69837140999999
572 0.69841348999999
574 0.69841368999999
575 0.69848781999999
577 0.69852711999999
578 0.69858182999999
580 0.69859534999999
582 0.69863970999999
583 0.69866768999999
584 0.69876504999999
586 0.69882060999999
588 0.69884122999999
589 0.69884624999999
591 0.69894089999999
592 0.69894751999999
593 0.69896782999999
595 0.69897821999999
596 0.69904603999999
598 0.69908771999999
599 0.69911863999999
600 0.69915875999999
602 0.69915886999999
603 0.69917863999999
606 0.69918103999999
607 0.69920165999999
608 0.69923514999999
609 0.69924862999999
611 0.69934811999999
613 0.69935198999999
615 0.69937059999999
616 0.69937120999999
618 0.69937555999999
620 0.69937991999999
621 0.69939898999999
622 0.69941243999999
623 0.69942429999999
625 0.69944021999999
627 0.69947779999999
628 0.69957281999999
632 0.69966863999999
633 0.69978288999999
635 0.69985435999999
638 0.69987318999999
639 0.69988838999999
641 0.69989868999999
642 0.69999800999999
644 0.69999895999999
648 0.70002635999999
650 0.70012564999999
651 0.70016408999999
652 0.70017605999999
653 0.70018571999999
654 0.70023198999999
655 0.70024196999999
658 0.70029963999999
660 0.70034311999999
661 0.70036528999999
662 0.70044546999999
663 0.70046575999999
666 0.70047878999999
667 0.70049105999999
671 0.70050422999999
673 0.70055354999999
674 0.70056859999999
675 0.70059438999999
678 0.70059831999999
679 0.70063707999999
680 0.70065786999999
682 0.70067001999999
686 0.70069659999999
689 0.70069721999999
690 0.70070108999999
692 0.70072634999999
693 0.70073070999999
697 0.70073831999999
700 0.70073944999999
702 0.70075292999999
703 0.70080559999999
705 0.70083213999999
708 0.70085944999999
713 0.70087184999999
715 0.70090444999999
717 0.70096074999999
718 0.70101553999999
720 0.70105401999999
721 0.70108132999999
724 0.70113900999999
730 0.70119643999999
732 0.70122977999999
736 0.70124679999999
737 0.70128746999999
738 0.70133945999999
741 0.70138271999999
754 0.70141927999999
755 0.70148485999999
762 0.70154947999999
765 0.70155866999999
771 0.70156351999999
775 0.70157924999999
779 0.70160883999999
781 0.70162069999999
786 0.70163296999999
791 0.70164644999999
795 0.70164943999999
797 0.70165008999999
816 0.70166869999999
818 0.70171378999999
830 0.70172615999999
831 0.70172625999999
833 0.70178561999999
838 0.70181602999999
842 0.70182510999999
843 0.70183432999999
878 0.70187279999999
890 0.70190979999999
900 0.70191075999999
901 0.70191156999999
910 0.70191391999999
911 0.70193252999999
949 0.70194189999999
969 0.70200835999999
992 0.70201641999999
1001 0.70202077999999
1074 0.70207615999999
