0 0.499412
1 0.50609
2 0.511123
5 0.515101
6 0.517931
8 0.518554
9 0.519072
10 0.520933
11 0.523724
12 0.524755
13 0.527372
15 0.529517
16 0.530903
19 0.537464
20 0.543378
24 0.543494
25 0.549413
27 0.550487
28 0.550557
29 0.550902
30 0.560571
40 0.57238
41 0.574231
43 0.58001
45 0.586473
53 0.586958
57 0.592367
60 0.595912
68 0.597668
70 0.604358
71 0.6062
72 0.609455
74 0.61212
80 0.615464
83 0.618194
92 0.621359
93 0.625294
95 0.627536
102 0.633751
113 0.634576
115 0.635843
123 0.637904
127 0.640154
135 0.642183
139 0.642287
149 0.643818
156 0.647975
171 0.653936
172 0.65833
175 0.658567
198 0.659965
199 0.664181
225 0.669422
259 0.669857
284 0.671477
303 0.674316
348 0.68176
389 0.68178
417 0.683515
428 0.689097
471 0.690035
565 0.690145
584 0.693645