0 0.490142
2 0.49199
3 0.499419
4 0.5094
7 0.512505
9 0.514416
14 0.524947
15 0.525872
16 0.529677
23 0.532106
30 0.541384
35 0.543965
37 0.549232
43 0.552881
45 0.555896
47 0.557799
48 0.563346
49 0.57422
53 0.575267
54 0.57566
56 0.577166
59 0.578103
64 0.578531
68 0.584407
70 0.585932
73 0.587351
76 0.597319
77 0.601163
87 0.603922
93 0.606869
107 0.608589
113 0.611751
115 0.613612
120 0.614086
121 0.616334
127 0.617252
137 0.618245
138 0.61993
140 0.621949
141 0.622818
146 0.625837
156 0.628512
163 0.629576
165 0.636636
170 0.638116
171 0.641002
173 0.6424
177 0.642836
187 0.649229
201 0.650704
213 0.651796
217 0.65225
224 0.661135
231 0.662483
234 0.666034
246 0.670793
262 0.676423
289 0.677953
293 0.677983
303 0.688509
313 0.691781
336 0.692725
385 0.693792
409 0.698008
421 0.699138
535 0.701978
644 0.702073