0 0.494789
3 0.496068
4 0.498983
7 0.499962
9 0.50781
12 0.510128
18 0.511753
19 0.521696
25 0.524593
28 0.530507
31 0.530993
34 0.542425
41 0.544802
42 0.549479
43 0.551381
44 0.555449
47 0.557251
59 0.561011
61 0.5651
65 0.565322
72 0.567196
74 0.571294
75 0.58249
78 0.583707
80 0.591151
89 0.593491
90 0.595775
94 0.596403
96 0.597349
99 0.601732
105 0.604708
106 0.606195
108 0.611962
109 0.613597
113 0.620019
114 0.621202
122 0.621284
125 0.625906
126 0.632849
136 0.634519
142 0.635734
144 0.63779
151 0.644011
152 0.647227
153 0.649165
169 0.654109
170 0.656366
172 0.665496
175 0.667356
189 0.671984
191 0.673514
203 0.678594
217 0.679095
227 0.682553
247 0.683172
276 0.686192
326 0.688895
348 0.691672
353 0.693994
366 0.694407
372 0.69758
380 0.699904
386 0.701222
400 0.703383
443 0.707899
476 0.709923
480 0.711806
512 0.716478
555 0.718507