0 0.530247
4 0.537927
5 0.540628
6 0.541595
7 0.541929
9 0.542586
12 0.544998
13 0.549096
14 0.557421
19 0.562656
21 0.562737
24 0.563137
27 0.570786
36 0.575421
43 0.578046
47 0.580844
54 0.582502
57 0.58749
59 0.599237
60 0.607209
63 0.617793
70 0.61856
76 0.619249
78 0.622527
84 0.627245
87 0.628799
102 0.629779
107 0.631581
112 0.63398
113 0.636589
115 0.636659
121 0.640987
123 0.642335
129 0.644243
130 0.645682
137 0.651053
142 0.651905
148 0.652379
151 0.65441
160 0.657595
171 0.657809
189 0.665268
197 0.673255
218 0.674198
224 0.675329
237 0.678005
244 0.678121
245 0.681101
250 0.681197
253 0.689013
267 0.690715
287 0.69115
297 0.692397
343 0.692417
425 0.694112
431 0.69618
495 0.696616
511 0.698137
628 0.699007
730 0.702874
741 0.7072