0 0.49581
1 0.501185
2 0.507858
4 0.508427
6 0.51227
7 0.519273
8 0.531313
9 0.535697
15 0.543629
16 0.544585
17 0.550692
19 0.558257
20 0.566968
23 0.56731
26 0.5702
28 0.577209
30 0.577965
37 0.581718
43 0.58492
48 0.585028
50 0.586488
71 0.588377
74 0.590759
79 0.602271
80 0.605071
90 0.608393
94 0.608892
95 0.612436
100 0.62216
106 0.624814
109 0.628636
111 0.632864
121 0.634257
123 0.63823
132 0.638851
134 0.640477
142 0.64432
146 0.651674
153 0.652074
166 0.658235
175 0.658897
184 0.660721
188 0.66167
189 0.66169
197 0.665265
199 0.66602
204 0.667283
210 0.667395
216 0.670193
233 0.676656
257 0.689574
263 0.697525
281 0.698209
286 0.699457
342 0.701326
345 0.701657
390 0.702843
458 0.704729