0 0.472404
1 0.478983
2 0.485496
3 0.487001
7 0.495976
9 0.496887
10 0.501972
14 0.503644
15 0.507547
18 0.508204
20 0.521122
21 0.524382
22 0.525026
23 0.529908
24 0.535259
25 0.536479
26 0.541559
28 0.544822
36 0.546024
37 0.549836
39 0.563527
40 0.564686
41 0.56636
47 0.570118
49 0.572793
51 0.57363
56 0.57796
57 0.579353
62 0.584322
65 0.591306
66 0.594165
68 0.598398
82 0.598871
85 0.599381
88 0.601522
91 0.610831
93 0.612981
97 0.613138
100 0.618077
107 0.62032
115 0.626481
116 0.626593
117 0.629482
120 0.635524
132 0.637259
133 0.637684
134 0.638367
135 0.642248
137 0.646933
142 0.649333
150 0.651819
159 0.655523
160 0.655755
161 0.655778
191 0.657537
209 0.662775
229 0.666655
244 0.668052
263 0.671778
267 0.674254
275 0.680302
301 0.680306
320 0.68086
421 0.681075
435 0.686908
518 0.687201