0 0.53756
2 0.55606
6 0.561974
8 0.563594
9 0.565312
11 0.566058
12 0.570574
16 0.581186
17 0.58476
20 0.587367
21 0.590165
22 0.590784
26 0.591446
29 0.594336
40 0.597896
43 0.599323
50 0.599761
52 0.600633
53 0.602429
55 0.607551
57 0.608551
60 0.609391
62 0.611932
67 0.615962
69 0.621035
95 0.628985
112 0.630833
135 0.632184
144 0.637209
151 0.641031
156 0.642591
168 0.643939
169 0.645679
176 0.649623
184 0.652266
192 0.657971
199 0.658318
219 0.662071
251 0.662909
259 0.663873
271 0.665838
275 0.669023
281 0.669787
284 0.671322
285 0.671952
286 0.672064
302 0.673933
339 0.679798
362 0.68139
370 0.684796
392 0.687013
401 0.689054
449 0.690084
456 0.690658
468 0.690728
489 0.698179
564 0.70156
580 0.702912
650 0.709375
658 0.715142
662 0.71968
718 0.723808
786 0.725035
901 0.725116
992 0.725922