0 0.474767
2 0.48171
9 0.483686
10 0.491257
12 0.493098
14 0.502423
15 0.50264
16 0.507285
21 0.514288
22 0.520791
24 0.520904
25 0.521016
26 0.522236
27 0.523761
35 0.524423
38 0.52518
39 0.530319
40 0.535538
41 0.538537
42 0.54413
44 0.551481
52 0.555998
54 0.564647
55 0.570267
56 0.57074
57 0.574662
60 0.575329
64 0.57634
65 0.577229
76 0.584878
77 0.589522
78 0.5927
82 0.594501
85 0.59531
91 0.606166
95 0.608654
101 0.610686
102 0.614022
109 0.616096
114 0.617655
119 0.617997
121 0.622867
122 0.623565
143 0.623958
169 0.627691
171 0.629096
188 0.632351
196 0.635515
217 0.637617
219 0.639182
227 0.642742
233 0.64335
240 0.652586
244 0.655356
258 0.663833
261 0.667035
263 0.673078
282 0.675106
304 0.67905
306 0.68067
320 0.682577
327 0.683763
330 0.686723
348 0.687332
357 0.687783
362 0.688914
364 0.68998
393 0.690076
428 0.69065
434 0.691694
532 0.696082
599 0.696383
652 0.69758
755 0.702607
775 0.702994
