0 0.470374
1 0.47214
2 0.474134
5 0.474801
6 0.47881
8 0.483129
10 0.487464
17 0.487538
18 0.492198
19 0.492442
22 0.493292
25 0.497933
27 0.512759
28 0.513992
32 0.519071
34 0.52028
42 0.5278
46 0.53955
50 0.540556
52 0.54626
53 0.560667
63 0.566581
64 0.568827
68 0.572319
69 0.580144
70 0.586533
77 0.586747
78 0.588538
79 0.59801
96 0.602682
97 0.604339
98 0.604489
99 0.61497
104 0.615041
108 0.617934
109 0.630168
113 0.631927
117 0.634144
120 0.63418
123 0.638869
138 0.639203
142 0.640905
148 0.643819
150 0.645477
151 0.650794
178 0.651317
202 0.655139
214 0.65614
222 0.660034
273 0.661626
275 0.671967
286 0.672993
334 0.674037
375 0.674975
431 0.677814
450 0.678316
469 0.682123
471 0.682185
598 0.686353