0 0.47795
1 0.484997
2 0.486141
3 0.495211
5 0.498558
8 0.502052
9 0.504202
11 0.510726
12 0.512374
13 0.516023
14 0.527954
18 0.528385
20 0.530078
29 0.532026
30 0.539261
33 0.541053
36 0.541115
37 0.541508
38 0.546766
40 0.548351
44 0.552422
49 0.552658
59 0.554856
63 0.555291
68 0.561569
71 0.562236
72 0.562925
73 0.570003
74 0.574747
76 0.574904
77 0.578182
80 0.578383
89 0.581494
90 0.58159
107 0.582279
109 0.58498
112 0.589554
115 0.591587
118 0.592838
119 0.595797
122 0.597424
125 0.600528
127 0.601794
128 0.608354
129 0.61095
136 0.613888
147 0.614033
166 0.621099
173 0.621362
176 0.630937
196 0.637024
212 0.640618
217 0.645595
218 0.646272
221 0.646575
223 0.648019
260 0.64832
273 0.648662
275 0.650172
276 0.657366
283 0.658552
318 0.659949
394 0.663403
397 0.666699
407 0.670543
423 0.673246
446 0.679983
526 0.681437
584 0.687673
596 0.688835
654 0.693259
762 0.699721
890 0.703421