0 0.481567
1 0.483542
3 0.487078
6 0.490607
7 0.493029
8 0.500225
10 0.508758
13 0.50959
14 0.511493
18 0.512914
19 0.514317
20 0.51435
23 0.514533
27 0.521669
30 0.52508
31 0.533176
35 0.536632
38 0.536838
42 0.549867
43 0.555828
44 0.558228
45 0.561579
47 0.568358
51 0.574272
54 0.589959
56 0.599533
62 0.603358
64 0.605354
68 0.609788
69 0.611313
79 0.611343
81 0.613301
84 0.620037
85 0.620981
97 0.626384
101 0.629087
103 0.630231
117 0.631513
120 0.633212
122 0.635462
124 0.636506
125 0.638163
133 0.638894
160 0.639051
166 0.641411
173 0.643734
177 0.647273
183 0.648641
194 0.656219
199 0.656759
216 0.658493
226 0.658819
231 0.659308
270 0.660858
312 0.662077
344 0.666276
361 0.66674
377 0.667422
422 0.667636
451 0.670302
474 0.672028
535 0.673778
591 0.676618
642 0.678342
662 0.681528
666 0.681548
736 0.68325
797 0.683315
833 0.689251
