0 0.512432
2 0.517012
3 0.519901
8 0.531141
10 0.538958
14 0.545242
16 0.554922
17 0.557965
18 0.560615
19 0.562475
21 0.564798
22 0.567394
26 0.569187
27 0.569622
29 0.578234
32 0.580965
33 0.583128
35 0.588662
42 0.589928
55 0.599138
58 0.603472
64 0.603492
65 0.603864
66 0.610723
83 0.617255
91 0.622698
93 0.627504
94 0.629645
110 0.631604
115 0.637765
120 0.638094
124 0.639487
128 0.639593
133 0.645175
159 0.648678
187 0.652932
196 0.65821
200 0.663848
212 0.666722
241 0.675578
242 0.675673
255 0.682136
306 0.682999
328 0.688862
331 0.69568
413 0.703495
450 0.705196
477 0.713492
543 0.713826