0 0.488568
1 0.489076
2 0.49292
4 0.501708
6 0.506672
7 0.508985
12 0.511411
13 0.51366
15 0.519033
19 0.530789
20 0.536557
23 0.538302
25 0.541893
27 0.546347
28 0.550728
31 0.55134
33 0.5536
37 0.557947
38 0.558016
41 0.560339
46 0.56274
49 0.563856
56 0.567148
62 0.570834
65 0.571363
66 0.572623
67 0.575274
70 0.577538
76 0.581262
77 0.584772
79 0.587837
81 0.591292
85 0.604537
86 0.607614
89 0.609475
95 0.611775
96 0.619185
98 0.619621
113 0.622576
115 0.622641
131 0.624865
143 0.626051
146 0.626901
153 0.62868
157 0.630677
160 0.634867
168 0.636714
172 0.638673
186 0.640149
190 0.640204
197 0.650043
225 0.653743
246 0.664379
247 0.664399
250 0.665954
276 0.667348
312 0.671427
341 0.675004
354 0.675578
361 0.676515
366 0.685267
398 0.686969
516 0.687215
621 0.689122
674 0.690627
754 0.694283
