0 0.540027
3 0.551531
8 0.551543
10 0.554673
15 0.555748
16 0.56082
17 0.562087
21 0.567212
23 0.567757
25 0.568841
32 0.569251
34 0.570609
37 0.58006
38 0.583903
39 0.585413
41 0.587053
43 0.591942
45 0.596356
52 0.600978
53 0.603621
55 0.603858
61 0.605142
67 0.60614
69 0.608462
73 0.608728
83 0.61194
96 0.612106
98 0.615926
106 0.616361
107 0.624911
121 0.631315
124 0.631575
129 0.639747
131 0.645248
132 0.64575
143 0.652269
158 0.655
159 0.655106
179 0.656602
188 0.658925
189 0.660101
206 0.665186
212 0.667919
213 0.675893
237 0.677934
246 0.681106
254 0.682355
263 0.683017
265 0.685815
300 0.689679
333 0.691753
339 0.693777
377 0.696797
384 0.70326
394 0.703341