0 0.510029
2 0.510946
4 0.51612
6 0.518091
7 0.528588
11 0.532149
12 0.536244
16 0.542088
17 0.542523
18 0.545687
19 0.552799
21 0.562051
24 0.564195
25 0.565112
26 0.565779
29 0.566585
31 0.568143
38 0.569645
40 0.577287
50 0.582539
53 0.584573
55 0.586099
57 0.587005
60 0.589417
61 0.601458
62 0.604297
68 0.618043
70 0.61888
72 0.619763
79 0.619908
80 0.623661
81 0.627403
86 0.629351
93 0.629881
109 0.631755
110 0.63311
111 0.639666
113 0.64266
126 0.643595
129 0.645314
135 0.645922
152 0.646564
156 0.650509
157 0.65383
158 0.655904
169 0.658702
182 0.663281
189 0.665434
190 0.666506
191 0.670841
212 0.672245
231 0.673312
243 0.67677
246 0.677079
272 0.680192
281 0.683447
303 0.68949
359 0.691031
362 0.691482
365 0.69218
371 0.69279
383 0.693131
394 0.695822
407 0.700902
427 0.703006
503 0.703307
525 0.704372
599 0.704966
613 0.705353
721 0.708084
