0 0.49982
1 0.509735
5 0.5189
8 0.532881
16 0.540664
18 0.542395
20 0.543672
23 0.547014
25 0.553053
30 0.555376
32 0.556065
34 0.556394
37 0.557312
46 0.558909
49 0.559847
51 0.575185
52 0.575388
53 0.583763
61 0.584212
71 0.590074
72 0.591141
74 0.592437
80 0.594095
84 0.598443
90 0.610192
95 0.616929
99 0.620884
101 0.621
103 0.624844
114 0.628688
125 0.633911
128 0.634973
133 0.642759
149 0.643064
162 0.646701
178 0.648561
194 0.65413
202 0.655498
211 0.655618
213 0.661075
215 0.661232
243 0.666481
248 0.666824
259 0.667883
263 0.675185
279 0.6781
287 0.683348
308 0.685111
334 0.687159
338 0.691883
345 0.699204
365 0.701846
391 0.70449
422 0.705438
450 0.706665
469 0.707471
495 0.711119
516 0.7112