0 0.522957
2 0.529361
4 0.532051
6 0.532069
8 0.536073
10 0.542203
11 0.542871
12 0.545412
14 0.546816
18 0.550943
22 0.557266
24 0.557627
25 0.557969
28 0.559739
29 0.565081
31 0.573843
33 0.577361
34 0.589628
42 0.590259
44 0.590538
46 0.595065
52 0.598577
53 0.600445
54 0.601457
58 0.603259
60 0.603744
62 0.609153
75 0.60926
77 0.611547
79 0.612921
82 0.618088
86 0.620641
100 0.621551
111 0.621575
112 0.624845
115 0.625392
117 0.627088
118 0.627852
131 0.639061
142 0.643427
143 0.646028
144 0.647599
145 0.654246
165 0.657398
171 0.658335
172 0.661686
174 0.661899
184 0.666234
189 0.669102
218 0.671122
244 0.672054
271 0.673962
310 0.675228
326 0.675832
332 0.67863
338 0.678804
397 0.679423
400 0.680772