0 0.488691
2 0.495279
8 0.500286
10 0.502637
11 0.513432
13 0.517216
15 0.519689
16 0.532309
21 0.53418
23 0.535701
27 0.539333
31 0.541733
32 0.54642
34 0.550268
37 0.551656
44 0.562204
48 0.563141
55 0.566983
57 0.567079
59 0.568201
62 0.569467
63 0.571831
65 0.572224
67 0.586912
69 0.587257
72 0.587721
75 0.590082
82 0.591215
88 0.597905
89 0.603895
92 0.609903
95 0.612548
100 0.613941
102 0.618457
113 0.623705
117 0.624703
118 0.629981
120 0.630425
121 0.631033
125 0.634012
127 0.636335
150 0.638969
153 0.640928
154 0.642048
160 0.645618
171 0.650142
175 0.652385
176 0.654416
180 0.663049
237 0.663254
245 0.663274
266 0.666827
292 0.668787
309 0.675039
321 0.6783
352 0.678989
363 0.680426
373 0.684404
388 0.685242
502 0.692531