0 0.476021
2 0.480455
4 0.490296
5 0.493319
6 0.496484
8 0.502125
9 0.50386
14 0.506665
15 0.510487
23 0.512347
24 0.519228
26 0.527863
32 0.52918
34 0.540314
35 0.54149
38 0.543117
40 0.546112
41 0.548019
42 0.558754
54 0.56293
59 0.57101
61 0.572186
62 0.578258
69 0.579645
70 0.588358
72 0.590938
76 0.591201
78 0.594663
83 0.596403
91 0.599979
92 0.60185
96 0.60331
102 0.605507
105 0.609352
108 0.609508
109 0.613843
113 0.617407
116 0.62072
123 0.624291
125 0.628286
127 0.63186
149 0.632736
165 0.639702
175 0.640919
180 0.645883
181 0.654002
199 0.654386
201 0.655113
208 0.658846
232 0.661761
241 0.666752
247 0.669013
254 0.669702
256 0.670104
265 0.670174
278 0.674809
280 0.676157
292 0.680505
310 0.681798
354 0.685299
397 0.686849
419 0.690104
442 0.694175
452 0.696409
468 0.697979
502 0.700014
536 0.700852