0 0.513403
2 0.526125
5 0.528153
6 0.530475
10 0.534319
11 0.541077
12 0.542751
15 0.543419
16 0.545415
18 0.545737
19 0.548842
20 0.553786
24 0.556363
25 0.559038
28 0.563965
38 0.568322
40 0.573589
50 0.574822
51 0.575242
52 0.576092
61 0.577667
62 0.592488
64 0.592645
65 0.605005
73 0.611823
77 0.618639
79 0.620445
86 0.626208
92 0.626891
102 0.627641
103 0.631785
106 0.634826
112 0.636347
120 0.637715
122 0.638901
153 0.64518
155 0.645682
161 0.647187
170 0.649163
172 0.649336
189 0.653319
206 0.654017
215 0.659266
237 0.664728
258 0.669985
279 0.673807
297 0.673939
323 0.676461
334 0.680342
341 0.680961
359 0.681164
375 0.68489
391 0.690149
424 0.690466
442 0.690484
521 0.69092
595 0.691136
608 0.693297
662 0.693591
738 0.698128
843 0.69905