0 0.508254
4 0.510123
6 0.513947
8 0.523647
9 0.525737
10 0.53544
14 0.53743
17 0.539677
20 0.544256
24 0.550298
25 0.553335
27 0.556863
28 0.570921
34 0.572417
36 0.574266
39 0.575508
46 0.576538
47 0.581211
51 0.583831
62 0.584052
69 0.584924
77 0.593681
81 0.600297
85 0.602158
86 0.608677
87 0.612883
89 0.613225
92 0.61474
96 0.620096
106 0.6232
113 0.624605
116 0.630616
118 0.634258
127 0.636046
129 0.637047
131 0.639626
136 0.641869
163 0.650095
173 0.650661
175 0.658199
178 0.66074
189 0.661043
191 0.663444
192 0.665694
196 0.668659
213 0.670393
235 0.675592
248 0.676348
253 0.679852
254 0.679869
262 0.680186
264 0.683834
287 0.685151
301 0.685473
312 0.689136
321 0.689999
329 0.694409
333 0.696483
337 0.696594
343 0.696612
346 0.696845
362 0.696955
386 0.702994
447 0.709583
461 0.709799
528 0.711014
575 0.717477