0 0.490881
1 0.49343
2 0.505086
5 0.505473
6 0.510155
7 0.511957
9 0.520281
10 0.523021
11 0.525008
13 0.530875
18 0.533541
24 0.540484
25 0.543333
29 0.550006
31 0.551056
33 0.551927
35 0.560301
36 0.568096
39 0.569227
45 0.569826
50 0.569931
52 0.578853
54 0.582281
56 0.586347
59 0.589602
61 0.591062
63 0.59149
67 0.594569
73 0.597346
77 0.597639
81 0.607942
83 0.611495
84 0.61684
90 0.616951
101 0.618222
107 0.618454
108 0.619095
120 0.622548
123 0.623066
125 0.623223
126 0.627203
134 0.631015
138 0.631807
139 0.635213
145 0.636112
159 0.636693
170 0.641178
171 0.642116
177 0.645578
186 0.648357
195 0.651155
202 0.659282
243 0.660675
266 0.664754
272 0.666117
305 0.667192
318 0.669604
326 0.672074
354 0.676498
358 0.678359
362 0.683869
365 0.685916
367 0.685986
386 0.688677
423 0.691406
443 0.694082
514 0.696558
586 0.699901
603 0.701878
692 0.702209
765 0.703128
775 0.704314
838 0.706107
900 0.706203
910 0.706438
969 0.713084
1074 0.718622