0 0.488112
1 0.493448
4 0.495875
6 0.499499
8 0.504169
9 0.505211
10 0.508375
11 0.517727
12 0.517839
13 0.52175
14 0.523715
15 0.525354
18 0.525929
23 0.526586
24 0.528233
29 0.529892
30 0.536519
32 0.536704
34 0.538745
35 0.542056
36 0.543148
40 0.544641
41 0.547344
50 0.548964
53 0.552346
56 0.55306
58 0.561385
64 0.564217
65 0.564604
66 0.567592
68 0.568996
72 0.577123
76 0.582827
80 0.585626
81 0.588026
92 0.597494
95 0.600706
97 0.602002
98 0.602084
103 0.607028
107 0.611701
110 0.614162
113 0.619221
118 0.619883
124 0.625819
127 0.635294
139 0.635903
142 0.641946
146 0.648152
150 0.651623
188 0.655632
207 0.659521
209 0.659899
213 0.66176
222 0.665572
242 0.666009
245 0.674705
249 0.674922
253 0.67752
268 0.678452
274 0.682094
291 0.683343
327 0.683674
346 0.68389
351 0.686094
420 0.689053
470 0.691127
498 0.693785
536 0.694971
575 0.695921
627 0.699679
718 0.70103
724 0.706798