0 0.4811
2 0.49108
4 0.502041
7 0.502684
9 0.508515
10 0.519063
11 0.528412
13 0.528467
16 0.533047
17 0.548027
19 0.549975
21 0.552007
23 0.55391
26 0.554025
27 0.558368
28 0.566096
29 0.567527
31 0.568839
37 0.573067
42 0.581369
44 0.584096
47 0.591026
48 0.599658
55 0.603471
59 0.603628
61 0.607087
64 0.612166
65 0.612538
69 0.614399
70 0.616721
77 0.616792
80 0.618186
84 0.62243
86 0.626749
95 0.627686
97 0.633468
102 0.636653
123 0.6387
132 0.638796
135 0.645613
142 0.646302
143 0.646964
147 0.650416
151 0.653214
169 0.654034
175 0.654469
181 0.657817
229 0.658658
234 0.663743
239 0.669214
247 0.673414
269 0.674681
321 0.674705
337 0.675337
393 0.679518
452 0.680693
479 0.685604
514 0.686601
564 0.688221