0 0.516678
1 0.518299
3 0.518659
4 0.521579
6 0.52846
7 0.536123
11 0.541531
13 0.544696
23 0.547535
24 0.549494
27 0.551396
28 0.55873
31 0.560145
37 0.561067
41 0.562578
42 0.564475
43 0.569317
44 0.570663
51 0.570903
54 0.577365
56 0.584493
60 0.589398
62 0.59131
67 0.594957
73 0.595908
84 0.602761
87 0.606017
88 0.617887
96 0.619678
98 0.624897
112 0.628355
130 0.634809
136 0.636429
143 0.63725
168 0.639558
174 0.639648
179 0.640222
180 0.645756
194 0.650364
195 0.658157
209 0.658252
224 0.658931
232 0.660287
233 0.662147
250 0.663085
267 0.663322
277 0.664421
288 0.674763
320 0.674781
327 0.680823
396 0.687173
478 0.687608
