0 0.493366
2 0.496188
3 0.503971
5 0.507426
6 0.510459
7 0.514264
12 0.521339
13 0.52541
14 0.527037
17 0.531224
21 0.533927
26 0.537032
30 0.53926
31 0.542387
32 0.545643
33 0.546354
36 0.550712
41 0.553011
43 0.560737
48 0.560974
50 0.561409
51 0.561441
53 0.570147
57 0.57349
59 0.577096
60 0.578767
62 0.584657
70 0.586277
74 0.588816
89 0.591485
97 0.593885
100 0.599082
102 0.606526
104 0.611752
106 0.613726
122 0.620669
127 0.624017
135 0.626857
141 0.630004
143 0.6394
162 0.641657
165 0.643127
176 0.649087
177 0.650597
190 0.660295
221 0.663279
234 0.670322
239 0.674745
256 0.679994
268 0.681391
279 0.681622
281 0.687065
304 0.687458
307 0.688459
319 0.69032
331 0.691226
358 0.692493
390 0.695089
391 0.695751
413 0.697634
442 0.698242
456 0.700877
468 0.703836