0 0.453736
1 0.4587
2 0.459398
3 0.461157
7 0.466722
8 0.469056
9 0.470305
10 0.470827
12 0.477014
13 0.483299
17 0.491085
18 0.492397
23 0.499045
25 0.503054
26 0.52041
27 0.52499
32 0.525537
40 0.527859
41 0.531244
43 0.533963
44 0.53591
52 0.540205
53 0.54341
57 0.548606
58 0.553293
60 0.557113
65 0.559345
70 0.563494
72 0.567337
74 0.574481
75 0.576384
89 0.580583
95 0.587422
97 0.587666
100 0.595756
103 0.600359
112 0.60793
117 0.612553
121 0.614093
129 0.616155
148 0.622275
160 0.629217
172 0.632372
185 0.633416
187 0.633436
191 0.636627
199 0.637569
201 0.649937
204 0.651594
208 0.652962
227 0.653645
229 0.654505
234 0.656904
253 0.659703
288 0.659976
289 0.660941
292 0.662916
332 0.667194
344 0.671172
367 0.671624
410 0.672561
435 0.677304
447 0.679185
471 0.682025
494 0.683324
498 0.68396
515 0.684176
518 0.684469
546 0.685391