0 0.448844
1 0.450152
2 0.450542
4 0.452277
5 0.460266
6 0.465485
7 0.468821
8 0.469114
9 0.474746
10 0.474983
11 0.479789
12 0.491797
13 0.49333
15 0.493664
16 0.497005
18 0.50091
19 0.511323
24 0.513723
26 0.515381
27 0.515911
31 0.520256
32 0.522088
37 0.525927
39 0.52974
40 0.530293
41 0.531427
42 0.534879
44 0.535946
45 0.5371
46 0.540695
47 0.541362
48 0.555941
49 0.564266
51 0.565098
56 0.566215
57 0.56846
59 0.575384
65 0.577565
69 0.583607
70 0.590256
75 0.59321
84 0.595439
85 0.596072
91 0.604957
93 0.605258
101 0.610507
105 0.611617
108 0.615317
112 0.618661
113 0.619042
116 0.627671
124 0.628593
125 0.63033
128 0.632206
144 0.635843
146 0.638893
149 0.648514
154 0.651037
155 0.65806
185 0.662733
214 0.664304
216 0.665151
223 0.665635
225 0.668475
247 0.66885
276 0.670467
294 0.675645
308 0.676712
326 0.677331
345 0.681174
370 0.682794
386 0.682913
425 0.691018
443 0.694593
464 0.697283
493 0.699606
553 0.699984
556 0.700485
566 0.702961
569 0.704822
578 0.710293
650 0.712921
651 0.716765
737 0.720832