0 0.489854
2 0.490584
5 0.497145
7 0.498656
9 0.504032
11 0.507765
15 0.517852
18 0.519733
20 0.51989
22 0.532938
25 0.534983
28 0.540578
31 0.543187
33 0.549464
34 0.551127
35 0.561836
36 0.567797
37 0.571118
38 0.577656
41 0.579855
46 0.582504
47 0.58448
48 0.587735
49 0.5897
51 0.590596
54 0.596415
55 0.598034
61 0.598765
64 0.601305
65 0.608786
68 0.61312
69 0.613906
72 0.621704
74 0.623565
83 0.63142
87 0.635173
95 0.640252
126 0.642054
131 0.645402
132 0.649583
133 0.649695
137 0.650451
153 0.655375
162 0.657449
169 0.660554
172 0.662586
217 0.671295
222 0.674556
226 0.68096
266 0.684895
269 0.686299
274 0.686671
327 0.687791
448 0.688242