0 0.489476
10 0.499632
12 0.511265
14 0.523672
16 0.525372
18 0.528723
23 0.533379
24 0.535453
27 0.538834
31 0.543169
33 0.551853
36 0.558015
37 0.558681
38 0.559234
40 0.559497
45 0.56181
49 0.564574
51 0.568126
53 0.576381
59 0.577023
63 0.578644
66 0.580477
68 0.587449
69 0.587838
70 0.589775
78 0.593588
82 0.593653
84 0.595113
86 0.59946
87 0.603052
89 0.614831
93 0.618136
100 0.624223
105 0.627798
106 0.632787
109 0.633466
113 0.639503
116 0.641684
128 0.646324
139 0.649486
140 0.650148
155 0.655116
159 0.657178
183 0.6595
198 0.6619
261 0.662335
271 0.662416
284 0.669507
291 0.670393
322 0.672599
330 0.67447
363 0.674516
382 0.681253
418 0.683292
453 0.684336
499 0.68562
567 0.686742
586 0.688955
632 0.694998
635 0.695583
642 0.702312
715 0.703411
771 0.703896
795 0.704195