0 0.486793
3 0.4901
4 0.492343
6 0.501018
7 0.503595
11 0.507003
16 0.520494
24 0.524235
32 0.532577
34 0.539889
36 0.54245
37 0.542481
38 0.544538
40 0.548744
41 0.555073
42 0.561666
43 0.561762
44 0.563738
47 0.570428
49 0.570544
53 0.572492
60 0.579138
64 0.58926
66 0.590468
67 0.591753
68 0.595145
70 0.597922
75 0.598496
77 0.598931
79 0.60822
81 0.613184
83 0.617128
84 0.620628
90 0.621326
95 0.624048
96 0.626846
101 0.627111
103 0.638007
108 0.6384
110 0.645117
116 0.651755
124 0.654952
132 0.657792
157 0.66348
166 0.664764
171 0.668517
173 0.671809
183 0.673157
188 0.674391
197 0.680021
201 0.681928
259 0.683114
311 0.689577
312 0.689595
347 0.692415
412 0.704658
479 0.70479
493 0.70781
513 0.709402
561 0.712507
680 0.714586