0 0.530592
4 0.538395
7 0.542298
8 0.54546
10 0.546778
15 0.558524
25 0.558787
28 0.560735
30 0.562769
31 0.565903
40 0.566571
41 0.568816
54 0.572825
57 0.575278
59 0.576215
60 0.577694
68 0.578363
69 0.583302
73 0.585925
76 0.589463
77 0.599242
83 0.600078
84 0.604113
90 0.607217
106 0.609813
111 0.611388
121 0.61837
122 0.618465
123 0.622309
124 0.626635
127 0.627914
139 0.628993
150 0.630394
151 0.639361
153 0.640575
154 0.643748
172 0.644371
180 0.645008
181 0.648707
182 0.653026
191 0.65568
200 0.655841
207 0.656024
216 0.656366
222 0.662518
240 0.664841
261 0.665736
265 0.666259
296 0.670882
339 0.671087
368 0.676996
373 0.678871
375 0.678976
426 0.68062
450 0.681782
470 0.68511
497 0.687139
534 0.689163
553 0.689648
572 0.692546