1 0.50112745
2 0.5045406
3 0.5077303
4 0.51094109
5 0.51394583
6 0.51724212
7 0.52105946
8 0.52414526
9 0.5260819
10 0.52837976
11 0.53146676
12 0.53446096
13 0.53649176
14 0.53885441
15 0.54161082
16 0.54317536
17 0.54609325
18 0.54856067
19 0.55076774
20 0.55216266
21 0.55433969
22 0.55578667
23 0.557851
24 0.55927773
25 0.56184419
26 0.56318633
27 0.56460713
28 0.56679292
29 0.56883312
30 0.57103648
31 0.57250016
32 0.5740856
33 0.57557483
34 0.57698782
35 0.57809419
36 0.5793585
37 0.58077691
38 0.58271165
39 0.58407793
40 0.58603897
41 0.58726611
42 0.58821957
43 0.58934506
44 0.59048719
45 0.59123884
46 0.59253189
47 0.59329123
48 0.59418125
49 0.59509618
50 0.59603796
51 0.59702327
52 0.59787731
53 0.59913576
54 0.60002935
55 0.60110011
56 0.60189366
57 0.60287219
58 0.60409909
59 0.60487802
60 0.60571775
61 0.60660612
62 0.60766444
63 0.60879685
64 0.6094872
65 0.61014251
66 0.61059639
67 0.61137857
68 0.61188389
69 0.61268988
70 0.61364474
71 0.61506375
72 0.6158938
73 0.6163455
74 0.61672316
75 0.61828901
76 0.61922669
77 0.61974283
78 0.62074282
79 0.62105087
80 0.62169887
81 0.62212964
82 0.62273369
83 0.62321606
84 0.62377612
85 0.6242515
86 0.62493097
87 0.62564499
88 0.62630431
89 0.62721198
90 0.62786825
91 0.62836137
92 0.62886578
93 0.62942646
94 0.63012006
95 0.63086512
96 0.631426
97 0.6321224
98 0.63250084
99 0.63281052
100 0.63316453
101 0.63362694
102 0.63427149
103 0.6347063
104 0.63534225
105 0.63580912
106 0.636465
107 0.63675979
108 0.63726134
109 0.6377488
110 0.63873119
111 0.63949146
112 0.64000473
113 0.6405952
114 0.64092079
115 0.64169081
116 0.64194995
117 0.64230263
118 0.64296537
119 0.64337313
120 0.64388051
121 0.6443919
122 0.64483249
123 0.64517117
124 0.6454061
125 0.64587467
126 0.64646521
127 0.64694393
128 0.64729983
129 0.64742576
130 0.64782342
131 0.64829477
132 0.64852568
133 0.64893559
134 0.64935619
135 0.64970397
136 0.6499095
137 0.65038508
138 0.65085661
139 0.65121155
140 0.65155023
141 0.65225319
142 0.65258853
143 0.65298338
144 0.65316777
145 0.65343544
146 0.65357737
147 0.65380971
148 0.65394263
149 0.65438578
150 0.65492841
151 0.65524858
152 0.65574731
153 0.65616589
154 0.65643908
155 0.65655284
156 0.6566751
157 0.65686313
158 0.65715338
159 0.65737458
160 0.65766355
161 0.65805271
162 0.65832593
163 0.65885672
164 0.65896382
165 0.65931882
166 0.65949135
167 0.65988704
168 0.66033308
169 0.66054792
170 0.66065563
171 0.66081167
172 0.6610178
173 0.66118548
174 0.66149083
175 0.66182482
176 0.66203372
177 0.66220347
178 0.66256916
179 0.66275237
180 0.66313756
181 0.66340376
182 0.66369268
183 0.66402261
184 0.66441028
185 0.66467895
186 0.66481387
187 0.6650073
188 0.66526833
189 0.66535768
190 0.66559276
191 0.66572676
192 0.66587345
193 0.66637016
194 0.66677789
195 0.66691724
196 0.66710457
197 0.66747677
198 0.66770624
199 0.66788847
200 0.66828222
201 0.66854728
202 0.66872198
203 0.66910518
204 0.66939015
205 0.66977983
206 0.67000268
207 0.67021372
208 0.67045173
209 0.67078625
210 0.67081772
211 0.67101839
212 0.67128341
213 0.67147863
214 0.67184639
215 0.67219239
216 0.67227465
217 0.67262141
218 0.67282076
219 0.67301726
220 0.67308069
221 0.67315063
222 0.67352293
223 0.67374585
224 0.67406177
225 0.67433189
226 0.67465986
227 0.67487456
228 0.67515288
229 0.67548583
230 0.67581051
231 0.67611827
232 0.67641293
233 0.67673583
234 0.67688923
235 0.67698858
236 0.67738263
237 0.67738989
238 0.67752431
239 0.67763293
240 0.67789422
241 0.67796584
242 0.67818635
243 0.6784341
244 0.6785418
245 0.67865595
246 0.67886904
247 0.6790118
248 0.67921057
249 0.67964856
250 0.67990873
251 0.68003525
252 0.68022689
253 0.68045186
254 0.68067268
255 0.68077652
256 0.6809103
257 0.68097222
258 0.68109982
259 0.68129221
260 0.68147163
261 0.68164959
262 0.68170893
263 0.68208372
264 0.68223287
265 0.6822958
266 0.68234954
267 0.68248764
268 0.6826393
270 0.68269473
271 0.68274306
272 0.68283097
273 0.68311154
274 0.68321177
275 0.68343176
276 0.68350475
277 0.68359977
278 0.68370969
279 0.68394428
280 0.68421591
281 0.68437411
282 0.68440921
283 0.68460655
284 0.68463172
285 0.68474317
286 0.68490382
288 0.68504744
289 0.68519142
290 0.68527996
291 0.68536807
292 0.68558189
293 0.68577293
294 0.68583285
295 0.6859328
296 0.68611345
297 0.68621286
298 0.68635745
299 0.68645801
300 0.68660332
301 0.68700923
302 0.68718032
303 0.68722323
304 0.68730275
305 0.68746767
306 0.68757694
307 0.68768868
308 0.68786038
309 0.68811637
310 0.68815682
311 0.68822515
312 0.68825029
313 0.68848984
314 0.68859606
315 0.68882724
316 0.68884377
317 0.68897043
318 0.68917235
319 0.68926207
320 0.68934522
321 0.68963339
322 0.68979377
323 0.68997959
324 0.69003396
325 0.69028177
326 0.69037055
327 0.69040363
328 0.69057683
329 0.69079201
330 0.69088929
332 0.69104398
333 0.69113914
334 0.69124406
335 0.69139233
336 0.69143691
337 0.69146943
338 0.69150332
339 0.69163673
340 0.69178302
341 0.6918337
342 0.69191901
343 0.69199893
344 0.69212708
345 0.69218841
346 0.69226731
347 0.69230056
348 0.6923892
349 0.69245366
350 0.69248617
351 0.69259731
352 0.6930795
353 0.69330283
354 0.69348478
355 0.69351009
356 0.69358139
357 0.69361385
358 0.69376212
359 0.69383509
360 0.69383616
361 0.6939052
362 0.69400726
363 0.69408636
365 0.69425626
366 0.69428342
367 0.69449598
368 0.69450107
369 0.69451306
370 0.69451943
371 0.69479408
372 0.6948206
373 0.69492459
374 0.69504509
375 0.69528278
376 0.69546009
377 0.69547969
378 0.6955637
379 0.69557153
380 0.69557918
381 0.69573353
382 0.69582221
383 0.69589208
384 0.6962271
385 0.69633536
386 0.69648557
387 0.69665823
388 0.69686104
389 0.69698135
390 0.69706437
391 0.69719624
392 0.69736221
394 0.69738756
395 0.69739046
396 0.69757364
397 0.69782229
398 0.69785328
399 0.69795623
400 0.69799842
401 0.6980042
402 0.69819277
403 0.6982356
404 0.69836708
405 0.69844018
406 0.69845849
407 0.69849827
408 0.69859868
409 0.6987456
410 0.69877034
411 0.69877263
412 0.69891986
413 0.69900415
415 0.69906814
416 0.69910662
417 0.69919503
418 0.69921483
419 0.69922706
420 0.69927376
421 0.69939453
422 0.69944167
423 0.69951101
424 0.69952337
425 0.69963197
426 0.69975096
427 0.69977405
428 0.69982848
429 0.69984607
430 0.69988796
431 0.69993182
432 0.69997894
433 0.70002531
435 0.70014367
437 0.70029919
438 0.70031518
439 0.700333
440 0.70053798
441 0.70061302
442 0.70064084
443 0.70077954
444 0.70087573
446 0.70087591
448 0.70098492
449 0.70105471
450 0.70107138
451 0.70111032
452 0.70116351
453 0.70118811
454 0.70123634
455 0.70136265
456 0.7014943
457 0.70164871
458 0.70165272
459 0.7016657
460 0.70170906
461 0.70173918
462 0.70179461
463 0.70189399
464 0.70189927
466 0.70196915
467 0.70219291
468 0.70238777
469 0.70251262
470 0.70259053
471 0.70262128
472 0.70264348
473 0.70271863
475 0.70278501
476 0.70282998
477 0.70289497
478 0.70300791
479 0.70305911
480 0.70318129
481 0.70327441
482 0.70329538
483 0.70343017
484 0.70348339
485 0.70357356
486 0.70357447
487 0.70361745
488 0.7036953
489 0.70375743
490 0.7038144
492 0.70382993
493 0.70398599
494 0.70398664
495 0.70408536
496 0.70410807
497 0.70429541
499 0.70430708
500 0.70437951
501 0.70446763
502 0.70448217
504 0.70450262
505 0.70453239
506 0.70460755
508 0.7046779
509 0.70472912
510 0.7048786
511 0.70489233
513 0.70496307
514 0.70512647
516 0.70518787
517 0.70528708
518 0.70530086
519 0.70531894
520 0.70536745
523 0.70536763
525 0.70538078
526 0.70544753
527 0.70545291
530 0.70547955
531 0.70552638
532 0.70558469
533 0.70559541
534 0.70560203
535 0.70564284
536 0.70570673
537 0.70580446
538 0.70586589
539 0.70603548
541 0.70617593
542 0.70619297
543 0.70633672
545 0.7063721
547 0.70638971
548 0.70649373
549 0.70657386
550 0.70659637
553 0.7065965
554 0.70665051
555 0.70666914
557 0.70671889
558 0.7067525
559 0.70683664
560 0.70691179
563 0.70692549
564 0.70707301
565 0.70718927
567 0.70722354
568 0.70728288
569 0.70730735
572 0.70733236
573 0.70741406
576 0.70743417
577 0.70743652
578 0.70747863
579 0.70759057
580 0.70761687
583 0.70765525
584 0.70768287
586 0.70770872
587 0.70771879
588 0.70773062
590 0.70783905
592 0.70791377
593 0.70793324
595 0.70801671
596 0.70804076
597 0.7080829
598 0.70809325
600 0.70814267
601 0.70821842
602 0.70827482
603 0.70828997
604 0.70836274
605 0.70838852
606 0.70841785
607 0.70846844
609 0.70851458
610 0.70853207
611 0.70855071
612 0.70865044
614 0.70867988
615 0.70869038
616 0.70870665
617 0.70874213
619 0.7087543
620 0.70886909
621 0.7089388
622 0.70896085
624 0.70896986
626 0.70908334
627 0.70916328
629 0.70927261
631 0.70934839
634 0.70936345
636 0.70942696
638 0.70947207
641 0.70947886
642 0.70949343
643 0.70950237
644 0.70950592
647 0.70951409
648 0.70955304
649 0.70959808
651 0.70966129
652 0.70975564
653 0.70982432
654 0.70996568
658 0.70998558
662 0.710036
663 0.71007464
664 0.71012436
666 0.71013703
669 0.71025275
670 0.71027167
671 0.71034414
672 0.71040023
675 0.71040677
676 0.71043426
679 0.71061612
680 0.71064925
683 0.71072051
684 0.71073984
686 0.71074297
687 0.71075812
688 0.71076636
690 0.71076781
695 0.71078027
699 0.71087469
701 0.71089011
702 0.71091081
704 0.71095799
705 0.71099582
706 0.71099975
707 0.71100732
708 0.71104211
714 0.71107309
715 0.71110782
720 0.71116433
723 0.71117257
726 0.7112316
727 0.71123261
730 0.71130163
731 0.71130916
732 0.71136199
733 0.71136639
734 0.71139409
735 0.71141683
742 0.71146606
744 0.71156997
749 0.71164431
755 0.71169405
757 0.71176772
759 0.71177687
761 0.71180841
765 0.71184693
767 0.71185471
768 0.71186148
769 0.71189167
770 0.71191282
771 0.71191777
775 0.71191823
778 0.71198956
782 0.71199636
784 0.71199895
785 0.71200562
786 0.71204429
787 0.71208112
789 0.71208228
792 0.7120832
802 0.71211511
804 0.71212214
815 0.71220823
823 0.71224069
825 0.71225126
829 0.71228701
832 0.71234027
833 0.71239972
834 0.7124802
836 0.71250852
838 0.71251427
842 0.7125315
857 0.71254906
858 0.71255353
859 0.7125755
866 0.71259494
868 0.71264112
877 0.71264828
878 0.71266202
882 0.71269846
884 0.7126997
886 0.71271515
888 0.71273931
891 0.71275195
894 0.71277194
896 0.71282425
902 0.71282451
906 0.71283334
909 0.712863
912 0.71287207
914 0.71289041
920 0.71293683
934 0.71301954
952 0.71304593
963 0.71305259
967 0.71306516
969 0.71307239
971 0.71308244
972 0.71313554
973 0.71316237
981 0.71317451
984 0.71323771
991 0.71324031
1009 0.713263
1025 0.71327512
1032 0.71332207
1033 0.71332462
1038 0.71334127
1039 0.71337879
1054 0.71342382
1059 0.71343395
1082 0.71346653
1090 0.71348018
1097 0.71359679
1101 0.71359721
1111 0.71363761
1129 0.7136575
1132 0.71370983
1165 0.71374953
1166 0.71377589
1172 0.71378087
1180 0.71378983
1186 0.71382023
1197 0.71386139
1200 0.71391361
1229 0.71397378
1232 0.71400483
1234 0.71412325
1282 0.71418568
1306 0.71422484
