0 0.50699
1 0.518643
4 0.526165
5 0.527066
7 0.532964
10 0.534353
11 0.561909
12 0.567816
17 0.575187
22 0.579816
34 0.6052
35 0.607177
37 0.611172
39 0.612496
42 0.627277
58 0.63229
59 0.632357
62 0.63571
66 0.63614
74 0.638243
75 0.65544
79 0.665232
83 0.665536
104 0.669857
117 0.674344
127 0.675184
176 0.675322
200 0.676422
212 0.679642
221 0.679881
244 0.680385
296 0.681137
412 0.682835
444 0.688799
488 0.690307
513 0.691392
542 0.693096
577 0.693331
592 0.69734
612 0.703421
643 0.704315
648 0.706758
658 0.707518
662 0.71256
686 0.712873
704 0.713058
755 0.718032
