0 0.511196
2 0.511671
4 0.528482
8 0.531037
11 0.537482
13 0.544659
15 0.548404
20 0.550741
22 0.559739
23 0.574198
29 0.588769
36 0.591421
42 0.601351
44 0.601566
47 0.611307
57 0.619826
59 0.632537
68 0.634137
70 0.638278
75 0.642389
82 0.646517
84 0.648441
87 0.661564
88 0.662644
101 0.66549
111 0.669903
115 0.670545
152 0.671975
172 0.675467
182 0.676559
185 0.677408
187 0.680254
193 0.688471
199 0.691464
206 0.696914
222 0.698404
224 0.699254
240 0.700415
253 0.701347
349 0.702622
475 0.709108
477 0.711861
483 0.712086
