0 0.516026
3 0.520026
4 0.537152
5 0.546567
8 0.551947
11 0.554807
12 0.555143
14 0.563319
17 0.579869
21 0.580068
26 0.584156
27 0.600764
38 0.60366
52 0.604551
60 0.606686
62 0.60696
64 0.610044
67 0.611603
71 0.615058
72 0.61619
100 0.620536
121 0.624013
128 0.627285
131 0.630893
136 0.634331
144 0.639608
145 0.642587
163 0.643441
215 0.64428
221 0.650511
226 0.655762
232 0.663319
241 0.668514
256 0.6697
263 0.675771
275 0.683125
282 0.683912
290 0.685808
296 0.687376
303 0.687809
330 0.688088
336 0.68839
385 0.698393
395 0.698683
416 0.702531
426 0.708916
500 0.711874
620 0.716071
