0 0.514775
2 0.526366
7 0.534994
8 0.535555
9 0.552261
10 0.561151
11 0.566412
13 0.57605
14 0.576182
17 0.579152
19 0.586291
26 0.587765
28 0.592794
30 0.594327
31 0.606121
33 0.610904
35 0.614923
38 0.629806
43 0.633675
44 0.638693
48 0.639876
49 0.649808
59 0.650718
64 0.651539
72 0.652488
91 0.658439
92 0.660023
94 0.665316
101 0.665933
112 0.668307
114 0.675278
118 0.685046
119 0.686041
120 0.687545
136 0.687853
151 0.700262
171 0.704673
205 0.710162
214 0.712937
243 0.714733
258 0.719367
279 0.725756
308 0.734233
330 0.736004
337 0.736661
437 0.744355
477 0.744462
