0 0.461386
1 0.466836
2 0.477833
4 0.479095
6 0.479702
7 0.489403
16 0.48993
21 0.50518
25 0.51637
28 0.517502
29 0.539776
30 0.548569
32 0.549222
33 0.552465
34 0.554757
35 0.556067
39 0.559076
44 0.56799
47 0.570579
48 0.581008
52 0.583901
57 0.587924
58 0.601494
63 0.604141
66 0.607727
68 0.610913
70 0.611363
80 0.619453
82 0.620231
93 0.620305
97 0.626849
98 0.629663
99 0.630767
101 0.637651
102 0.647817
115 0.649704
116 0.654006
119 0.654707
127 0.654712
135 0.655228
147 0.658287
157 0.661494
166 0.664481
194 0.666707
201 0.675401
238 0.681633
250 0.684198
255 0.689248
278 0.692001
307 0.692523
321 0.697682
325 0.699165
363 0.699167
402 0.703993
451 0.707887
488 0.708112
533 0.709184
651 0.712439
672 0.714522
675 0.715176
787 0.718859
