0 0.501793
4 0.504031
9 0.50592
15 0.521758
16 0.527238
17 0.530641
25 0.541482
27 0.546765
28 0.54879
30 0.551871
32 0.55222
35 0.558909
37 0.559111
39 0.57627
41 0.57825
43 0.583076
46 0.605334
47 0.605784
53 0.619161
60 0.624695
78 0.627577
85 0.633326
91 0.638773
101 0.639804
104 0.642107
106 0.643518
111 0.648702
115 0.651292
124 0.651918
136 0.654339
137 0.654963
140 0.668142
141 0.669069
154 0.671577
162 0.68224
171 0.682458
188 0.686592
204 0.68715
209 0.690071
219 0.698005
229 0.698173
262 0.700895
285 0.709323
298 0.709776
354 0.710112
405 0.712233
418 0.713279
469 0.714108
559 0.714765
