0 0.479459
2 0.483615
4 0.495741
5 0.500476
6 0.507812
7 0.516149
8 0.521601
9 0.534113
11 0.544515
15 0.545394
16 0.545767
17 0.550604
20 0.553062
29 0.563721
30 0.572477
35 0.574819
37 0.574962
38 0.589281
40 0.596257
52 0.597484
64 0.61525
68 0.620453
73 0.62542
77 0.62865
79 0.632412
97 0.633888
101 0.636427
104 0.643885
112 0.645811
117 0.649565
132 0.657946
137 0.669883
153 0.673124
193 0.675435
214 0.677399
217 0.678736
240 0.682635
243 0.68281
288 0.690699
345 0.694796
352 0.701702
453 0.701845
484 0.702918
606 0.705851
684 0.707784
706 0.708177
733 0.708617
759 0.709532
771 0.710027
815 0.718636
877 0.719352
886 0.720897
972 0.726207
1033 0.726462
1082 0.72972
1101 0.729762
