0 0.47354
2 0.479733
3 0.490624
5 0.494773
7 0.506005
10 0.511722
12 0.513588
14 0.52316
17 0.529944
18 0.533976
19 0.554298
25 0.562466
36 0.566648
37 0.568987
39 0.576652
43 0.576661
46 0.586122
50 0.591932
51 0.599205
67 0.604492
69 0.609957
70 0.613269
75 0.613786
77 0.614358
78 0.624843
82 0.632839
98 0.633811
118 0.639259
131 0.64544
140 0.649343
148 0.650447
150 0.653023
164 0.654583
166 0.65578
206 0.659341
229 0.663571
263 0.667553
276 0.669962
277 0.678319
293 0.680051
319 0.682225
320 0.685175
370 0.685812
382 0.687379
388 0.687865
420 0.689614
483 0.690846
513 0.691705
535 0.693455
614 0.693629
