0 0.50747
4 0.529594
7 0.53334
9 0.54455
10 0.547196
12 0.563318
16 0.565806
17 0.576061
20 0.585897
21 0.588506
25 0.604711
33 0.609518
37 0.625946
60 0.627081
61 0.629309
69 0.630116
72 0.633386
74 0.63513
75 0.648628
91 0.656836
106 0.661755
119 0.662767
149 0.663498
204 0.664067
218 0.66622
222 0.668485
238 0.669092
288 0.669604
297 0.672803
305 0.67719
319 0.677244
328 0.680493
346 0.684028
348 0.687798
350 0.689103
387 0.692306
404 0.69498
463 0.698455
467 0.699029
504 0.70095
569 0.703397
573 0.707536
580 0.70896
642 0.710417
