0 0.453508
1 0.453863
5 0.469178
9 0.483248
14 0.485179
15 0.495627
16 0.496644
19 0.510077
20 0.517572
21 0.517737
25 0.521056
27 0.524987
29 0.52604
30 0.536852
36 0.55241
49 0.559422
53 0.56457
58 0.565533
59 0.570834
69 0.572001
72 0.575536
75 0.578681
77 0.582509
78 0.590039
83 0.594636
85 0.594899
86 0.609552
96 0.611494
103 0.615646
109 0.621839
110 0.6318
130 0.647458
143 0.655878
146 0.658007
147 0.66137
153 0.665955
156 0.669098
173 0.669815
210 0.670328
218 0.671647
219 0.673827
231 0.682305
246 0.683741
254 0.696872
293 0.703754
332 0.711999
392 0.723509
