0 0.471182
2 0.488742
3 0.491901
5 0.495973
7 0.498918
10 0.500328
11 0.511116
12 0.51872
13 0.519808
15 0.533919
16 0.544859
21 0.548907
22 0.55033
26 0.575009
29 0.581116
31 0.585394
32 0.585835
47 0.58622
56 0.594672
58 0.595437
60 0.599258
62 0.603925
75 0.621395
94 0.622929
101 0.625955
120 0.627833
140 0.635146
151 0.636739
163 0.641527
177 0.642835
178 0.642919
197 0.650445
259 0.65367
261 0.655344
268 0.658413
285 0.65874
318 0.662202
328 0.663024
379 0.663807
453 0.666124
480 0.666538
545 0.670076
579 0.68127
626 0.683919
647 0.684736
651 0.686574
652 0.696009
757 0.700769
825 0.701826
891 0.70309
969 0.703813
