0 0.508658
3 0.520948
5 0.529476
6 0.53132
10 0.544026
11 0.548411
19 0.554486
22 0.555988
30 0.562906
39 0.571904
40 0.57349
42 0.574022
47 0.574322
50 0.581528
52 0.582195
54 0.584746
56 0.586798
57 0.591992
63 0.597262
64 0.601732
68 0.602108
72 0.605153
77 0.616278
78 0.617144
84 0.627091
97 0.630179
103 0.632877
111 0.63353
112 0.634757
115 0.643468
131 0.644127
137 0.650176
141 0.65468
143 0.656874
146 0.658881
150 0.664969
152 0.66917
205 0.669477
207 0.672524
238 0.674336
248 0.676418
265 0.676707
277 0.677063
302 0.681665
304 0.684217
312 0.684986
314 0.688911
317 0.695021
341 0.697354
352 0.703505
376 0.706706
424 0.707942
508 0.711171
564 0.717692
592 0.721155
596 0.721651
631 0.722676
757 0.72483
