0 0.496796
2 0.500098
3 0.502656
5 0.507822
7 0.52103
8 0.537875
11 0.541499
12 0.547952
17 0.558434
19 0.562097
20 0.563739
21 0.564655
26 0.564944
30 0.565477
31 0.568892
33 0.582161
35 0.583107
36 0.592538
48 0.595855
49 0.596843
52 0.604282
53 0.611588
58 0.61737
68 0.629712
75 0.632376
93 0.632733
96 0.636811
101 0.637083
102 0.637179
105 0.63822
109 0.638575
110 0.64967
112 0.650341
113 0.658648
160 0.665779
197 0.671696
199 0.676015
203 0.678196
225 0.679442
234 0.682128
236 0.692755
313 0.694116
325 0.699885
330 0.703136
357 0.706382
375 0.709609
376 0.709821
426 0.713886
485 0.715739
500 0.719556
519 0.721364
526 0.725186
549 0.729102
560 0.731423
658 0.732653
670 0.734545
679 0.738415
730 0.743601
834 0.747793
