0 0.497773
1 0.501628
4 0.513029
6 0.517479
7 0.518431
8 0.532367
10 0.533257
13 0.540827
14 0.549438
15 0.561721
16 0.567543
20 0.577697
30 0.578769
31 0.580314
32 0.583166
33 0.595112
34 0.610404
38 0.612463
42 0.612517
45 0.616388
47 0.620824
56 0.624318
60 0.62692
61 0.632411
68 0.633694
71 0.636661
105 0.642417
106 0.650591
113 0.663053
125 0.665436
145 0.66718
161 0.667863
165 0.677171
167 0.681277
201 0.688265
218 0.688293
228 0.694948
270 0.69607
281 0.707909
296 0.711548
319 0.715784
374 0.716541
380 0.717306
399 0.719982
444 0.720518
446 0.720536
448 0.721065
471 0.72414
502 0.725594
534 0.726231
595 0.734578
