0 0.52395
1 0.524498
3 0.535562
4 0.536563
6 0.538004
8 0.557039
9 0.557357
10 0.56696
12 0.567783
23 0.56821
25 0.571551
26 0.571576
27 0.575514
37 0.577768
38 0.581667
39 0.583158
40 0.583987
49 0.586508
55 0.587304
71 0.592201
77 0.59868
88 0.600702
90 0.609121
95 0.614688
103 0.615393
104 0.616342
111 0.623246
113 0.633777
138 0.647468
142 0.648882
145 0.653925
150 0.654756
158 0.661362
209 0.662422
213 0.665619
222 0.668069
227 0.668329
232 0.668753
239 0.669422
259 0.669503
268 0.680125
273 0.684104
296 0.68701
301 0.687719
308 0.689266
315 0.694797
352 0.700161
371 0.700233
389 0.702931
396 0.703645
428 0.705789
429 0.707548
432 0.707808
517 0.711025
530 0.711346
537 0.712585
558 0.713426
565 0.714007
602 0.719647
