0 0.490982
5 0.514403
7 0.519594
8 0.536139
12 0.563703
15 0.570584
23 0.572724
24 0.578454
36 0.582322
46 0.58466
48 0.588987
51 0.595042
52 0.600831
53 0.605799
60 0.611226
62 0.620256
73 0.627697
78 0.631291
79 0.636573
89 0.641913
90 0.6456
93 0.648894
104 0.649978
114 0.651494
119 0.657263
144 0.663666
157 0.667128
164 0.669253
166 0.671145
182 0.675034
187 0.675538
201 0.681515
203 0.683556
221 0.68408
222 0.686694
240 0.68934
278 0.689744
339 0.693942
408 0.696649
413 0.698368
505 0.699126
538 0.701271
554 0.701862
626 0.710402
699 0.714476
714 0.717574
769 0.71857
829 0.722145
884 0.722269
888 0.724685
912 0.725592
920 0.730234
1032 0.734929
1090 0.736294
1111 0.740334
1166 0.74297
1186 0.74601
1229 0.752027
1306 0.755943
