0 0.488269
1 0.488686
2 0.490419
3 0.490708
4 0.505118
5 0.505846
6 0.510232
8 0.51272
9 0.516244
16 0.525015
21 0.53154
23 0.546723
25 0.561075
26 0.56224
28 0.572242
29 0.580988
31 0.583861
34 0.592167
36 0.593457
39 0.593574
42 0.59701
48 0.597303
49 0.600387
63 0.608842
67 0.613744
69 0.613875
71 0.619322
98 0.620956
112 0.623682
138 0.628843
149 0.630174
153 0.636209
163 0.644467
165 0.648531
174 0.651479
194 0.661236
237 0.661352
248 0.66521
272 0.665822
275 0.666989
282 0.667845
289 0.668501
291 0.671992
294 0.67296
301 0.680601
348 0.684797
351 0.687869
384 0.711814
450 0.713481
