0 0.504714
1 0.507457
2 0.525869
3 0.527639
9 0.529105
10 0.535506
18 0.536586
19 0.541705
20 0.547876
25 0.548976
26 0.551357
27 0.56587
28 0.568338
39 0.575275
44 0.582224
49 0.583927
58 0.589491
69 0.600918
71 0.614916
88 0.62143
95 0.621513
106 0.624285
111 0.627182
118 0.640659
129 0.643069
146 0.646654
150 0.648933
160 0.654561
186 0.654884
190 0.656637
198 0.658342
218 0.661039
230 0.661743
250 0.664383
253 0.668523
255 0.668835
275 0.669122
294 0.672922
305 0.677748
309 0.678268
313 0.681899
328 0.695148
400 0.699367
495 0.706876
496 0.708073
508 0.708338
600 0.71328
