0 0.494027
3 0.506139
4 0.507653
5 0.510186
7 0.523876
10 0.531896
14 0.545548
15 0.555066
18 0.55924
20 0.559576
21 0.566874
29 0.568947
38 0.57572
41 0.576418
42 0.597208
45 0.598316
56 0.599657
58 0.603613
63 0.603988
72 0.608385
86 0.610077
92 0.612884
99 0.623012
102 0.623782
108 0.631804
113 0.632469
128 0.637652
142 0.645274
143 0.649475
147 0.652392
149 0.660063
197 0.673514
245 0.678936
280 0.680488
306 0.683947
330 0.686919
334 0.687437
338 0.690586
341 0.691869
412 0.694357
415 0.70018
425 0.704998
467 0.705329
475 0.705481
480 0.711435
550 0.713686
557 0.718661
572 0.721162
631 0.721753
744 0.72739
761 0.730544
789 0.73066
