0 0.480187
1 0.491365
3 0.503762
4 0.506307
6 0.513266
10 0.53091
11 0.543885
14 0.545564
18 0.547341
19 0.558835
21 0.570052
23 0.573574
26 0.57524
31 0.579413
36 0.584568
48 0.589065
50 0.597634
53 0.602324
56 0.602698
59 0.607659
62 0.611595
65 0.6137
76 0.627018
100 0.627143
105 0.628826
113 0.629265
121 0.631951
131 0.63311
133 0.637054
141 0.647165
157 0.650841
165 0.654123
174 0.663009
181 0.665662
194 0.67238
207 0.676131
233 0.67983
236 0.681563
309 0.686665
367 0.694978
371 0.704525
394 0.704682
427 0.706991
479 0.707159
537 0.710551
539 0.717994
541 0.718472
548 0.718685
555 0.720548
672 0.723464
