0 0.484812
1 0.498115
3 0.500365
4 0.502655
5 0.505472
8 0.51558
9 0.515591
13 0.519163
14 0.527582
17 0.538496
19 0.538565
20 0.544463
22 0.548721
26 0.55077
29 0.556236
31 0.568759
33 0.573879
40 0.579433
45 0.57995
54 0.581603
59 0.583122
62 0.583233
67 0.592726
84 0.593503
89 0.603084
90 0.609814
103 0.613594
108 0.624392
109 0.624518
110 0.626632
116 0.632037
132 0.632045
133 0.63471
138 0.635418
142 0.637478
157 0.639781
161 0.651952
167 0.654928
180 0.655825
182 0.665077
184 0.666082
190 0.669746
205 0.674299
226 0.68023
227 0.680409
253 0.684675
279 0.684985
283 0.687194
330 0.688649
352 0.692757
378 0.696151
435 0.696399
501 0.705211
549 0.709308
634 0.710814
