0 0.495792
2 0.497311
4 0.498127
5 0.509932
8 0.511609
11 0.512609
13 0.514856
14 0.525926
15 0.527357
18 0.528398
19 0.530678
20 0.536746
25 0.546864
28 0.564472
33 0.568031
34 0.57364
36 0.575542
37 0.585678
38 0.590149
48 0.59897
74 0.602959
79 0.603208
82 0.603375
83 0.607061
88 0.607552
89 0.610009
95 0.617732
105 0.617841
111 0.626098
128 0.626502
159 0.627232
161 0.630106
162 0.636113
204 0.650927
219 0.654204
227 0.666059
233 0.672988
238 0.673286
354 0.675303
461 0.676167
470 0.680669
506 0.681105
565 0.683923
666 0.68519
