0 0.524181
2 0.529579
3 0.541586
7 0.561988
11 0.566797
15 0.57102
19 0.574714
25 0.580965
29 0.58237
34 0.59312
35 0.593215
36 0.595411
41 0.60302
50 0.607827
60 0.609367
63 0.613916
67 0.624361
70 0.628654
99 0.63355
114 0.635055
122 0.646715
150 0.650036
171 0.650608
191 0.651096
197 0.660428
222 0.660584
251 0.661923
264 0.664504
310 0.666533
321 0.673029
332 0.674817
342 0.675436
407 0.675832
468 0.68622
485 0.687251
489 0.68923
490 0.689283
525 0.689896
553 0.689909
597 0.694123
601 0.694817
627 0.701088
654 0.711081
669 0.712471
720 0.718122
734 0.719511
786 0.720015
909 0.722981
952 0.72562
963 0.726286
981 0.7275
991 0.72776
1025 0.728972
1059 0.729985
1129 0.731974
1200 0.737196
