128 0.51045396
256 0.52267764316831
384 0.53358814811881
512 0.5436148510891
640 0.55294397980198
768 0.56147379168316
896 0.56957464316831
1024 0.57725251445544
1152 0.58461591049504
1280 0.59160898970297
1408 0.5981654550495
1536 0.60447546495049
1664 0.61046454415841
1792 0.61616993029702
1920 0.62171000950495
2048 0.62683238574257
2176 0.6318683560396
2304 0.63651682138613
2432 0.64108267287128
2560 0.64542451445544
2688 0.64946732633663
2816 0.65324492039603
2944 0.65709282138613
3072 0.66077009861386
3200 0.66404811841584
3328 0.66711068277227
3456 0.66999459366336
3584 0.67280684118811
3712 0.67554319762376
3840 0.67819927683168
3968 0.68044864316831
4096 0.68294810851485
4224 0.6851046530693
4352 0.68715547485148
4480 0.68902900950495
4608 0.69081800950495
4736 0.69235742534653
4864 0.69383438574257
4992 0.69526311841584
5120 0.69655333623762
5248 0.6976590590099
5376 0.6989225540594
5504 0.69991117782178
5632 0.70090760356435
5760 0.70186795009901
5888 0.70257843524752
6016 0.70326947485148
6144 0.70361879168316
6272 0.70420443524752
6400 0.70464237584158
6528 0.70499661346534
6656 0.70532600950495
6784 0.70552894019801
6912 0.70566474217821
7040 0.70575748475247
7168 0.70585997980198
7296 0.70601834613861
7424 0.70617270257425
7552 0.70621954415841
