0 0.512769
128 0.524235
256 0.535171
384 0.544465
512 0.553394
640 0.560233
768 0.566795
896 0.572718
1024 0.580929
1152 0.587562
1280 0.593329
1408 0.5989
1536 0.604312
1664 0.610191
1792 0.61544
1920 0.619796
2048 0.624069
2176 0.627933
2304 0.631745
2432 0.63553
2560 0.641992
2688 0.645567
2816 0.648771
2944 0.651445
3072 0.656237
3200 0.658646
3328 0.660687
3456 0.662682
3584 0.669625
3712 0.674591
3840 0.676451
3968 0.677927
4096 0.679546
4224 0.681004
4352 0.684267
4480 0.687914
4608 0.689055
4736 0.689995
4864 0.690927
4992 0.694857
5120 0.695555
5248 0.698117
5376 0.699465
5504 0.700154
5632 0.700656
5760 0.700842
5888 0.701277
6016 0.701422
