0 0.501356
128 0.512951
256 0.524526
384 0.535811
512 0.546906
640 0.557715
768 0.568083
896 0.578169
1024 0.587044
1152 0.598427
1280 0.607219
1408 0.615247
1536 0.622388
1664 0.628435
1792 0.633404
1920 0.637307
2048 0.641129
2176 0.64472
2304 0.647825
2432 0.650798
2560 0.658268
2688 0.661107
2816 0.663661
2944 0.665521
3072 0.667179
3200 0.668685
3328 0.672104
3456 0.673508
3584 0.674792
3712 0.676007
3840 0.676903
3968 0.679579
4096 0.682054
4224 0.682947
4352 0.683784
4480 0.689851
4608 0.696011
4736 0.697012
4864 0.697438
4992 0.697831
5120 0.698213
5248 0.699019
5376 0.699328
5504 0.700725
5632 0.701557
5760 0.701821
5888 0.704306
6016 0.704522
6144 0.704652
6272 0.704764
