0 0.482879
128 0.497363
256 0.509479
384 0.520535
512 0.530316
640 0.540007
768 0.547869
896 0.557593
1024 0.565455
1152 0.572745
1280 0.579857
1408 0.586895
1536 0.593885
1664 0.600856
1792 0.607596
1920 0.614917
2048 0.62159
2176 0.628222
2304 0.634745
2432 0.640972
2560 0.646806
2688 0.652054
2816 0.656211
2944 0.660189
3072 0.664033
3200 0.667875
3328 0.671697
3456 0.67551
3584 0.678845
3712 0.682031
3840 0.685311
3968 0.687634
4096 0.690284
4224 0.693873
4352 0.69613
4480 0.698263
4608 0.700054
4736 0.702729
4864 0.705205
4992 0.70694
5120 0.708344
5248 0.709741
5376 0.711624
5504 0.712546
5632 0.713208
5760 0.713601
5888 0.713621
