0 0.459132
128 0.472958
256 0.484533
384 0.495188
512 0.505529
640 0.514865
768 0.524005
896 0.532335
1024 0.542102
1152 0.550251
1280 0.55834
1408 0.566271
1536 0.573626
1664 0.580728
1792 0.587258
1920 0.593653
2048 0.598944
2176 0.60414
2304 0.608972
2432 0.613778
2560 0.618446
2688 0.626506
2816 0.630828
2944 0.641622
3072 0.645698
3200 0.649522
3328 0.653327
3456 0.656125
3584 0.658815
3712 0.661245
3840 0.668061
3968 0.670303
4096 0.672264
4224 0.674995
4352 0.676856
4480 0.678607
4608 0.680696
4736 0.683083
4864 0.686736
4992 0.688384
5120 0.689905
5248 0.691381
5376 0.693
5504 0.693698
5632 0.69626
5760 0.697608
5888 0.698133
6016 0.700973
6144 0.701366
