0 0.47795
128 0.49594
256 0.507872
384 0.518805
512 0.529585
640 0.539759
768 0.549581
896 0.558539
1024 0.566864
1152 0.574686
1280 0.582221
1408 0.589299
1536 0.596123
1664 0.602814
1792 0.608775
1920 0.614322
2048 0.619562
2176 0.624136
2304 0.628316
2432 0.632144
2560 0.638421
2688 0.641676
2816 0.64522
2944 0.649063
3072 0.652205
3200 0.655025
3328 0.658724
3456 0.661526
3584 0.664228
3712 0.66681
3840 0.669239
3968 0.672511
4096 0.674661
4224 0.6767
4352 0.678575
4480 0.680206
4608 0.681618
4736 0.683412
4864 0.684768
4992 0.69123
5120 0.692416
5248 0.693105
5376 0.693772
5504 0.694288
5632 0.697174
5760 0.699697
5888 0.706891
6016 0.709544
6144 0.709979
6272 0.710372
6400 0.710714
6528 0.711017
6656 0.711254
6784 0.711399
6912 0.711494
