0 0.508254
128 0.522312
256 0.532185
384 0.541886
512 0.551291
640 0.559311
768 0.567226
896 0.574527
1024 0.581258
1152 0.587418
1280 0.593461
1408 0.59938
1536 0.605068
1664 0.609741
1792 0.614202
1920 0.621621
2048 0.626134
2176 0.630468
2304 0.634648
2432 0.641052
2560 0.644987
2688 0.648799
2816 0.652581
2944 0.656172
3072 0.66226
3200 0.665778
3328 0.669068
3456 0.673095
3584 0.676341
3712 0.679139
3840 0.681539
3968 0.683676
4096 0.685738
4224 0.687733
4352 0.694247
4480 0.69889
4608 0.701828
4736 0.704381
4864 0.706249
4992 0.708484
5120 0.710345
5248 0.712167
5376 0.71775
5504 0.719154
5632 0.720503
5760 0.72182
5888 0.723006
6016 0.723843
6144 0.724462
6272 0.724837
6400 0.725761
6528 0.726246
6656 0.726309
