0 0.503933
128 0.52129
256 0.53732
384 0.550457
512 0.560798
640 0.570478
768 0.577235
896 0.583882
1024 0.590103
1152 0.597516
1280 0.602976
1408 0.609141
1536 0.615958
1664 0.621198
1792 0.629661
1920 0.634325
2048 0.637974
2176 0.643169
2304 0.647734
2432 0.651326
2560 0.654431
2688 0.659065
2816 0.662056
2944 0.664895
3072 0.667693
3200 0.670424
3328 0.672949
3456 0.67542
3584 0.67728
3712 0.679127
3840 0.682683
3968 0.68459
4096 0.685985
4224 0.687171
4352 0.688291
4480 0.689354
4608 0.693166
4736 0.695842
4864 0.696592
4992 0.699454
5120 0.700116
5248 0.700749
5376 0.706927
5504 0.711691
5632 0.712245
5760 0.714721
