0 0.512432
128 0.529868
256 0.541109
384 0.55123
512 0.560909
640 0.570187
768 0.579035
896 0.586851
1024 0.59407
1152 0.601517
1280 0.608335
1408 0.614797
1536 0.621082
1664 0.627242
1792 0.633106
1920 0.638743
2048 0.644619
2176 0.650202
2304 0.655776
2432 0.661219
2560 0.666498
2688 0.671764
2816 0.677003
2944 0.681809
3072 0.686388
3200 0.690723
3328 0.694449
3456 0.699643
3584 0.702569
3712 0.7053
3840 0.707622
3968 0.709763
4096 0.711722
4224 0.714716
4352 0.716577
4480 0.718371
4608 0.71999
4736 0.721465
4864 0.722862
4992 0.724048
5120 0.724853
5248 0.725392
5376 0.727083
5504 0.727518
5632 0.727613
5760 0.727631
