0 0.499363
128 0.51678
256 0.527121
384 0.536812
512 0.54648
640 0.554838
768 0.563017
896 0.571189
1024 0.579169
1152 0.586848
1280 0.597152
1408 0.605784
1536 0.613073
1664 0.619746
1792 0.626023
1920 0.631432
2048 0.635855
2176 0.640256
2304 0.644575
2432 0.648421
2560 0.652301
2688 0.656331
2816 0.662082
2944 0.670171
3072 0.67387
3200 0.677436
3328 0.68047
3456 0.683299
3584 0.686101
3712 0.690993
3840 0.693518
3968 0.69555
4096 0.69757
4224 0.699304
4352 0.701279
4480 0.702545
4608 0.703543
4736 0.704872
4864 0.706976
4992 0.707914
5120 0.708256
5248 0.709555
5376 0.710826
5504 0.711463
5632 0.711804
5760 0.712106
