0 0.5037
128 0.515188
256 0.525993
384 0.5353
512 0.543941
640 0.552574
768 0.560603
896 0.568391
1024 0.577473
1152 0.585122
1280 0.592065
1408 0.598904
1536 0.606993
1664 0.61381
1792 0.625058
1920 0.631312
2048 0.637473
2176 0.642384
2304 0.64719
2432 0.651878
2560 0.6565
2688 0.660835
2816 0.665156
2944 0.669235
3072 0.673213
3200 0.677144
3328 0.680424
3456 0.682824
3584 0.68499
3712 0.687024
3840 0.689053
3968 0.690807
4096 0.692541
4224 0.69387
4352 0.694914
4480 0.695861
4608 0.696798
4736 0.697648
4864 0.700917
4992 0.704492
5120 0.705154
5248 0.706201
5376 0.706502
5504 0.706747
5632 0.706812
5760 0.708874
5888 0.709743
6016 0.709763
