0 0.481998
128 0.49566
256 0.507768
384 0.519631
512 0.531071
640 0.540656
768 0.549437
896 0.558752
1024 0.56748
1152 0.575262
1280 0.582808
1408 0.589855
1536 0.596851
1664 0.603794
1792 0.609755
1920 0.615669
2048 0.621373
2176 0.626933
2304 0.632182
2432 0.636775
2560 0.64132
2688 0.646282
2816 0.651725
2944 0.656001
3072 0.658799
3200 0.661418
3328 0.663259
3456 0.664768
3584 0.669576
3712 0.670556
3840 0.673979
3968 0.675801
4096 0.678542
4224 0.679488
4352 0.683355
4480 0.684975
4608 0.685476
4736 0.687415
4864 0.687653
4992 0.69049
5120 0.692935
5248 0.695347
5376 0.695367
