0 0.510029
128 0.524035
256 0.537665
384 0.549705
512 0.560406
640 0.569793
768 0.579045
896 0.587017
1024 0.594658
1152 0.602273
1280 0.609526
1408 0.616638
1536 0.6232
1664 0.629409
1792 0.634608
1920 0.639553
2048 0.643888
2176 0.649931
2304 0.654196
2432 0.660929
2560 0.665118
2688 0.66841
2816 0.671249
2944 0.674047
3072 0.676354
3200 0.67849
3328 0.682056
3456 0.683936
3584 0.688117
3712 0.689852
3840 0.69496
3968 0.696435
4096 0.697839
4224 0.699001
4352 0.699699
4480 0.700361
4608 0.700796
4736 0.70113
