0 0.493521
128 0.508103
256 0.517983
384 0.527592
512 0.537012
640 0.5453
768 0.553508
896 0.561596
1024 0.568245
1152 0.57488
1280 0.581471
1408 0.588046
1536 0.59836
1664 0.604226
1792 0.609867
1920 0.619648
2048 0.624844
2176 0.629929
2304 0.634957
2432 0.639715
2560 0.644337
2688 0.648537
2816 0.652608
2944 0.656452
3072 0.65999
3200 0.663282
3328 0.666465
3456 0.671376
3584 0.674079
3712 0.677481
3840 0.680128
3968 0.682753
4096 0.690556
4224 0.693132
4352 0.699822
4480 0.702145
4608 0.70411
4736 0.705903
4864 0.707307
4992 0.708656
5120 0.709657
5248 0.710265
5376 0.713224
5504 0.713798
5632 0.714315
5760 0.719422
5888 0.719518
6016 0.719538
