0 0.490949
128 0.509963
256 0.528588
384 0.543795
512 0.556155
640 0.564893
768 0.57249
896 0.57996
1024 0.587194
1152 0.593932
1280 0.600604
1408 0.606765
1536 0.612776
1664 0.618501
1792 0.623038
1920 0.627499
2048 0.631933
2176 0.637097
2304 0.64348
2432 0.647913
2560 0.65348
2688 0.658566
2816 0.662793
2944 0.666989
3072 0.670116
3200 0.673071
3328 0.675869
3456 0.678414
3584 0.680083
3712 0.682001
3840 0.685198
3968 0.686846
4096 0.688481
4224 0.690041
4352 0.691307
4480 0.692372
4608 0.693407
4736 0.695482
4864 0.696419
4992 0.696938
5120 0.697365
5248 0.697602
5376 0.697816
5504 0.699835
5632 0.69994
5760 0.707384
