0 0.448844
128 0.464576
256 0.47749
384 0.490335
512 0.500748
640 0.510863
768 0.51966
896 0.528209
1024 0.535813
1152 0.542461
1280 0.54902
1408 0.558065
1536 0.565861
1664 0.576501
1792 0.585385
1920 0.591428
2048 0.59737
2176 0.602944
2304 0.608434
2432 0.61804
2560 0.623385
2688 0.628634
2816 0.633833
2944 0.638856
3072 0.643582
3200 0.648269
3328 0.652333
3456 0.656206
3584 0.660277
3712 0.664121
3840 0.667933
3968 0.671632
4096 0.674453
4224 0.677108
4352 0.679721
4480 0.682121
4608 0.684444
4736 0.686178
4864 0.687836
4992 0.689456
5120 0.690931
5248 0.69443
5376 0.695798
5504 0.697146
5632 0.698147
5760 0.698686
5888 0.699495
6016 0.701659
6144 0.70216
6272 0.70386
6400 0.704468
6528 0.706966
6656 0.714503
6784 0.714615
6912 0.714685
7040 0.715322
7168 0.715739
7296 0.717599
7424 0.718036
