0 0.453736
128 0.471976
256 0.489332
384 0.505019
512 0.520011
640 0.53314
768 0.543443
896 0.551712
1024 0.559901
1152 0.567996
1280 0.575907
1408 0.583055
1536 0.589704
1664 0.595939
1792 0.602015
1920 0.608023
2048 0.613941
2176 0.61972
2304 0.624916
2432 0.629724
2560 0.634518
2688 0.639097
2816 0.643581
2944 0.647879
3072 0.651857
3200 0.655802
3328 0.660173
3456 0.663453
3584 0.665994
3712 0.668518
3840 0.670715
3968 0.672586
4096 0.674427
4224 0.676162
4352 0.677811
4480 0.679382
4608 0.68075
4736 0.682016
4864 0.683265
4992 0.684471
5120 0.689094
5248 0.690031
5376 0.690869
5504 0.691567
5632 0.692069
5760 0.694008
5888 0.694401
