0 0.486793
128 0.501113
256 0.514604
384 0.526179
512 0.537076
640 0.547425
768 0.556761
896 0.565166
1024 0.573498
1152 0.583055
1280 0.590704
1408 0.597529
1536 0.604249
1664 0.612032
1792 0.618594
1920 0.624923
2048 0.63019
2176 0.635318
2304 0.640425
2432 0.645505
2560 0.650469
2688 0.655379
2816 0.659585
2944 0.663397
3072 0.666772
3200 0.672215
3328 0.675055
3456 0.677853
3584 0.680214
3712 0.682537
3840 0.684779
3968 0.686687
4096 0.688279
4224 0.691384
4352 0.692889
4480 0.696308
4608 0.697702
4736 0.699115
4864 0.70059
4992 0.701873
5120 0.703088
5248 0.704274
5376 0.705341
5504 0.70639
5632 0.708464
5760 0.709314
5888 0.711475
6016 0.717105
6144 0.71754
6272 0.717933
6400 0.718541
6528 0.7215
6656 0.721834
6784 0.72193
6912 0.721948
