0 0.499408
128 0.511846
256 0.524084
384 0.535657
512 0.5472
640 0.561054
768 0.571171
896 0.580888
1024 0.589399
1152 0.597141
1280 0.604369
1408 0.611574
1536 0.618088
1664 0.624311
1792 0.629719
1920 0.635027
2048 0.639812
2176 0.648445
2304 0.653086
2432 0.657412
2560 0.661306
2688 0.665186
2816 0.668999
2944 0.671896
3072 0.674139
3200 0.676213
3328 0.678248
3456 0.679868
3584 0.681322
3712 0.68269
3840 0.684008
3968 0.685292
4096 0.68809
4224 0.689339
4352 0.690276
4480 0.692171
4608 0.694752
4736 0.696814
4864 0.697826
4992 0.698631
5120 0.69932
5248 0.699982
5376 0.700483
5504 0.704651
