0 0.474767
128 0.489257
256 0.501212
384 0.51304
512 0.524812
640 0.534136
768 0.542039
896 0.54988
1024 0.557483
1152 0.565055
1280 0.572391
1408 0.579104
1536 0.585607
1664 0.590697
1792 0.595537
1920 0.602682
2048 0.607436
2176 0.61703
2304 0.621444
2432 0.625487
2560 0.629335
2688 0.633178
2816 0.636897
2944 0.643138
3072 0.645498
3200 0.648518
3328 0.650775
3456 0.652616
3584 0.654613
3712 0.656365
3840 0.657989
3968 0.659609
4096 0.661173
4224 0.666742
4352 0.66799
4480 0.668992
4608 0.669929
4736 0.670765
4864 0.675459
4992 0.678751
5120 0.680809
5248 0.684006
5376 0.686053
5504 0.686751
5632 0.687413
5760 0.688064
5888 0.69526
6016 0.699204
6144 0.700335
6272 0.701703
6400 0.702579
6528 0.706926
6656 0.7075
6784 0.707893
6912 0.708006
7040 0.708118
7168 0.7082
7296 0.708251
7424 0.708353
7552 0.710214
