0 0.49581
128 0.507851
256 0.517848
384 0.527448
512 0.536159
640 0.544719
768 0.553093
896 0.561187
1024 0.569167
1152 0.578945
1280 0.586877
1408 0.594442
1536 0.601445
1664 0.607605
1792 0.61328
1920 0.620699
2048 0.626033
2176 0.630978
2304 0.6356
2432 0.639926
2560 0.645989
2688 0.651305
2816 0.655128
2944 0.658881
3072 0.662424
3200 0.666268
3328 0.669725
3456 0.672526
3584 0.675229
3712 0.677871
3840 0.680468
3968 0.683048
4096 0.685846
4224 0.688228
4352 0.691372
4480 0.693247
4608 0.695571
4736 0.697332
4864 0.699549
4992 0.701079
5120 0.702476
5248 0.704359
5376 0.705622
5504 0.706871
5632 0.707533
5760 0.708152
5888 0.708721
6016 0.709207
6144 0.709549
6272 0.711374
6400 0.717837
6528 0.718372
6656 0.718484
6784 0.718514
6912 0.724556
