0 0.540027
128 0.554097
256 0.564159
384 0.571991
512 0.579248
640 0.58682
768 0.596271
896 0.60279
1024 0.608624
1152 0.614655
1280 0.620359
1408 0.625248
1536 0.633798
1664 0.638421
1792 0.642834
1920 0.647047
2048 0.651207
2176 0.655029
2304 0.658241
2432 0.662914
2560 0.666044
2688 0.669167
2816 0.672161
2944 0.675804
3072 0.678758
3200 0.681501
3328 0.684143
3456 0.686618
3584 0.688989
3712 0.691063
3840 0.693102
3968 0.694982
4096 0.696436
4224 0.697721
4352 0.700519
4480 0.701705
4608 0.703429
4736 0.704379
4864 0.705041
4992 0.705649
5120 0.708971
5248 0.709083
5376 0.709165
