0 0.470374
128 0.491107
256 0.506345
384 0.519191
512 0.531756
640 0.545732
768 0.555872
896 0.562906
1024 0.569635
1152 0.576853
1280 0.583377
1408 0.591927
1536 0.598414
1664 0.604328
1792 0.610215
1920 0.619821
2048 0.624554
2176 0.629212
2304 0.633774
2432 0.639023
2560 0.643358
2688 0.647678
2816 0.651954
2944 0.655827
3072 0.659898
3200 0.663741
3328 0.667564
3456 0.669809
3584 0.674037
3712 0.675997
3840 0.679258
3968 0.680957
4096 0.682615
4224 0.684208
4352 0.685556
4480 0.686715
4608 0.687721
4736 0.688722
4864 0.689644
4992 0.690397
5120 0.690971
5248 0.691511
5376 0.691904
5504 0.692512
5632 0.695471
5760 0.695805
5888 0.696018
6016 0.69772
6144 0.69779
6272 0.703598
6400 0.70566
6528 0.70723
6656 0.707892
6784 0.707962
6912 0.708599
7040 0.709015
7168 0.711491
7296 0.713352
7424 0.713415
