0 0.538831
128 0.553349
256 0.567461
384 0.57662
512 0.585579
640 0.594367
768 0.601775
896 0.608792
1024 0.615676
1152 0.621937
1280 0.627968
1408 0.633904
1536 0.639473
1664 0.646135
1792 0.651335
1920 0.656331
2048 0.660724
2176 0.665037
2304 0.669108
2432 0.673126
2560 0.676969
2688 0.680782
2816 0.683886
2944 0.686846
3072 0.689683
3200 0.691926
3328 0.693902
3456 0.695695
3584 0.697315
3712 0.698663
3840 0.699946
3968 0.701162
4096 0.702141
4224 0.702803
4352 0.70344
4480 0.706104
4608 0.706714
4736 0.707288
4864 0.707725
4992 0.70787
5120 0.707982
