0 0.507234
128 0.519547
256 0.531591
384 0.541465
512 0.550144
640 0.558381
768 0.565969
896 0.577401
1024 0.584755
1152 0.591856
1280 0.59866
1408 0.605432
1536 0.611439
1664 0.617861
1792 0.623499
1920 0.62901
2048 0.633675
2176 0.638297
2304 0.642711
2432 0.646775
2560 0.650622
2688 0.654444
2816 0.657889
2944 0.66063
3072 0.662594
3200 0.664475
3328 0.666276
3456 0.668705
3584 0.676786
3712 0.683433
3840 0.685091
3968 0.686459
4096 0.687526
4224 0.689286
4352 0.690232
4480 0.690851
4608 0.691386
4736 0.691851
4864 0.692244
4992 0.692553
5120 0.693882
5248 0.695986
5376 0.696098
5504 0.696144
5632 0.697427
5760 0.697929
5888 0.697949
