0 0.513673
128 0.534121
256 0.552567
384 0.565381
512 0.575513
640 0.583487
768 0.590789
896 0.597381
1024 0.603819
1152 0.613239
1280 0.619123
1408 0.625172
1536 0.63086
1664 0.636445
1792 0.642028
1920 0.647397
2048 0.652512
2176 0.656359
2304 0.660181
2432 0.663994
2560 0.6674
2688 0.670198
2816 0.672627
2944 0.678396
3072 0.683538
3200 0.685781
3328 0.687957
3456 0.689843
3584 0.691685
3712 0.696848
3840 0.699502
3968 0.701261
4096 0.702919
4224 0.707385
4352 0.708662
4480 0.712163
4608 0.713806
4736 0.714899
4864 0.715749
4992 0.716554
5120 0.716656
5248 0.718817
5376 0.72349
5504 0.725351
5632 0.725432
