0 0.499513
128 0.517277
256 0.528377
384 0.538113
512 0.547425
640 0.556677
768 0.564855
896 0.572944
1024 0.579768
1152 0.586395
1280 0.592692
1408 0.598799
1536 0.60475
1664 0.61079
1792 0.616305
1920 0.621486
2048 0.626596
2176 0.635566
2304 0.640528
2432 0.645434
2560 0.649886
2688 0.654257
2816 0.658589
2944 0.665262
3072 0.66927
3200 0.672911
3328 0.676369
3456 0.67969
3584 0.682909
3712 0.686073
3840 0.688774
3968 0.691109
4096 0.693314
4224 0.695388
4352 0.696705
4480 0.697972
4608 0.699235
4736 0.700334
4864 0.704405
4992 0.705449
5120 0.706147
5248 0.707358
5376 0.710319
5504 0.714018
5632 0.71468
5760 0.715299
5888 0.715642
6016 0.715943
6144 0.716182
6272 0.716234
6400 0.718467
6528 0.720367
6656 0.720387
