0 0.46008
128 0.488305
256 0.504117
384 0.518423
512 0.530039
640 0.541316
768 0.552774
896 0.563185
1024 0.570906
1152 0.578307
1280 0.585091
1408 0.591014
1536 0.596736
1664 0.602144
1792 0.607428
1920 0.613482
2048 0.621778
2176 0.628075
2304 0.635187
2432 0.640276
2560 0.645077
2688 0.649478
2816 0.653797
2944 0.657877
3072 0.661699
3200 0.66529
3328 0.668849
3456 0.671976
3584 0.674816
3712 0.677545
3840 0.679685
3968 0.681405
4096 0.683025
4224 0.684291
4352 0.685511
4480 0.686448
4608 0.687233
4736 0.687994
4864 0.688683
4992 0.689352
5120 0.692027
5248 0.694503
5376 0.695165
5504 0.695675
