0 0.507587
128 0.525545
256 0.539394
384 0.549761
512 0.558138
640 0.566512
768 0.57446
896 0.582294
1024 0.59008
1152 0.597228
1280 0.603507
1408 0.609715
1536 0.615032
1664 0.620281
1792 0.625458
1920 0.630081
2048 0.634381
2176 0.638262
2304 0.642084
2432 0.645256
2560 0.648096
2688 0.650929
2816 0.653585
2944 0.659399
3072 0.661722
3200 0.663964
3328 0.666169
3456 0.668197
3584 0.670198
3712 0.67199
3840 0.673925
3968 0.676435
4096 0.679029
4224 0.680653
4352 0.682132
4480 0.683399
4608 0.684336
4736 0.685186
4864 0.685875
4992 0.686537
5120 0.68693
5248 0.687538
5376 0.689569
5504 0.690331
