0 0.467785
128 0.480728
256 0.492269
384 0.504185
512 0.515643
640 0.52914
768 0.540427
896 0.548664
1024 0.556108
1152 0.562755
1280 0.569055
1408 0.57595
1536 0.581929
1664 0.587633
1792 0.593207
1920 0.603174
2048 0.609519
2176 0.615066
2304 0.620313
2432 0.625277
2560 0.6299
2688 0.634396
2816 0.639666
2944 0.644001
3072 0.650044
3200 0.654361
3328 0.657998
3456 0.661572
3584 0.66447
3712 0.667112
3840 0.669354
3968 0.671945
4096 0.676359
4224 0.678433
4352 0.680504
4480 0.682708
4608 0.685366
4736 0.687413
4864 0.689148
4992 0.690465
5120 0.691565
5248 0.692609
5376 0.693588
5504 0.694286
5632 0.694975
5760 0.695594
5888 0.695987
6016 0.696329
6144 0.697784
6272 0.699121
6400 0.700602
6528 0.704301
6656 0.70612
6784 0.707468
6912 0.707766
7040 0.707871
7168 0.71045
7296 0.716483
7424 0.722945
