0 0.530247
128 0.541994
256 0.55301
384 0.563594
512 0.573319
640 0.581643
768 0.589419
896 0.595806
1024 0.602058
1152 0.608267
1280 0.614228
1408 0.61981
1536 0.625181
1664 0.630324
1792 0.634958
1920 0.639278
2048 0.643376
2176 0.647391
2304 0.650649
2432 0.654996
2560 0.657794
2688 0.659999
2816 0.662196
2944 0.664359
3072 0.672678
3200 0.674827
3328 0.676875
3456 0.678906
3584 0.68084
3712 0.684662
3840 0.686463
3968 0.689429
4096 0.692408
4224 0.694066
4352 0.696907
4480 0.70337
4608 0.704718
4736 0.705479
4864 0.706168
4992 0.70683
5120 0.707316
5248 0.707428
5376 0.709468
