1 0.49710091089109
2 0.4986546039604
3 0.50062963366337
4 0.50236076237624
5 0.50415541584158
6 0.50598692079208
7 0.50811481188119
8 0.50960928712871
9 0.51089623762376
10 0.51311820792079
11 0.51429975247525
12 0.5158329009901
13 0.51736969306931
14 0.51865066336634
15 0.51990503960396
16 0.5212499009901
17 0.52264999009901
18 0.52424637623762
19 0.52593481188119
20 0.5272181980198
21 0.52874368316832
22 0.5301528019802
23 0.53127889108911
24 0.5326557029703
25 0.53403275247525
26 0.53508014851485
27 0.5361868019802
28 0.53768303960396
29 0.53902606930693
30 0.5403925049505
31 0.54133913861386
32 0.54280467326733
33 0.54385640594059
34 0.54478268316832
35 0.5460341980198
36 0.5472394950495
37 0.54826948514851
38 0.54944040594059
39 0.55068681188119
40 0.55138625742574
41 0.55253626732673
42 0.55325802970297
43 0.55403538613861
44 0.55462683168317
45 0.55553810891089
46 0.55639986138614
47 0.5570490990099
48 0.55763335643564
49 0.55845686138614
50 0.55939391089109
51 0.56039411881188
52 0.56098846534653
53 0.56172231683168
54 0.56262557425743
55 0.56340522772277
56 0.56429126732673
57 0.56496797029703
58 0.56581324752475
59 0.56650992079208
60 0.56735906930693
61 0.56803289108911
62 0.56894012871287
63 0.56975801980198
64 0.57042854455446
65 0.57104954455446
66 0.57175953465347
67 0.57255833663366
68 0.57352669306931
69 0.5743743960396
70 0.57511535643564
71 0.57586218811881
72 0.57679679207921
73 0.57724083168317
74 0.57789635643564
75 0.57856986138614
76 0.57958843564356
77 0.58011965346535
78 0.58067513861386
79 0.58109659405941
80 0.58145396039604
81 0.58216277227723
82 0.58285698019802
83 0.58339818811881
84 0.58391445544554
85 0.5844281980198
86 0.58503216831683
87 0.58564058415842
88 0.58622563366337
89 0.58667716831683
90 0.58726199009901
91 0.58789597029703
92 0.58825844554455
93 0.5887350990099
94 0.58934022772277
95 0.58963220792079
96 0.59006845544554
97 0.5905872970297
98 0.59128596039604
99 0.59182079207921
100 0.59220993069307
101 0.59251193069307
102 0.59295942574257
103 0.5934393960396
104 0.59394879207921
105 0.59419526732673
106 0.59454211881188
107 0.59499498019802
108 0.59539526732673
109 0.59573310891089
110 0.59640736633663
111 0.59700124752475
112 0.59735362376238
113 0.59763634653465
114 0.59822757425743
115 0.5986198019802
116 0.5993107029703
117 0.59988198019802
118 0.60057626732673
119 0.60113623762376
120 0.60156292079208
121 0.60197477227723
122 0.60237711881188
123 0.60287432673267
124 0.60319428712871
125 0.60354016831683
126 0.60401148514851
127 0.60443895049505
128 0.60494946534653
129 0.60532594059406
130 0.60565088118812
131 0.60638566336634
132 0.606621
133 0.60678624752475
134 0.607176
135 0.6075786039604
136 0.60811818811881
137 0.60852475247525
138 0.60885563366337
139 0.60931256435644
140 0.60960912871287
141 0.60988431683168
142 0.61012424752475
143 0.61054868316832
144 0.61083093069307
145 0.61121142574257
146 0.61176074257426
147 0.61207904950495
148 0.61244033663366
149 0.61268024752475
150 0.61281330693069
151 0.61317347524752
152 0.61344272277228
153 0.61377307920792
154 0.61415015841584
155 0.61462554455446
156 0.6150164950495
157 0.61516212871287
158 0.61545369306931
159 0.61584103960396
160 0.6160892970297
161 0.61640630693069
162 0.61662097029703
163 0.61685106930693
164 0.6170721980198
165 0.61744007920792
166 0.61782071287129
167 0.61816446534653
168 0.618384
169 0.61880791089109
170 0.61921533663366
171 0.61946631683168
172 0.61995259405941
173 0.62035858415842
174 0.6205996039604
175 0.62076771287129
176 0.62096289108911
177 0.62124044554455
178 0.62152953465347
179 0.62197357425743
180 0.62249527722772
181 0.62272295049505
182 0.62292703960396
183 0.62310658415842
184 0.62323961386139
185 0.6235167029703
186 0.62388432673267
187 0.62434323762376
188 0.62448818811881
189 0.62474186138614
190 0.62507758415842
191 0.6253393960396
192 0.62551856435644
193 0.62579969306931
194 0.6261428019802
195 0.62631717821782
196 0.62655644554455
197 0.62682308910891
198 0.62709144554455
199 0.62725871287129
200 0.62743942574257
201 0.62796952475248
202 0.62815011881188
203 0.62838304950495
204 0.62869010891089
205 0.62888646534653
206 0.62914728712871
207 0.62946496039604
208 0.62967117821782
209 0.62996913861386
210 0.63021210891089
211 0.63041026732673
212 0.6306038019802
213 0.63082491089109
214 0.63100688118812
215 0.63125255445545
216 0.63139853465347
217 0.63174661386139
218 0.63201638613861
219 0.63223469306931
220 0.63236743564356
221 0.63252040594059
222 0.63269335643564
223 0.6328799009901
224 0.63308811881188
225 0.63319094059406
226 0.63338044554455
227 0.63382099009901
228 0.63390744554455
229 0.63408902970297
230 0.63437792079208
231 0.63448882178218
232 0.63461094059406
233 0.63493632673267
234 0.6351606039604
235 0.63534956435644
236 0.63554540594059
237 0.63569782178218
238 0.63586811881188
239 0.6361961980198
240 0.63649220792079
241 0.63664022772277
242 0.6369359009901
243 0.63714161386139
244 0.63739704950495
245 0.63763555445545
246 0.63776841584158
247 0.63780627722772
248 0.63790920792079
249 0.63809731683168
250 0.63839914851485
251 0.63860659405941
252 0.63895591089109
253 0.63901785148515
254 0.63920427722772
255 0.63946457425743
256 0.63976144554455
257 0.63990946534653
258 0.64015289108911
259 0.64037406930693
260 0.64060766336634
261 0.64080103960396
262 0.64097897029703
263 0.64125074257426
264 0.64141518811881
265 0.64163813861386
266 0.64190014851485
267 0.64196526732673
268 0.64201891089109
269 0.64216527722772
270 0.64237944554455
271 0.64268223762376
272 0.64290986138614
273 0.64310411881188
274 0.64318104950495
275 0.64334233663366
276 0.64360632673267
277 0.6438422970297
278 0.64399348514851
279 0.64424644554455
280 0.64433252475248
281 0.64443816831683
282 0.64455471287129
283 0.6447871980198
284 0.64501294059406
285 0.64513873267327
286 0.64531446534653
287 0.64536233663366
288 0.64544241584158
289 0.64551802970297
290 0.64579687128713
291 0.64593420792079
292 0.64612088118812
293 0.64644541584158
294 0.6466851980198
295 0.64689798019802
296 0.64704820792079
297 0.64724948514851
298 0.64732217821782
299 0.64752403960396
300 0.64773794059406
301 0.64792717821782
302 0.64802700990099
303 0.64811135643564
304 0.64831820792079
305 0.64847102970297
306 0.6486993960396
307 0.64892744554455
308 0.64910591089109
309 0.64917673267327
310 0.64937777227723
311 0.6494709009901
312 0.6495890990099
313 0.64972006930693
314 0.64982755445545
315 0.64994306930693
316 0.65011085148515
317 0.65023831683168
318 0.65041335643564
319 0.65056663366337
320 0.65063286138614
321 0.65080961386139
322 0.65086623762376
323 0.65102731683168
324 0.65122007920792
325 0.6514639009901
326 0.65162557425743
327 0.65174373267327
328 0.65185696039604
329 0.6519030990099
330 0.65216831683168
331 0.65238113861386
332 0.65256392079208
333 0.6527195049505
334 0.65280158415842
335 0.65298692079208
336 0.65312222772277
337 0.65329642574257
338 0.65346048514852
339 0.65350057425743
340 0.65368337623762
341 0.65376349504951
342 0.65388357425743
343 0.65399453465347
344 0.65422274257426
345 0.65434405940594
346 0.65441126732673
347 0.65453255445545
348 0.65466998019802
349 0.65476340594059
350 0.65481125742574
351 0.65498093069307
352 0.65509054455446
353 0.65524322772277
354 0.65538794059406
355 0.65548124752475
356 0.65562815841584
357 0.65575485148515
358 0.65583189108911
359 0.6558573960396
360 0.65593451485149
361 0.65607037623762
362 0.65617597029703
363 0.6562427029703
364 0.65633282178218
365 0.65645895049505
366 0.65649457425743
367 0.65662766336634
368 0.6568552970297
369 0.6569939009901
370 0.65707486138614
371 0.65725137623762
372 0.65744272277228
373 0.65751932673267
374 0.6576301980198
375 0.65774214851485
376 0.65782123762376
377 0.65796369306931
378 0.65808843564356
379 0.65820469306931
380 0.65842178217822
381 0.65854151485149
382 0.65869336633663
383 0.65874687128713
384 0.65881946534653
385 0.65883784158416
386 0.65898014851485
387 0.65908789108911
388 0.65912222772277
389 0.6592540990099
390 0.65944146534653
391 0.65952816831683
392 0.65959523762376
393 0.65977286138614
394 0.65994684158416
395 0.66020336633663
396 0.66028475247525
397 0.66034491089109
398 0.66043256435644
399 0.66050782178218
400 0.66060241584158
401 0.66075183168317
402 0.66106872277228
403 0.66123668316832
404 0.66153112871287
405 0.6615382970297
406 0.66179792079208
407 0.66195404950495
408 0.66213397029703
409 0.66217477227723
410 0.66238011881188
411 0.66252286138614
412 0.6626090990099
413 0.66274373267327
414 0.66284251485148
415 0.66294576237624
416 0.66312076237624
417 0.66318371287129
418 0.66326262376238
419 0.66336938613861
420 0.66346088118812
421 0.66354425742574
422 0.66363155445545
423 0.66378706930693
424 0.66384256435644
425 0.66387356435644
426 0.66410837623762
427 0.66420916831683
428 0.66430321782178
429 0.66447599009901
430 0.66457756435644
431 0.66465662376238
432 0.66475588118812
433 0.66485837623762
434 0.66494662376238
435 0.66500274257426
436 0.66531838613861
437 0.66540257425743
438 0.66554975247525
439 0.66574065346535
440 0.66581955445545
441 0.66593878217822
442 0.66597783168317
443 0.66604638613861
444 0.66615438613861
445 0.66626746534653
446 0.66639250495049
447 0.66646308910891
448 0.66653030693069
449 0.66654847524752
450 0.66664015841584
451 0.66665437623762
452 0.66665616831683
453 0.66674295049505
454 0.66686210891089
455 0.66693102970297
456 0.66711193069307
457 0.66712374257426
458 0.66721121782178
459 0.66738144554455
460 0.66747904950495
461 0.66756266336634
462 0.66759110891089
463 0.66769223762376
464 0.66778415841584
465 0.6679749009901
466 0.668039
467 0.66821520792079
468 0.66830821782178
469 0.66840610891089
470 0.66854872277228
471 0.66866397029703
472 0.66876584158416
473 0.6688703960396
474 0.66906311881188
475 0.66907398019802
476 0.66933326732673
477 0.66942545544554
478 0.66950856435644
479 0.66956440594059
480 0.66966022772277
481 0.6697239009901
482 0.66982240594059
483 0.6698330990099
484 0.66989052475248
485 0.66995226732673
486 0.67000833663366
487 0.670153
488 0.67023540594059
489 0.67037314851485
490 0.67037556435644
492 0.67041754455446
493 0.67054545544554
494 0.67065469306931
495 0.67074586138614
496 0.67075524752475
498 0.67081201980198
499 0.67089768316832
500 0.67105286138614
501 0.67108205940594
502 0.67113898019802
503 0.67118067326733
504 0.67125082178218
505 0.67140615841584
506 0.67151177227723
507 0.67159818811881
508 0.67172062376238
509 0.67178507920792
510 0.67187462376238
511 0.67188124752475
512 0.67189275247525
513 0.67198174257426
514 0.67204416831683
515 0.67209527722772
516 0.67209838613861
517 0.67218056435644
518 0.67234833663366
519 0.67238357425743
520 0.67240759405941
521 0.67249695049505
522 0.67257900990099
523 0.67268303960396
524 0.67269593069307
525 0.67277457425743
526 0.67287691089109
527 0.67288399009901
528 0.67298808910891
529 0.67309746534653
530 0.67314349504951
531 0.67323276237624
532 0.67326062376238
533 0.67337516831683
534 0.67343988118812
535 0.67353299009901
536 0.6737006039604
537 0.67373440594059
538 0.67379091089109
539 0.67389292079208
540 0.67395269306931
541 0.67406798019802
542 0.67416517821782
543 0.67416794059406
544 0.67421797029703
545 0.67437774257426
546 0.67448151485149
547 0.67453583168317
548 0.67470422772277
549 0.67481176237624
550 0.67487869306931
551 0.67491514851485
552 0.67502492079208
553 0.67508755445545
554 0.675124
555 0.67514337623762
556 0.67523402970297
557 0.67534558415842
558 0.67539435643564
559 0.67546246534653
560 0.67551869306931
561 0.67555340594059
562 0.67563538613861
563 0.67576510891089
564 0.67582724752475
565 0.67591895049505
566 0.67600012871287
567 0.67604220792079
568 0.67614450495049
569 0.67621021782178
570 0.67625592079208
571 0.67635902970297
572 0.67641864356436
573 0.67658262376238
574 0.67661694059406
575 0.67661951485148
576 0.67672164356436
577 0.67679588118812
578 0.67684512871287
579 0.67695484158416
580 0.67707553465347
581 0.67714003960396
582 0.67720254455446
583 0.67732213861386
584 0.67743652475248
585 0.67744483168317
586 0.67757479207921
587 0.67758552475248
588 0.67766343564356
589 0.67767700990099
590 0.67771886138614
591 0.67783332673267
592 0.67799005940594
593 0.67802083168317
594 0.67804178217822
595 0.67809234653465
596 0.67810306930693
597 0.67815826732673
598 0.67830714851485
599 0.67835534653465
600 0.67849585148515
601 0.67866686138614
602 0.67870195049505
603 0.67871782178218
604 0.67873434653465
605 0.67878650495049
606 0.67886011881188
607 0.67892318811881
608 0.67898371287129
609 0.67900126732673
610 0.67907874257426
611 0.67920338613861
612 0.67934158415842
613 0.67939251485148
614 0.67940575247525
615 0.67947782178218
616 0.679549
617 0.67962037623762
618 0.67969812871287
619 0.67986908910891
620 0.67988638613861
621 0.67998036633663
622 0.68012626732673
623 0.68013102970297
624 0.6802363960396
625 0.68025163366337
626 0.68027166336634
627 0.68035850495049
628 0.68042715841584
629 0.68049507920792
630 0.68055397029703
631 0.68063507920792
632 0.68069610891089
633 0.68078722772277
634 0.68087324752475
635 0.68089072277228
636 0.68096259405941
637 0.68108248514851
638 0.68111718811881
639 0.68122823762376
640 0.68123031683168
641 0.6812488019802
642 0.6812571980198
643 0.68127499009901
644 0.68129611881188
645 0.68134406930693
646 0.68137430693069
647 0.68138576237624
648 0.68139138613861
649 0.68150385148515
650 0.68155798019802
651 0.68163522772277
652 0.68164741584158
653 0.68178379207921
654 0.68185035643564
655 0.68193936633663
656 0.68195194059406
657 0.68206189108911
658 0.68207330693069
659 0.6820902970297
660 0.68222581188119
661 0.68227710891089
662 0.68234382178218
663 0.68244685148515
664 0.68251407920792
665 0.6825842970297
666 0.68265722772277
667 0.68271328712871
668 0.68283020792079
669 0.68284663366337
670 0.68287824752475
671 0.6828799009901
673 0.68290143564356
674 0.68295407920792
675 0.68303824752475
676 0.68303933663366
677 0.68318677227723
678 0.68328516831683
679 0.68331841584158
680 0.68334772277228
681 0.68350934653465
682 0.68359218811881
684 0.68363237623762
685 0.68368776237624
686 0.68377595049505
687 0.68380386138614
688 0.68384528712871
689 0.68398338613861
690 0.68412161386139
691 0.68421279207921
692 0.68425585148515
693 0.68427073267327
694 0.68431018811881
695 0.68437091089109
696 0.68449986138614
697 0.68451704950495
698 0.68454622772277
699 0.68459945544554
700 0.68469272277228
701 0.68471540594059
702 0.68480011881188
703 0.68480227722772
704 0.68484604950495
705 0.6849539009901
706 0.68504875247525
707 0.6850990990099
708 0.68515131683168
710 0.68515876237624
711 0.68516256435644
712 0.68519745544554
714 0.6852026039604
715 0.68523793069307
716 0.68526093069307
717 0.68532099009901
718 0.68533105940594
719 0.68538763366337
720 0.6854793960396
721 0.68551403960396
722 0.68552875247525
723 0.68554354455446
724 0.685604
725 0.68566332673267
726 0.68572489108911
727 0.68578343564356
728 0.68579517821782
729 0.68584372277228
731 0.68592977227723
732 0.68598576237624
733 0.68609957425743
734 0.68610574257426
735 0.68613128712871
736 0.68616763366337
737 0.68624794059406
738 0.68635861386139
739 0.68638205940594
740 0.68638537623762
741 0.68643785148515
742 0.68650573267327
743 0.68653272277228
744 0.68656045544554
745 0.68656845544554
746 0.68667315841584
747 0.68668235643564
748 0.68675117821782
749 0.68677540594059
750 0.6868060990099
751 0.68684324752475
752 0.68685536633663
753 0.68685932673267
754 0.68690004950495
755 0.68692501980198
756 0.68698751485149
757 0.68702651485149
758 0.68703226732673
759 0.68703686138614
760 0.68712000990099
761 0.68718067326733
762 0.687234
764 0.68729747524752
765 0.68734737623762
766 0.68737087128713
767 0.68748253465347
768 0.68754283168317
769 0.68760991089109
770 0.68763652475248
771 0.68768230693069
772 0.68778545544554
773 0.68780235643564
775 0.68784008910891
776 0.68790111881188
777 0.6879387029703
778 0.68798100990099
779 0.68800877227723
780 0.68803599009901
781 0.68805198019802
782 0.68806462376238
785 0.68808027722772
786 0.68813581188119
787 0.68816578217822
788 0.68823623762376
789 0.68825725742574
790 0.68839885148515
791 0.68845471287129
793 0.68847455445545
794 0.68854836633663
795 0.6886189009901
796 0.68867547524753
797 0.68874686138614
798 0.68878004950495
799 0.68879772277228
800 0.68882606930693
801 0.68884585148515
802 0.68884698019802
803 0.68886084158416
804 0.68887607920792
805 0.68890998019802
806 0.6890030990099
807 0.68903366336634
808 0.68905678217822
809 0.68907979207921
810 0.68912583168317
811 0.6891692970297
812 0.6891985049505
813 0.68920308910891
814 0.68926714851485
815 0.68929599009901
816 0.68932999009901
817 0.68937949504951
818 0.68945044554455
819 0.68945927722772
820 0.68948581188119
821 0.68949176237624
822 0.68952806930693
823 0.68963485148515
824 0.68966537623762
825 0.68973016831683
826 0.68974281188119
827 0.68975923762376
828 0.68977169306931
829 0.68984027722772
831 0.68987322772277
832 0.689895
833 0.68991594059406
834 0.68994793069307
835 0.68996144554455
836 0.68999628712871
837 0.69004294059406
838 0.69006571287129
839 0.69010602970297
840 0.69014062376238
841 0.69022492079208
843 0.69022900990099
844 0.69029652475248
845 0.69037384158416
846 0.6904637029703
847 0.69051337623762
848 0.69051623762376
849 0.69057449504951
850 0.69062054455446
851 0.69063111881188
852 0.69069965346535
853 0.6907555049505
854 0.69077850495049
855 0.69079103960396
856 0.69080191089109
857 0.69086520792079
858 0.69088155445545
859 0.69088304950495
860 0.69101811881188
862 0.69103612871287
863 0.69106174257426
864 0.69107728712871
865 0.69108648514851
866 0.69113027722772
867 0.69118801980198
868 0.6912049009901
869 0.69127596039604
870 0.69130074257426
871 0.69133125742574
872 0.69134773267327
873 0.69135012871287
874 0.69137066336634
875 0.69137920792079
876 0.69139187128713
878 0.69139701980198
879 0.691408
880 0.69142514851485
881 0.69148350495049
882 0.69150295049505
883 0.69153738613861
884 0.69157504950495
885 0.69158993069307
886 0.69160096039604
887 0.69162789108911
888 0.69170471287129
890 0.69173665346535
891 0.69175968316832
892 0.69181046534653
893 0.69188637623762
894 0.6919493960396
895 0.69199328712871
896 0.69204733663366
897 0.6920488019802
898 0.69205658415842
899 0.69207592079208
900 0.69209017821782
902 0.69214838613861
903 0.69223696039604
904 0.69224232673267
905 0.69230931683168
906 0.69230971287129
907 0.69235191089109
908 0.69235950495049
909 0.69238420792079
910 0.69244346534653
912 0.69246423762376
913 0.69248097029703
914 0.69252984158416
915 0.69255917821782
916 0.69257204950495
917 0.69265350495049
918 0.69273702970297
919 0.69274474257426
920 0.69276825742574
921 0.69280173267327
922 0.69287163366337
923 0.69289546534653
924 0.69295922772277
926 0.69302800990099
927 0.69304954455446
929 0.69310483168317
930 0.69317582178218
931 0.6931966039604
935 0.69321323762376
936 0.69325445544554
937 0.69329064356436
938 0.69330159405941
940 0.69331100990099
941 0.69333312871287
943 0.69339795049505
944 0.69340914851485
945 0.69343764356436
946 0.69351045544554
947 0.69352107920792
948 0.69353462376238
949 0.69354808910891
950 0.69355118811881
951 0.69358595049505
952 0.69363313861386
953 0.69367223762376
954 0.69372003960396
955 0.69373765346535
956 0.69374245544554
958 0.69376796039604
960 0.69380132673267
961 0.6938181980198
962 0.69381921782178
963 0.69382167326733
964 0.69386494059406
965 0.69387674257426
966 0.69390313861386
967 0.69398842574257
968 0.69400774257426
969 0.69403758415842
970 0.69404166336634
971 0.69408818811881
973 0.6941254950495
974 0.6941352970297
975 0.69414714851485
977 0.6942183960396
978 0.69423845544554
979 0.6942737029703
981 0.69427628712871
982 0.69436869306931
983 0.69442586138614
984 0.69444959405941
985 0.69445848514851
986 0.69450317821782
987 0.69452771287129
988 0.69456177227723
989 0.6945636039604
990 0.69462255445545
991 0.69466623762376
992 0.69467098019802
993 0.69468799009901
994 0.69470863366337
995 0.69476455445545
996 0.69481086138614
997 0.69488064356436
999 0.69490641584158
1000 0.69493027722772
1001 0.69494586138614
1002 0.694984
1003 0.69501014851485
1004 0.6950610990099
1005 0.69506530693069
1006 0.69509954455446
1007 0.69515492079208
1008 0.69518371287129
1009 0.6952130990099
1010 0.69523278217822
1011 0.69526224752475
1013 0.69528213861386
1014 0.69532343564356
1015 0.69535073267327
1016 0.69538018811881
1017 0.6954084950495
1018 0.69548532673267
1019 0.69549568316832
1020 0.69550117821782
1021 0.69552305940594
1022 0.69555385148515
1023 0.69560243564356
1024 0.69560671287129
1025 0.69562320792079
1026 0.69564483168317
1028 0.69568502970297
1029 0.69575766336634
1030 0.69576884158416
1031 0.69580265346535
1032 0.69582201980198
1033 0.69584548514851
1034 0.69590634653465
1037 0.69591394059406
1040 0.69593734653465
1041 0.69595340594059
1042 0.69596271287129
1044 0.6959809009901
1045 0.69600600990099
1046 0.69604445544554
1049 0.69608654455446
1050 0.69610721782178
1051 0.69616954455446
1053 0.69619785148515
1054 0.69621518811881
1055 0.69624765346535
1056 0.69627457425743
1057 0.69628436633663
1059 0.69630835643564
1060 0.69632981188119
1061 0.6963733960396
1062 0.69639215841584
1063 0.69643789108911
1064 0.6964429009901
1065 0.6964429009901
1066 0.69648931683168
1067 0.69650421782178
1069 0.69650916831683
1070 0.696559
1071 0.69659935643564
1072 0.69661273267327
1075 0.6966339009901
1076 0.69663893069307
1077 0.6966699009901
1078 0.69671024752475
1079 0.69671111881188
1080 0.69675276237624
1081 0.69679075247525
1082 0.69686271287129
1083 0.69686848514851
1084 0.69687502970297
1085 0.69690620792079
1086 0.6969593960396
1087 0.69697317821782
1088 0.69698052475248
1090 0.69699666336634
1091 0.69700065346535
1092 0.69700096039604
1093 0.69705431683168
1095 0.69705640594059
1096 0.69709079207921
1098 0.69711832673267
1099 0.69712035643564
1101 0.69713097029703
1102 0.69719068316832
1103 0.69721359405941
1104 0.69724722772277
1105 0.69726459405941
1107 0.69730212871287
1108 0.69735178217822
1109 0.69740610891089
1110 0.69745667326733
1111 0.69748254455446
1112 0.697541
1113 0.69754645544554
1115 0.69754956435644
1116 0.69756781188119
1117 0.69758098019802
1118 0.69758720792079
1119 0.6975873960396
1120 0.69759352475248
1121 0.69760245544554
1122 0.69765934653465
1123 0.69767583168317
1124 0.69767877227723
1126 0.69768115841584
1127 0.6977190990099
1128 0.69773389108911
1129 0.69775069306931
1130 0.69775665346535
1134 0.6977719009901
1135 0.69781336633663
1136 0.6978241980198
1137 0.69782842574257
1138 0.69782998019802
1139 0.6978484950495
1140 0.69785596039604
1143 0.69787935643564
1146 0.69792873267327
1149 0.69796147524752
1150 0.6980112970297
1152 0.69802288118812
1153 0.69805257425743
1155 0.69805607920792
1156 0.69808276237624
1157 0.6981283960396
1158 0.69816063366337
1159 0.6981631980198
1160 0.6981950990099
1161 0.69820644554455
1162 0.69825173267327
1164 0.69826400990099
1165 0.69828768316832
1166 0.69834687128713
1167 0.69842899009901
1168 0.69844697029703
1170 0.69853324752475
1171 0.69856114851485
1174 0.69860032673267
1175 0.69860428712871
1176 0.69864581188119
1178 0.69867584158416
1179 0.69868785148515
1180 0.69871042574257
1182 0.69872287128713
1183 0.69875445544554
1185 0.69877663366337
1186 0.69878087128713
1187 0.69880892079208
1188 0.69886243564356
1189 0.69887032673267
1190 0.69888018811881
1191 0.69888643564356
1192 0.69892288118812
1193 0.69892347524752
1194 0.69893976237624
1195 0.69896193069307
1196 0.69897351485149
1197 0.69899095049505
1198 0.69901288118812
1199 0.69902515841584
1200 0.69905406930693
1202 0.69910495049505
1204 0.69910976237624
1205 0.69912807920792
1206 0.69914486138614
1207 0.69916795049505
1208 0.69921301980198
1209 0.69922446534653
1210 0.69923459405941
1212 0.6992414950495
1213 0.69929411881188
1214 0.69934125742574
1215 0.69935730693069
1217 0.69937486138614
1218 0.69941941584158
1219 0.69941985148515
1220 0.69945031683168
1221 0.69947554455446
1222 0.69953922772277
1223 0.69954795049505
1225 0.69956346534653
1226 0.699568
1228 0.69960424752475
1229 0.69961656435644
1230 0.69965862376238
1231 0.69967508910891
1232 0.69971938613861
1233 0.69982989108911
1234 0.69984968316832
1235 0.69988148514852
1237 0.69989954455446
1238 0.69995716831683
1239 0.69996161386139
1240 0.69997016831683
1242 0.69999299009901
1243 0.70000400990099
1244 0.70003633663366
1245 0.70003755445545
1246 0.70007787128713
1248 0.70008501980198
1249 0.70010234653465
1250 0.70011330693069
1251 0.70015221782178
1252 0.70017164356436
1253 0.70018600990099
1254 0.70020634653465
1255 0.70021171287129
1256 0.70027243564356
1257 0.70029094059406
1259 0.70031363366337
1260 0.70032702970297
1261 0.70035872277228
1262 0.70038043564356
1264 0.70038769306931
1265 0.70040949504951
1266 0.70041222772277
1267 0.70047243564356
1268 0.70047863366337
1269 0.70053756435644
1270 0.70054681188119
1271 0.70054774257426
1272 0.70060681188119
1273 0.7006631980198
1274 0.7006639009901
1275 0.70069441584158
1276 0.70077862376238
1278 0.70079479207921
1279 0.70080321782178
1280 0.70082195049505
1281 0.70082608910891
1282 0.7008368019802
1283 0.70084031683168
1285 0.70086169306931
1286 0.70087921782178
1288 0.70089250495049
1289 0.70098821782178
1291 0.70102553465347
1294 0.70104816831683
1296 0.70105600990099
1297 0.70106534653465
1298 0.701074
1299 0.70109568316832
1300 0.70115416831683
1301 0.70120873267327
1302 0.70125152475248
1303 0.70128096039604
1304 0.70129698019802
1305 0.70131602970297
1307 0.70132037623762
1308 0.70132254455446
1310 0.70133793069307
1311 0.70136336633663
1312 0.70139881188119
1313 0.70140899009901
1314 0.70141923762376
1315 0.70143913861386
1316 0.70146121782178
1317 0.70148621782178
1318 0.70151346534653
1319 0.70151573267327
1320 0.70153005940594
1321 0.70154855445545
1322 0.70155785148515
1323 0.70155926732673
1324 0.70159917821782
1325 0.70160279207921
1326 0.70163331683168
1327 0.70164056435644
1328 0.70166978217822
1329 0.70167828712871
1330 0.70171034653465
1331 0.70172995049505
1334 0.70174279207921
1335 0.70180647524752
1336 0.70182158415842
1337 0.70184010891089
1338 0.70185320792079
1340 0.70185471287129
1341 0.70186983168317
1344 0.70189841584158
1345 0.70191257425743
1346 0.70192426732673
1347 0.70194431683168
1348 0.70196968316832
1349 0.70200111881188
1350 0.70202525742574
1351 0.70204641584158
1352 0.70210383168317
1353 0.70211461386139
1354 0.70215331683168
1355 0.70218699009901
1357 0.70220747524752
1360 0.70226954455446
1361 0.70228615841584
1364 0.70228877227723
1368 0.70229479207921
1369 0.70230863366337
1370 0.70236176237624
1371 0.70244222772277
1372 0.70246889108911
1376 0.70248698019802
1377 0.70250582178218
1378 0.70250756435644
1380 0.70253481188119
1381 0.70255352475248
1383 0.70257674257426
1385 0.70259014851485
1388 0.7026101980198
1389 0.70266371287129
1390 0.70267767326733
1392 0.70271642574257
1393 0.70273992079208
1394 0.70274964356436
1395 0.70275476237624
1397 0.70276072277228
1398 0.70277775247525
1399 0.70281546534653
1400 0.70285020792079
1403 0.70285612871287
1406 0.70285616831683
1408 0.70285879207921
1409 0.7028589009901
1410 0.70289335643564
1414 0.7029261980198
1415 0.70294881188119
1416 0.70297657425743
1417 0.70298725742574
1418 0.70299523762376
1420 0.70300125742574
1421 0.70301346534653
1422 0.7030214950495
1423 0.703025
1424 0.70304656435644
1428 0.70310116831683
1429 0.70310800990099
1430 0.70317313861386
1434 0.70318445544554
1435 0.70318731683168
1436 0.70319471287129
1437 0.70321736633663
1439 0.70323545544554
1440 0.70328334653465
1441 0.7032971980198
1446 0.70330144554455
1447 0.70331081188119
1448 0.70334311881188
1449 0.7034039009901
1450 0.70343901980198
1451 0.70344191089109
1452 0.70346886138614
1453 0.70349647524752
1455 0.70351111881188
1456 0.7035509009901
1458 0.70356112871287
1459 0.70356528712871
1460 0.70359925742574
1465 0.70363330693069
1466 0.70364077227723
1468 0.70365836633663
1470 0.70366906930693
1474 0.70367624752475
1475 0.7036814950495
1476 0.70371305940594
1477 0.70373543564356
1478 0.70374359405941
1479 0.70376415841584
1480 0.70379897029703
1481 0.70387966336634
1483 0.70391638613861
1487 0.70392468316832
1488 0.70393341584158
1489 0.70398794059406
1491 0.70400799009901
1492 0.7040194950495
1493 0.704071
1494 0.70410344554455
1495 0.70411945544554
1496 0.70413483168317
1498 0.70413547524752
1499 0.70414916831683
1502 0.70415671287129
1504 0.7042216039604
1508 0.70427732673267
1509 0.70429366336634
1510 0.70429838613861
1512 0.70433633663366
1513 0.70438113861386
1514 0.70442086138614
1515 0.70443723762376
1516 0.70444245544554
1517 0.70444410891089
1518 0.70445988118812
1520 0.70446821782178
1522 0.70447372277228
1523 0.70450162376238
1524 0.70450393069307
1525 0.70450589108911
1526 0.70450806930693
1527 0.70450993069307
1529 0.70451466336634
1530 0.70454716831683
1531 0.70458495049505
1534 0.70459342574257
1535 0.70460107920792
1536 0.70463459405941
1537 0.70466243564356
1538 0.7047217029703
1539 0.70474075247525
1540 0.70474432673267
1541 0.70474564356436
1542 0.70475677227723
1543 0.70478121782178
1545 0.70485082178218
1550 0.70489112871287
1552 0.70489372277228
1553 0.70489925742574
1555 0.70497055445545
1556 0.70497668316832
1557 0.70498651485149
1558 0.70503251485149
1559 0.70507849504951
1560 0.70507881188119
1561 0.70509654455446
1562 0.70509826732673
1563 0.70509848514851
1565 0.70509875247525
1567 0.70510427722772
1568 0.70510981188119
1570 0.70513589108911
1573 0.70516259405941
1576 0.70517550495049
1577 0.70518392079208
1582 0.70518893069307
1583 0.70520868316832
1584 0.70524603960396
1586 0.70525117821782
1587 0.70527838613861
1589 0.70528165346535
1592 0.7052869009901
1593 0.70532418811881
1594 0.70532551485149
1595 0.70533408910891
1598 0.70534036633663
1600 0.70534347524752
1601 0.70534893069307
1603 0.70536132673267
1605 0.70540383168317
1606 0.70548956435644
1608 0.70550326732673
1609 0.70553432673267
1610 0.70553553465347
1611 0.7055395049505
1612 0.70555796039604
1613 0.70558400990099
1614 0.70558431683168
1616 0.70559217821782
1617 0.70559914851485
1622 0.70561669306931
1625 0.70561887128713
1626 0.70564188118812
1628 0.70565222772277
1629 0.70565315841584
1633 0.70566410891089
1640 0.70566644554455
1642 0.70567043564356
1645 0.70568020792079
1647 0.70569893069307
1652 0.70570484158416
1653 0.70571569306931
1656 0.70571973267327
1658 0.70574821782178
1661 0.70575511881188
1663 0.70576276237624
1665 0.70577205940594
1668 0.7057776039604
1673 0.70578021782178
1674 0.70578955445545
1677 0.70579651485149
1678 0.70580467326733
1679 0.70584295049505
1682 0.7058447029703
1683 0.70585098019802
1685 0.70586806930693
1686 0.70586858415842
1688 0.70587793069307
1689 0.70590236633663
1691 0.70591789108911
1692 0.7059281980198
1697 0.70597267326733
1698 0.70598781188119
1699 0.70606891089109
1702 0.70612248514851
1704 0.70612478217822
1705 0.70614046534653
1710 0.70615669306931
1712 0.70616991089109
1713 0.70617176237624
1714 0.70620024752475
1716 0.70621268316832
1720 0.70622232673267
1722 0.70622308910891
1723 0.70622746534653
1724 0.70623783168317
1726 0.70625885148515
1727 0.70628331683168
1730 0.70631774257426
1731 0.70634453465347
1732 0.70636094059406
1733 0.70639448514851
1734 0.70639655445545
1735 0.70640120792079
1738 0.70643556435644
1741 0.70644682178218
1742 0.70646605940594
1743 0.70647397029703
1744 0.70650400990099
1745 0.70653040594059
1746 0.70659276237624
1750 0.70659295049505
1751 0.70660877227723
1765 0.706645
1766 0.7066786039604
1767 0.70671469306931
1769 0.70671605940594
1770 0.7067314950495
1774 0.70673446534653
1775 0.70673647524752
1776 0.70673961386139
1777 0.70674597029703
1780 0.70677014851485
1781 0.70681294059406
1783 0.70681834653465
1784 0.7068183960396
1785 0.70683374257426
1786 0.7068409009901
1788 0.70685633663366
1789 0.70686658415842
1790 0.70690089108911
1791 0.70690987128713
1794 0.70693548514851
1795 0.70693775247525
1796 0.70694728712871
1798 0.70696194059406
1801 0.70697510891089
1803 0.70697692079208
1805 0.70698521782178
1806 0.70698884158416
1808 0.70699056435644
1813 0.70699917821782
1815 0.70700257425743
1821 0.70702073267327
1823 0.70706166336634
1824 0.70707724752475
1826 0.70708098019802
1828 0.70709016831683
1830 0.70710643564356
1832 0.70713002970297
1833 0.70714327722772
1834 0.70715377227723
1838 0.70716643564356
1840 0.70717283168317
1841 0.70717863366337
1843 0.70719840594059
1849 0.70720189108911
1852 0.70722728712871
1856 0.70726436633663
1858 0.70726488118812
1863 0.70726952475248
1866 0.70727188118812
1867 0.70729595049505
1871 0.707296
1875 0.70732075247525
1876 0.70734081188119
1877 0.70734404950495
1879 0.70736473267327
1880 0.70737171287129
1885 0.70738538613861
1889 0.70738834653465
1890 0.70738884158416
1892 0.707391
1895 0.70740556435644
1900 0.70741092079208
1902 0.70743317821782
1903 0.70743991089109
1905 0.70746496039604
1906 0.70747165346535
1907 0.7074826039604
1909 0.70748797029703
1917 0.70749963366337
1918 0.70751400990099
1922 0.70752451485149
1923 0.70752912871287
1927 0.70754185148515
1935 0.70755443564356
1937 0.70756768316832
1942 0.70758204950495
1949 0.70758986138614
1950 0.7075979009901
1955 0.70760756435644
1958 0.70763234653465
1961 0.70764546534653
1968 0.70768888118812
1969 0.70769063366337
1971 0.70769252475248
1976 0.70769810891089
1978 0.70769879207921
1986 0.70769915841584
1989 0.70775123762376
1990 0.70777082178218
1998 0.7077840990099
1999 0.70779010891089
2004 0.70779500990099
2006 0.70780899009901
2007 0.70781296039604
2010 0.70782089108911
2011 0.70782379207921
2014 0.70785663366337
2015 0.70786853465347
2018 0.70787853465347
2019 0.70792006930693
2021 0.70795611881188
2023 0.70796182178218
2024 0.70796224752475
2026 0.70797041584158
2033 0.70798874257426
2034 0.70798935643564
2037 0.70801304950495
2040 0.70802912871287
2046 0.70804105940594
2047 0.7080976039604
2049 0.70810992079208
2055 0.70814001980198
2060 0.70815332673267
2065 0.70816973267327
2071 0.70817589108911
2073 0.70818272277228
2084 0.70820799009901
2087 0.70821175247525
2108 0.70821663366337
2114 0.70822386138614
2120 0.70824491089109
2126 0.70827986138614
2128 0.7082892970297
2132 0.70830396039604
2133 0.70831179207921
2136 0.70831481188119
2141 0.70832247524752
2143 0.70832376237624
2148 0.7083576039604
2150 0.70836943564356
2151 0.70839920792079
2152 0.70841731683168
2155 0.70843704950495
2159 0.70844589108911
2165 0.70845347524752
2169 0.70846040594059
2170 0.70847516831683
2171 0.70847605940594
2175 0.70848357425743
2180 0.70852146534653
2182 0.70852285148515
2191 0.70853222772277
2193 0.70854030693069
2195 0.70854049504951
2200 0.70854194059406
2210 0.70856416831683
2218 0.70857165346535
2232 0.70861394059406
2238 0.70861606930693
2242 0.70862913861386
2247 0.7086482970297
2248 0.70871305940594
2250 0.70872027722772
2261 0.70873383168317
2264 0.70876247524752
2269 0.70878818811881
2274 0.70879444554455
2276 0.70881506930693
2282 0.7088253960396
2284 0.7088298019802
2294 0.70883068316832
2295 0.70883084158416
2303 0.70886431683168
2309 0.7088911980198
2312 0.70891259405941
2313 0.70892273267327
2315 0.70893966336634
2319 0.70894395049505
2325 0.70894434653465
2326 0.70894831683168
2340 0.70896536633663
2342 0.70896976237624
2370 0.70897094059406
2373 0.70899120792079
2379 0.70899449504951
2382 0.70900393069307
2402 0.70900872277228
2404 0.70901774257426
2406 0.70902393069307
2408 0.70903916831683
2424 0.7090617029703
2427 0.70908832673267
2440 0.70909984158416
2446 0.70910888118812
2448 0.70911281188119
2465 0.70913158415842
2474 0.70914296039604
2483 0.70915207920792
2492 0.70916075247525
2510 0.70916749504951
2511 0.70916807920792
2513 0.70918546534653
2519 0.70918549504951
2522 0.70920744554455
2531 0.70922015841584
2547 0.70924218811881
2570 0.70924800990099
2587 0.7092500990099
2592 0.70925572277228
2597 0.70925712871287
2627 0.70927563366337
2633 0.70927595049505
2660 0.70927849504951
2672 0.70928898019802
2687 0.7092966039604
2692 0.70929799009901
2709 0.70932227722772
2715 0.70932953465347
2725 0.70935701980198
2758 0.70936176237624
2766 0.70936756435644
2772 0.70937940594059
2774 0.70938092079208
2802 0.70941195049505
2811 0.70942313861386
2870 0.70942417821782
2880 0.70943503960396
2933 0.70946155445545
2970 0.70946973267327
3024 0.70947007920792
3222 0.70947153465347
