0 0.512451
2 0.517768
5 0.520093
6 0.523045
10 0.525312
12 0.526974
13 0.530901
15 0.536501
18 0.542253
21 0.546031
23 0.553115
24 0.557203
25 0.560616
27 0.56155
33 0.565687
36 0.566553
37 0.567925
49 0.570937
51 0.571143
55 0.572647
57 0.574237
64 0.57562
68 0.578734
70 0.580661
76 0.584598
79 0.585153
82 0.586155
84 0.586778
90 0.590429
92 0.590828
94 0.592382
96 0.595795
103 0.600346
120 0.600841
124 0.600881
125 0.602829
136 0.605145
147 0.607209
164 0.60784
166 0.607899
172 0.612004
186 0.614493
193 0.619624
196 0.6213
201 0.623823
202 0.625429
209 0.630489
217 0.640185
221 0.640398
226 0.642027
231 0.644007
243 0.645504
257 0.649054
270 0.651766
271 0.652022
282 0.654255
284 0.661986
295 0.662314
299 0.664955
306 0.666276
312 0.669585
335 0.677827
338 0.680489
369 0.681994
387 0.682095
419 0.684438
513 0.685698
536 0.690137
561 0.691002
575 0.691262
608 0.694822
610 0.696924
622 0.701072
659 0.702704
719 0.704403
767 0.709265
798 0.711702
931 0.712276
968 0.712869
1135 0.713747
1220 0.715525
1388 0.716482
1397 0.717084
