0 0.507747
1 0.511514
3 0.51535
5 0.516652
6 0.516872
7 0.519752
9 0.524085
10 0.527412
13 0.527853
15 0.530116
17 0.534419
18 0.538296
21 0.543177
22 0.54803
28 0.549056
29 0.555725
30 0.564005
34 0.570612
35 0.57755
39 0.57998
41 0.581715
42 0.582421
52 0.583308
56 0.585644
60 0.588777
62 0.591174
64 0.592292
65 0.594634
67 0.594817
68 0.595469
78 0.595635
101 0.601529
108 0.601765
112 0.601905
113 0.603751
124 0.605204
125 0.607459
127 0.610809
130 0.611388
131 0.614919
153 0.61523
157 0.615642
158 0.616568
159 0.616637
163 0.617088
169 0.620303
172 0.621094
174 0.622488
177 0.623125
178 0.623209
179 0.627178
185 0.627236
188 0.629851
194 0.63068
195 0.63098
197 0.634209
219 0.634583
220 0.634657
226 0.636261
228 0.636374
235 0.638614
246 0.640192
248 0.64059
252 0.642427
254 0.64326
258 0.644409
262 0.645964
276 0.656576
278 0.656768
280 0.657248
281 0.657282
286 0.659541
295 0.660912
302 0.662347
310 0.664166
313 0.667624
318 0.670981
321 0.671119
355 0.672349
395 0.674555
400 0.676124
403 0.67676
412 0.677536
436 0.680729
443 0.681399
456 0.68188
473 0.683901
484 0.68486
530 0.686375
543 0.686498
562 0.68719
565 0.689374
583 0.690579
609 0.691389
634 0.697137
655 0.697795
685 0.698889
720 0.700631
753 0.701031
767 0.70271
787 0.703251
907 0.705441
951 0.706652
1116 0.706829
1174 0.707186
1217 0.70719
1338 0.707867
