0 0.496409
2 0.502502
3 0.506994
4 0.515507
7 0.516778
9 0.517202
10 0.519394
11 0.520744
12 0.52185
14 0.52407
15 0.530014
18 0.530987
19 0.536692
21 0.540407
23 0.542712
24 0.544366
30 0.5559
32 0.557246
33 0.563837
38 0.570223
39 0.575036
41 0.576604
46 0.583191
52 0.583736
53 0.589342
58 0.592672
65 0.592944
66 0.596806
69 0.603973
72 0.604068
88 0.607279
90 0.608932
93 0.614713
95 0.616765
96 0.617647
103 0.621668
107 0.621879
111 0.622271
114 0.622808
119 0.62313
120 0.623163
128 0.624474
129 0.627291
139 0.631237
143 0.632473
146 0.640693
147 0.64337
150 0.644437
154 0.646355
174 0.648158
177 0.650235
182 0.652478
204 0.654957
210 0.656221
214 0.656572
231 0.658367
234 0.658621
238 0.660894
239 0.661298
250 0.662389
254 0.662536
260 0.666323
267 0.667234
278 0.670188
283 0.672102
331 0.672469
378 0.674777
389 0.675679
408 0.677344
412 0.678321
434 0.678933
451 0.679256
560 0.681089
564 0.681282
568 0.683303
571 0.686417
588 0.689138
592 0.691848
677 0.694181
681 0.695441
689 0.696327
805 0.697157
839 0.701045
894 0.70344
914 0.70703
1061 0.707213
1085 0.708647
1135 0.711
1246 0.711978
1476 0.712454
