0 0.515495
2 0.515513
3 0.51794
4 0.518227
5 0.520946
6 0.53444
8 0.536451
10 0.53735
13 0.544108
17 0.545722
19 0.547573
20 0.553204
21 0.554405
22 0.558781
26 0.559306
33 0.566945
36 0.567847
45 0.571574
47 0.571824
54 0.579898
55 0.58226
57 0.584558
59 0.592272
63 0.594333
67 0.595769
71 0.596647
86 0.597026
89 0.597749
91 0.604415
93 0.604742
94 0.606838
110 0.611415
119 0.612469
128 0.614075
129 0.614816
139 0.616941
143 0.617918
149 0.619248
151 0.623769
161 0.624211
162 0.625439
171 0.625512
189 0.627581
213 0.628209
222 0.630089
224 0.631657
263 0.631733
271 0.636883
286 0.642713
297 0.643174
301 0.644766
313 0.647205
317 0.64756
318 0.647747
340 0.648696
344 0.651866
348 0.653215
378 0.653477
384 0.653775
424 0.654034
425 0.654519
432 0.655636
437 0.655709
438 0.65758
440 0.659731
476 0.660476
479 0.663272
485 0.664643
506 0.66803
515 0.66805
528 0.669966
540 0.671249
544 0.672842
582 0.674816
592 0.680312
605 0.680334
611 0.685199
617 0.687844
621 0.688316
691 0.692498
696 0.695596
705 0.698073
737 0.698811
768 0.699223
983 0.699716
