0 0.488654
3 0.494039
6 0.503046
9 0.505551
10 0.513887
11 0.516399
15 0.52034
16 0.524558
20 0.52762
23 0.528141
24 0.532224
29 0.537164
30 0.540412
36 0.541102
39 0.546724
41 0.552676
43 0.553139
48 0.55682
50 0.563529
55 0.566446
62 0.566481
65 0.567189
67 0.568793
69 0.577912
70 0.582882
74 0.584421
78 0.584621
83 0.588965
84 0.594837
96 0.598134
106 0.598519
110 0.602082
114 0.602214
116 0.604619
121 0.606633
122 0.607381
124 0.611539
128 0.612799
131 0.614183
134 0.616091
135 0.620351
137 0.62175
144 0.624413
145 0.626112
153 0.62657
170 0.63034
172 0.633535
186 0.635167
214 0.637322
221 0.639052
231 0.639168
237 0.645837
242 0.650267
269 0.652861
284 0.655268
297 0.657861
309 0.658762
312 0.659644
325 0.661278
327 0.661775
334 0.663751
378 0.665093
380 0.667576
384 0.670713
389 0.671643
404 0.672874
430 0.673477
431 0.674198
492 0.676205
530 0.677855
545 0.67928
586 0.681718
595 0.681746
612 0.683529
631 0.68748
633 0.687492
675 0.689653
707 0.692232
723 0.692333
767 0.694336
770 0.696007
825 0.698371
869 0.701339
1051 0.705686
1166 0.705788
1233 0.714255
