0 0.479501
2 0.480195
3 0.484736
4 0.493309
5 0.4979
8 0.503401
10 0.508216
13 0.516171
14 0.517247
15 0.518106
17 0.518128
18 0.518133
19 0.522972
20 0.52539
21 0.525437
22 0.529211
23 0.530146
26 0.530193
27 0.534099
28 0.536871
30 0.538852
33 0.539562
36 0.540659
37 0.544681
39 0.550894
42 0.551498
44 0.552388
48 0.55325
53 0.553796
57 0.557081
59 0.561099
61 0.563768
62 0.564323
71 0.567868
72 0.572702
76 0.576014
80 0.578782
81 0.579641
91 0.580843
94 0.587163
97 0.588871
98 0.594155
99 0.595433
108 0.595764
112 0.598043
114 0.599277
117 0.604956
120 0.606334
122 0.612053
126 0.616069
137 0.617722
150 0.621518
156 0.627222
160 0.628421
161 0.633463
168 0.635783
169 0.639302
176 0.640952
178 0.64364
188 0.643952
199 0.649881
201 0.652121
218 0.652144
220 0.652612
238 0.657918
269 0.659555
271 0.664547
288 0.665003
302 0.665163
331 0.665288
347 0.665595
354 0.67134
368 0.671688
369 0.672709
375 0.676075
404 0.680877
408 0.681233
426 0.68198
435 0.682815
483 0.683324
520 0.684081
521 0.684319
533 0.684344
556 0.685332
562 0.686448
584 0.689459
670 0.690524
787 0.69258
818 0.694216
866 0.694818
937 0.695505
993 0.695786
1017 0.698094
1122 0.698392
1266 0.698668
1360 0.69979
1370 0.699859
1470 0.699945
1512 0.700068
1716 0.700317
1727 0.701625
1743 0.702424
1905 0.703475
2159 0.704368
2195 0.704387
2248 0.707041
2294 0.70713
2319 0.707563
2325 0.707603
2402 0.708087
2440 0.70925
2446 0.710163
2465 0.712059
2492 0.712935
2570 0.713523
2597 0.713665
2758 0.714144
2766 0.71473
2802 0.717864
2811 0.718994
2870 0.719099
2970 0.719925
