0 0.495432
2 0.497293
6 0.505893
7 0.513125
10 0.51954
11 0.525852
12 0.5355
13 0.53658
14 0.54339
16 0.545138
20 0.547461
21 0.551447
23 0.554216
24 0.554441
27 0.554476
38 0.556185
46 0.55652
49 0.558492
56 0.560492
60 0.565352
66 0.569648
69 0.57325
72 0.576282
75 0.577438
76 0.578797
77 0.580241
78 0.586297
89 0.586845
91 0.587872
100 0.595611
101 0.602075
102 0.605231
103 0.607467
117 0.611186
125 0.614188
129 0.614558
148 0.620835
153 0.622115
161 0.622905
188 0.625566
194 0.625781
224 0.62641
227 0.629815
261 0.630077
266 0.636415
277 0.637282
281 0.638734
293 0.64249
296 0.642647
334 0.643596
349 0.645926
361 0.652164
367 0.652957
378 0.655652
379 0.656149
390 0.657562
406 0.661106
426 0.663674
430 0.665061
459 0.665083
465 0.667888
469 0.669788
473 0.671466
547 0.671653
563 0.679164
577 0.680568
579 0.683114
600 0.685283
619 0.686371
637 0.692254
655 0.692277
704 0.692979
706 0.696564
720 0.699326
746 0.701316
844 0.704955
845 0.705155
897 0.705303
971 0.706945
1004 0.707239
1087 0.708631
1161 0.70899
1346 0.710171
1477 0.710296
1493 0.710555
1730 0.714032
1858 0.714084
1863 0.714553
2014 0.71787
2024 0.717913
2055 0.719019
2141 0.719793
2276 0.721126
2370 0.721245
