0 0.485218
2 0.492362
3 0.497327
4 0.50238
7 0.50702
9 0.508837
10 0.513281
13 0.513394
17 0.520028
19 0.522381
20 0.528182
23 0.529226
24 0.532748
28 0.537238
29 0.540831
32 0.541351
35 0.543822
36 0.54991
43 0.552351
46 0.558627
51 0.559467
52 0.56656
60 0.566611
66 0.56871
67 0.570911
70 0.575331
73 0.575674
77 0.576219
81 0.578372
83 0.581991
88 0.582661
98 0.585912
105 0.588262
106 0.589353
107 0.589642
115 0.59102
116 0.591104
121 0.594098
136 0.596317
142 0.596319
143 0.596995
150 0.597515
157 0.598582
159 0.601272
164 0.603349
166 0.605733
170 0.612754
171 0.613853
182 0.61407
184 0.61419
186 0.625577
196 0.627355
208 0.627921
211 0.628824
221 0.629323
240 0.632062
245 0.634894
249 0.640161
260 0.647206
270 0.651938
281 0.653843
293 0.658572
294 0.659632
295 0.660573
300 0.663889
329 0.666003
337 0.66795
345 0.669758
401 0.669905
431 0.672149
438 0.676739
474 0.677184
480 0.678344
493 0.68174
541 0.687479
551 0.68798
556 0.694464
584 0.70123
617 0.701679
657 0.703878
749 0.70434
840 0.705378
841 0.708469
882 0.708714
1021 0.710443
1134 0.711356
1283 0.711711
1352 0.712555
1370 0.713373
1435 0.713662
1466 0.714416
1480 0.71571
1504 0.72172
