0 0.510505
1 0.514524
3 0.515002
4 0.518347
7 0.520117
9 0.527208
10 0.534126
11 0.53673
15 0.540593
16 0.541972
18 0.547011
27 0.55084
28 0.55303
29 0.55518
31 0.559945
35 0.563749
36 0.565364
40 0.565791
45 0.566226
52 0.566751
56 0.569175
59 0.573669
67 0.574553
68 0.575993
75 0.577764
76 0.578832
77 0.58197
78 0.583915
86 0.585225
87 0.586811
92 0.591452
94 0.597695
99 0.599597
102 0.600578
118 0.601482
119 0.603115
122 0.603214
126 0.603899
130 0.604336
131 0.607438
135 0.612708
136 0.617717
168 0.620146
170 0.626532
181 0.630947
190 0.633253
194 0.633629
201 0.635733
213 0.63758
256 0.640015
275 0.643978
278 0.646631
279 0.649717
284 0.650091
285 0.65159
290 0.652715
294 0.655324
307 0.659221
310 0.660085
321 0.663416
342 0.667295
349 0.674401
354 0.676257
356 0.679168
360 0.680284
368 0.680405
374 0.682353
378 0.684537
380 0.688281
391 0.692661
394 0.696974
424 0.697938
474 0.698356
522 0.698671
542 0.699328
551 0.700745
554 0.701444
555 0.702359
566 0.707495
663 0.709401
696 0.712207
917 0.713307
1171 0.716125
