0 0.447445
1 0.455593
2 0.457282
4 0.460463
6 0.475517
7 0.480096
9 0.48312
10 0.485551
11 0.490411
13 0.499313
14 0.499964
16 0.512606
17 0.513673
18 0.516114
19 0.526494
20 0.530428
21 0.531191
23 0.53582
24 0.539849
26 0.540824
27 0.547502
30 0.557233
33 0.562611
37 0.563301
38 0.56829
40 0.572789
43 0.581204
50 0.582673
51 0.583193
52 0.586204
55 0.58674
59 0.592142
63 0.594445
77 0.599039
91 0.60091
93 0.60988
104 0.610558
107 0.611699
121 0.620801
125 0.62422
127 0.626719
134 0.629061
182 0.629383
198 0.629645
227 0.63245
251 0.633516
263 0.634331
269 0.635455
275 0.635836
282 0.637114
284 0.640511
307 0.640856
325 0.64189
352 0.644895
368 0.645403
393 0.648366
401 0.649443
408 0.65158
410 0.653424
423 0.656679
439 0.66381
441 0.665957
462 0.666066
486 0.667373
520 0.668568
534 0.669338
540 0.6696
546 0.674384
550 0.676166
624 0.676917
630 0.679325
640 0.679513
645 0.683565
679 0.686923
695 0.691792
720 0.69313
800 0.693445
807 0.694079
811 0.695814
815 0.698727
823 0.700163
833 0.701531
845 0.703337
958 0.70405
1001 0.705624
1130 0.706226
1196 0.707396
1288 0.707889
1289 0.713824
1352 0.717138
1531 0.718116
1545 0.72262
1674 0.723563
