0 0.499239
2 0.500387
4 0.502501
7 0.510854
11 0.512639
12 0.518475
14 0.518576
15 0.518679
19 0.522655
20 0.528098
23 0.529862
26 0.531414
29 0.532527
32 0.535637
35 0.539205
41 0.539486
45 0.539658
48 0.540906
54 0.543397
55 0.546385
57 0.549041
59 0.550126
61 0.552049
62 0.555042
63 0.555779
68 0.559718
70 0.56124
76 0.562943
78 0.564606
79 0.565692
81 0.569345
82 0.571987
83 0.572594
89 0.576165
98 0.580927
100 0.583807
103 0.586715
106 0.58942
112 0.590043
113 0.593431
115 0.596473
117 0.60133
119 0.601679
120 0.603273
128 0.607974
141 0.609094
145 0.61031
149 0.613151
153 0.614198
158 0.615594
173 0.617048
179 0.623941
180 0.624394
186 0.624686
190 0.625777
193 0.625978
197 0.628002
218 0.634639
257 0.635093
276 0.636086
285 0.636683
294 0.637136
304 0.637834
306 0.64607
314 0.647169
326 0.64723
343 0.650964
346 0.651382
369 0.651429
387 0.654268
398 0.654876
399 0.656054
413 0.659022
421 0.659212
438 0.659701
454 0.667152
460 0.668741
464 0.675026
487 0.677425
488 0.677759
505 0.678735
515 0.68162
522 0.682937
524 0.683298
525 0.684751
533 0.685825
541 0.686885
545 0.689371
573 0.689693
598 0.690973
620 0.691455
670 0.693583
695 0.693585
706 0.694384
726 0.694592
732 0.695247
738 0.697149
769 0.697475
777 0.700684
790 0.701967
804 0.703362
835 0.704727
860 0.705068
930 0.708088
1059 0.709878
1155 0.710232
1161 0.711019
1237 0.711535
1267 0.713718
1465 0.715713
1677 0.716416
1840 0.717062
1879 0.718405
1955 0.719381
2011 0.719674
2248 0.723561
2342 0.724005
2522 0.726222
