0 0.497631
5 0.502243
7 0.502411
8 0.50621
9 0.508683
12 0.513898
16 0.516103
17 0.517515
20 0.518181
21 0.520871
26 0.531853
27 0.533765
29 0.541345
32 0.545025
35 0.550274
36 0.551412
38 0.556168
41 0.559526
42 0.564776
44 0.566348
45 0.570461
48 0.57103
49 0.573544
62 0.5758
66 0.582546
73 0.583108
77 0.583903
81 0.586122
83 0.590328
91 0.592808
99 0.59396
110 0.598247
114 0.602819
118 0.609739
127 0.612242
128 0.614174
132 0.615267
138 0.620174
143 0.620648
145 0.625337
149 0.625569
162 0.626194
167 0.626257
168 0.626926
180 0.633805
201 0.634288
209 0.634785
212 0.635492
213 0.638107
237 0.639191
258 0.641271
260 0.644154
269 0.645923
278 0.645969
307 0.650723
317 0.653532
321 0.655628
322 0.656134
342 0.656252
350 0.656457
353 0.657189
357 0.65799
365 0.658834
382 0.659194
387 0.660554
399 0.661552
406 0.662614
413 0.664438
441 0.664714
444 0.672069
453 0.672974
503 0.674223
566 0.674353
571 0.675568
617 0.677378
622 0.677675
627 0.678265
667 0.679305
702 0.679373
725 0.68005
744 0.680428
771 0.680593
788 0.681607
826 0.681964
837 0.682354
839 0.682538
893 0.684019
908 0.684786
916 0.685312
946 0.687399
1010 0.688211
1016 0.689567
1033 0.689703
1034 0.690113
1102 0.690242
1109 0.691638
1138 0.691795
1140 0.692549
1143 0.693881
1242 0.695904
1259 0.696375
1449 0.698893
1481 0.700019
1526 0.700239
1611 0.70064
1704 0.700872
1776 0.701189
1826 0.701566
1895 0.703037
1958 0.70554
1998 0.706881
