0 0.48315
3 0.490693
5 0.491933
7 0.497581
10 0.498284
12 0.498744
13 0.502826
15 0.509012
16 0.509917
18 0.515056
22 0.524288
24 0.528759
25 0.536927
26 0.5396
27 0.540282
29 0.54581
31 0.550063
37 0.5502
38 0.563927
44 0.565001
46 0.566278
48 0.567012
49 0.570992
50 0.571192
58 0.581266
69 0.591425
70 0.594023
75 0.597879
87 0.59933
88 0.602654
93 0.60933
99 0.610344
109 0.610651
113 0.611591
116 0.614227
117 0.615568
125 0.618248
127 0.619102
137 0.621951
140 0.623332
144 0.625494
150 0.626589
154 0.62707
164 0.631707
171 0.633402
173 0.634059
174 0.634799
175 0.634916
187 0.639977
205 0.641212
208 0.64365
213 0.646263
226 0.648012
229 0.648917
230 0.650108
231 0.65229
237 0.652882
248 0.655977
266 0.656223
279 0.661154
286 0.661214
296 0.662208
300 0.663356
306 0.665294
337 0.665958
346 0.668102
351 0.67162
376 0.673186
402 0.67711
413 0.677635
466 0.677841
566 0.680055
605 0.680433
627 0.683595
661 0.683895
692 0.685149
823 0.688212
1020 0.688767
1103 0.689659
1338 0.690305
1421 0.690628
1481 0.690715
1493 0.695658
1510 0.695688
1601 0.696239
1794 0.698826
