0 0.498912
4 0.499521
5 0.500888
6 0.501408
7 0.50251
10 0.520125
11 0.521448
13 0.522354
15 0.522909
18 0.530758
19 0.531595
21 0.533586
25 0.550025
26 0.552686
33 0.556314
35 0.55764
36 0.559482
38 0.561532
40 0.566659
48 0.568961
51 0.572888
52 0.57446
63 0.575407
65 0.575571
70 0.575892
82 0.575993
103 0.576537
104 0.577748
108 0.580376
109 0.581636
120 0.581973
127 0.592479
131 0.592755
135 0.595077
137 0.598262
142 0.600396
145 0.603357
151 0.606194
154 0.60701
155 0.608904
160 0.611482
162 0.617728
167 0.619861
173 0.622044
180 0.625011
190 0.627539
200 0.628226
210 0.629494
218 0.630649
220 0.63387
250 0.640026
252 0.640944
254 0.642358
255 0.642856
276 0.646696
278 0.654104
290 0.663715
291 0.664785
293 0.666419
310 0.667301
311 0.667391
330 0.669381
336 0.67009
347 0.67026
364 0.676945
387 0.677448
394 0.678014
416 0.681807
420 0.687956
432 0.68966
434 0.689741
442 0.691038
459 0.692604
471 0.693498
482 0.698298
488 0.700254
508 0.70061
539 0.702258
591 0.702587
612 0.710223
767 0.711978
851 0.712464
941 0.712915
994 0.713158
1088 0.7139
1103 0.713981
1135 0.714904
1242 0.715186
1361 0.716269
1376 0.717194
1403 0.717324
1480 0.718516
1727 0.719679
1798 0.721159
1867 0.722673
1937 0.724011
1950 0.724823
2143 0.724953
