0 0.481656
1 0.484476
3 0.484926
4 0.48627
5 0.49373
8 0.498433
13 0.50101
17 0.503119
19 0.512836
20 0.517193
22 0.517853
23 0.522459
26 0.528788
27 0.529565
32 0.531624
33 0.533237
34 0.534965
35 0.535271
36 0.539384
38 0.540287
39 0.541463
42 0.541638
43 0.545999
47 0.548724
51 0.548997
54 0.551855
55 0.553276
58 0.558108
66 0.565285
69 0.57011
71 0.5707
72 0.574772
77 0.577739
86 0.580901
88 0.584648
94 0.586362
102 0.586571
104 0.594334
105 0.597804
111 0.600883
113 0.601418
114 0.602315
119 0.608054
131 0.609481
132 0.613191
141 0.614937
146 0.615713
174 0.62277
185 0.628636
190 0.628976
195 0.630749
205 0.632664
208 0.633853
215 0.634965
224 0.639728
225 0.64029
226 0.640715
232 0.6433
234 0.64543
249 0.646565
250 0.646615
259 0.647204
265 0.648769
275 0.653368
279 0.654485
305 0.654961
317 0.657169
330 0.657999
353 0.65855
414 0.658854
417 0.660865
427 0.664593
432 0.664874
438 0.665417
448 0.666275
459 0.666758
469 0.667293
476 0.667472
478 0.667938
484 0.667952
512 0.668893
513 0.670314
530 0.671053
542 0.674944
563 0.674946
579 0.679728
589 0.680356
607 0.681945
638 0.682088
643 0.682671
661 0.686218
677 0.688221
681 0.69291
686 0.693058
689 0.697086
701 0.698839
717 0.699761
764 0.701236
795 0.7025
796 0.702755
820 0.704809
823 0.707295
869 0.708727
873 0.708969
875 0.709832
882 0.709867
887 0.711821
894 0.713402
896 0.714657
909 0.71671
924 0.717303
949 0.718278
954 0.72226
977 0.727718
1008 0.729138
1235 0.730888
1331 0.732868
1360 0.734603
1448 0.735764
