0 0.483406
1 0.488107
5 0.489458
6 0.492534
8 0.50112
13 0.503172
17 0.505683
22 0.507947
23 0.514853
24 0.515324
25 0.521498
26 0.524915
28 0.531052
31 0.53147
35 0.533021
36 0.53306
38 0.541147
45 0.547072
48 0.547145
51 0.550214
52 0.551302
54 0.558476
56 0.558941
63 0.560135
65 0.562931
76 0.563469
78 0.574629
79 0.576589
87 0.579777
89 0.581604
91 0.587198
102 0.592181
106 0.592977
114 0.594872
122 0.603955
123 0.611881
134 0.61387
143 0.618242
145 0.619534
150 0.619556
157 0.621119
159 0.624407
168 0.626835
172 0.629135
179 0.632016
187 0.632078
197 0.636073
198 0.636923
209 0.637061
214 0.637123
215 0.637663
220 0.637885
232 0.638696
233 0.644391
235 0.647021
249 0.649869
262 0.65134
272 0.652278
277 0.654008
288 0.654552
300 0.657852
317 0.661075
324 0.664283
331 0.665028
353 0.668774
368 0.674081
376 0.675725
382 0.677454
389 0.678757
400 0.679741
408 0.679958
424 0.680185
452 0.680272
486 0.680336
494 0.680467
508 0.683745
510 0.686037
518 0.686249
547 0.6889
573 0.693743
577 0.696547
620 0.697378
621 0.699928
657 0.702486
680 0.70396
737 0.710099
757 0.711007
776 0.712388
808 0.713586
944 0.713597
953 0.716954
979 0.717234
1158 0.717541
1230 0.71979
1270 0.720637
