0 0.479111
1 0.48005
4 0.487404
5 0.497397
6 0.498259
8 0.503456
10 0.506096
11 0.508056
13 0.508201
17 0.51019
18 0.512501
20 0.516416
21 0.516484
22 0.516606
23 0.520286
25 0.527006
26 0.532071
28 0.533274
31 0.536394
33 0.540665
39 0.546809
41 0.549325
43 0.551305
47 0.551463
51 0.556752
56 0.563435
62 0.566802
67 0.569762
70 0.569877
72 0.578355
80 0.578909
88 0.580351
91 0.586259
100 0.58702
104 0.588102
108 0.589726
115 0.591595
120 0.594997
126 0.597865
129 0.60079
132 0.601584
134 0.604574
135 0.605774
143 0.606202
146 0.610364
153 0.611262
165 0.614154
169 0.615497
179 0.620688
186 0.625588
188 0.630797
194 0.631201
196 0.631753
204 0.632503
215 0.635554
227 0.637699
234 0.638523
244 0.641789
247 0.642046
250 0.646245
258 0.650628
283 0.650955
286 0.652139
292 0.65681
306 0.65798
314 0.659001
319 0.659664
321 0.663806
342 0.664979
370 0.666022
377 0.666072
401 0.667014
404 0.667015
422 0.668306
437 0.669515
441 0.67193
521 0.676836
548 0.680117
558 0.680712
567 0.680805
665 0.684474
748 0.685412
780 0.687601
806 0.688677
807 0.689858
857 0.692012
872 0.692826
912 0.694259
915 0.695136
949 0.695521
975 0.696718
994 0.697043
1112 0.699713
1167 0.699856
1193 0.699916
1212 0.700069
1314 0.701104
1385 0.701957
1477 0.702356
1642 0.702759
1785 0.704309
1903 0.704403
1942 0.705854
2006 0.707266
2026 0.708091
2065 0.709748
2120 0.711874
2200 0.71202
2247 0.713955
2408 0.715494
2511 0.715553
2547 0.717778
2633 0.71781
2725 0.720586
2880 0.721683
3024 0.721718
3222 0.721865
