0 0.495471
3 0.504761
4 0.509433
5 0.512672
7 0.519749
10 0.523661
11 0.528214
13 0.530454
19 0.531425
22 0.53278
23 0.53375
25 0.539947
26 0.54047
28 0.544568
33 0.546986
34 0.551102
41 0.558816
43 0.560545
44 0.562361
49 0.563684
53 0.565274
56 0.568573
59 0.569105
61 0.569616
71 0.569976
72 0.573777
76 0.580599
77 0.58295
79 0.583115
83 0.584672
86 0.589526
87 0.594224
88 0.598314
91 0.604148
94 0.607855
98 0.609681
99 0.611715
132 0.61182
135 0.61281
136 0.614462
141 0.619236
148 0.624741
153 0.625818
160 0.627281
161 0.627526
177 0.632888
197 0.632915
201 0.638108
202 0.641174
203 0.64363
206 0.644166
216 0.644724
217 0.650462
219 0.653718
237 0.654001
256 0.656482
258 0.660007
272 0.660065
279 0.661133
293 0.661457
299 0.663762
313 0.664209
325 0.664345
341 0.666042
362 0.666358
379 0.668228
410 0.669906
415 0.670749
434 0.672884
468 0.676627
531 0.681558
561 0.681618
590 0.685072
632 0.688997
682 0.690434
696 0.692106
704 0.693953
724 0.694545
735 0.697125
736 0.69814
811 0.698232
831 0.701363
845 0.703081
891 0.704091
893 0.70569
895 0.705782
960 0.707288
999 0.709823
1004 0.711097
1061 0.711289
1086 0.714815
1092 0.714846
1153 0.717081
1206 0.718707
1207 0.720668
1221 0.720938
1222 0.723031
1248 0.723581
1255 0.724123
1429 0.724546
1499 0.725929
1661 0.726626
1697 0.730965
1871 0.73097
1890 0.73102
