0 0.531519
4 0.534744
9 0.536156
11 0.538542
12 0.544036
13 0.54764
15 0.553553
18 0.55645
21 0.558051
23 0.561688
32 0.562354
33 0.56477
34 0.565149
36 0.56521
40 0.565259
41 0.565954
45 0.572635
46 0.573433
47 0.575392
49 0.583728
51 0.589413
54 0.598982
59 0.601205
61 0.601583
64 0.602745
65 0.606299
67 0.611926
77 0.61226
90 0.617008
93 0.617186
103 0.621389
113 0.626577
115 0.627932
119 0.62971
121 0.630057
124 0.634116
128 0.635908
137 0.639825
142 0.642483
147 0.646346
156 0.646918
160 0.648232
172 0.649089
179 0.654127
197 0.654659
208 0.655867
216 0.656287
223 0.660134
229 0.661939
239 0.663029
240 0.66615
242 0.667407
245 0.669558
261 0.669561
273 0.671204
305 0.674298
323 0.676773
331 0.678226
385 0.678731
426 0.680554
430 0.681583
432 0.683323
443 0.683659
454 0.683876
456 0.6843
473 0.685028
476 0.686793
489 0.688751
498 0.689361
504 0.691015
534 0.691909
539 0.694526
548 0.69846
667 0.701854
673 0.702752
723 0.702945
746 0.702969
799 0.703734
878 0.704254
924 0.704285
931 0.705327
973 0.707681
1005 0.70787
1042 0.70881
1170 0.711952
1265 0.713802
1377 0.715705
1392 0.719619
1399 0.719994
1455 0.7203
1475 0.72083
1478 0.721654
1512 0.725364
1573 0.728061
1583 0.730056
1678 0.730741
1702 0.735542
1795 0.735702
