0 0.498719
1 0.505948
3 0.508248
6 0.518294
7 0.519025
8 0.519522
10 0.526148
11 0.526195
16 0.526598
17 0.531369
18 0.531539
20 0.535979
23 0.536728
27 0.53834
30 0.53999
31 0.542271
32 0.549789
37 0.549828
38 0.552813
40 0.555116
41 0.557554
43 0.558413
47 0.559191
48 0.559846
51 0.559887
54 0.560619
61 0.561298
62 0.561679
67 0.565829
69 0.569198
74 0.579561
89 0.579934
93 0.583077
94 0.585977
96 0.588276
98 0.588542
110 0.595336
117 0.600814
119 0.603373
122 0.606033
134 0.608346
139 0.615218
165 0.616946
173 0.626177
174 0.626948
187 0.629988
190 0.636107
192 0.640701
194 0.65231
197 0.654296
212 0.655786
233 0.65628
238 0.658897
239 0.663358
240 0.665511
272 0.665709
304 0.669661
316 0.669671
319 0.673261
337 0.674127
370 0.675138
377 0.68005
412 0.685224
420 0.686179
446 0.686356
458 0.689712
474 0.691611
482 0.69483
494 0.698525
576 0.699333
615 0.700145
666 0.701732
716 0.702023
811 0.702795
912 0.703309
941 0.704897
953 0.705001
988 0.707729
1028 0.707967
1164 0.708139
1165 0.708345
1186 0.708773
1198 0.710199
1262 0.711639
1300 0.717546
1320 0.71801
1370 0.721154
1390 0.722072
1414 0.725389
1441 0.725475
1468 0.725547
1477 0.727031
1563 0.727053
1640 0.727082
1682 0.727259
1765 0.729568
1821 0.730744
