0 0.505819
2 0.509433
3 0.510304
5 0.51808
12 0.520222
18 0.526176
19 0.526764
20 0.530401
27 0.537803
30 0.540214
32 0.544809
34 0.547917
38 0.549483
39 0.550672
45 0.554216
47 0.555407
49 0.558332
53 0.563531
56 0.567214
60 0.569354
63 0.5709
64 0.571036
68 0.577172
70 0.578749
82 0.579372
87 0.583188
95 0.583521
98 0.586728
103 0.588236
104 0.59153
105 0.592314
110 0.593836
114 0.599434
115 0.600347
118 0.60063
120 0.601968
121 0.603485
131 0.613548
136 0.615642
139 0.616104
140 0.616819
147 0.618802
154 0.620378
155 0.620385
160 0.620879
161 0.622472
166 0.625898
179 0.62865
181 0.629346
185 0.63388
188 0.635387
196 0.636342
209 0.637257
210 0.637455
211 0.639269
215 0.64203
222 0.643318
224 0.645686
242 0.648485
276 0.651108
290 0.653031
291 0.654909
297 0.656186
323 0.658756
351 0.661009
356 0.664359
366 0.664466
367 0.665033
371 0.667547
383 0.668432
394 0.673165
429 0.675411
450 0.676388
486 0.676846
495 0.680473
499 0.682195
549 0.686027
577 0.68652
622 0.689503
638 0.68953
770 0.6901
791 0.69408
1031 0.694747
