0 0.499777
2 0.502701
6 0.507814
9 0.50883
13 0.518009
18 0.518748
21 0.523495
23 0.527638
24 0.529029
25 0.530211
26 0.537964
28 0.543317
29 0.552658
30 0.553914
33 0.55691
35 0.557795
37 0.564479
39 0.56531
51 0.572802
58 0.573931
59 0.577936
75 0.578341
79 0.580478
83 0.584213
89 0.584855
91 0.588011
102 0.589178
111 0.591624
112 0.593475
117 0.595972
122 0.597249
126 0.597711
127 0.598231
132 0.599118
134 0.609066
143 0.609386
159 0.609763
162 0.612853
179 0.613027
180 0.618224
182 0.620822
194 0.623767
201 0.625365
203 0.626971
214 0.628731
215 0.62982
235 0.632049
241 0.634103
245 0.63579
253 0.638491
256 0.643503
262 0.645223
263 0.64678
274 0.651176
285 0.651338
296 0.651858
299 0.651885
300 0.652304
305 0.6534
325 0.654178
326 0.658861
369 0.659304
389 0.660544
400 0.663056
411 0.663238
416 0.665144
430 0.668574
441 0.672201
446 0.673784
447 0.674028
463 0.675104
465 0.67649
489 0.678074
500 0.678223
501 0.681172
548 0.685634
567 0.689672
609 0.690393
617 0.690895
621 0.691929
624 0.698716
637 0.699013
678 0.701035
691 0.70322
697 0.704474
776 0.705801
786 0.706622
795 0.710117
810 0.712438
825 0.71589
913 0.717032
997 0.720805
1034 0.721202
