0 0.524678
4 0.533316
5 0.534816
6 0.548864
8 0.558395
11 0.558573
13 0.558684
15 0.561176
16 0.562737
21 0.566892
27 0.569389
29 0.571921
32 0.573575
36 0.580275
37 0.582199
39 0.585425
43 0.585943
46 0.592236
47 0.595121
52 0.596035
55 0.601076
66 0.606189
71 0.608594
72 0.612502
79 0.614179
81 0.615011
84 0.615414
87 0.618908
97 0.62084
106 0.623716
107 0.625585
109 0.625802
110 0.627347
126 0.629364
131 0.630254
133 0.630753
149 0.631388
158 0.634644
159 0.636249
161 0.63721
164 0.638339
170 0.638819
178 0.642226
181 0.643006
208 0.650024
213 0.650576
217 0.655051
244 0.658305
259 0.658675
272 0.658732
283 0.66124
285 0.662286
286 0.662925
301 0.666412
305 0.666814
314 0.667677
322 0.670471
362 0.673249
389 0.674548
438 0.675398
487 0.675634
506 0.676944
533 0.678444
554 0.67854
564 0.678902
572 0.681572
582 0.684497
588 0.685311
621 0.690406
649 0.691082
650 0.692839
697 0.693321
733 0.694758
880 0.69649
906 0.69653
918 0.697451
1109 0.701463
1246 0.704142
1281 0.70456
1410 0.705845
1421 0.706755
1614 0.706786
1685 0.708348
1692 0.709389
1722 0.709466
1734 0.709675
1741 0.710062
1767 0.710222
1780 0.711692
1849 0.712044
2060 0.713388
2108 0.713881
2276 0.714631
2282 0.715674
