0 0.506701
1 0.507421
3 0.510082
5 0.514033
10 0.516989
14 0.51718
17 0.517402
18 0.523058
22 0.528968
24 0.532298
25 0.534688
26 0.537667
28 0.540587
30 0.541352
31 0.547424
34 0.551325
35 0.560032
38 0.56415
39 0.569404
40 0.572054
41 0.572892
47 0.574702
54 0.579179
55 0.582994
57 0.584167
58 0.585048
60 0.587588
62 0.587735
63 0.593423
68 0.594706
73 0.596302
87 0.599689
98 0.605722
99 0.608322
109 0.611782
118 0.614995
119 0.615131
122 0.617011
126 0.61859
127 0.623621
128 0.623739
129 0.625991
136 0.627576
140 0.628348
145 0.629508
153 0.631224
156 0.631601
158 0.636103
173 0.643868
175 0.645833
176 0.646037
182 0.647143
185 0.649691
195 0.652217
196 0.65579
198 0.658554
201 0.658578
202 0.659037
219 0.661044
224 0.662266
233 0.668662
235 0.673703
243 0.673892
266 0.675031
304 0.675513
317 0.676751
370 0.677147
423 0.681506
437 0.68177
455 0.68455
492 0.684946
519 0.686468
522 0.688892
538 0.691334
570 0.69166
612 0.692349
627 0.693592
708 0.694077
756 0.694594
780 0.695154
786 0.696052
918 0.698339
1123 0.699339
1149 0.700341
1185 0.701921
