0 0.485299
1 0.489411
3 0.492957
4 0.496392
6 0.498458
14 0.499866
15 0.501485
18 0.507367
21 0.507851
22 0.509556
24 0.517509
25 0.518966
27 0.519265
28 0.525421
29 0.526736
33 0.531726
34 0.538617
37 0.541287
40 0.547058
45 0.549975
47 0.553777
54 0.555403
57 0.572258
60 0.574286
66 0.575868
67 0.577236
68 0.579716
71 0.579742
72 0.579781
83 0.581276
84 0.585734
88 0.587009
94 0.588107
97 0.590702
99 0.591921
101 0.59404
102 0.598312
111 0.602749
112 0.603603
113 0.604259
121 0.606582
124 0.606833
130 0.608889
135 0.609582
139 0.614304
145 0.622796
148 0.62539
161 0.627715
168 0.627891
172 0.633601
176 0.633818
180 0.638196
183 0.638573
186 0.640157
198 0.642208
203 0.644602
205 0.644869
211 0.64814
220 0.648408
221 0.652791
225 0.653024
228 0.655719
233 0.656517
240 0.656979
245 0.657323
246 0.65748
275 0.661774
277 0.662473
279 0.663536
292 0.668362
312 0.668573
324 0.671615
325 0.672404
347 0.673712
357 0.675363
380 0.67808
407 0.684007
439 0.684642
461 0.686825
468 0.687355
473 0.687387
489 0.688699
493 0.689289
509 0.691002
546 0.694099
556 0.694955
583 0.695559
637 0.696855
701 0.697393
761 0.698888
768 0.700565
969 0.701917
984 0.702948
1167 0.704269
1220 0.705568
