0 0.502045
1 0.505477
2 0.512674
4 0.514068
5 0.520997
6 0.521916
7 0.526638
8 0.530908
10 0.531538
12 0.531548
13 0.532247
14 0.532453
15 0.54514
18 0.548268
21 0.55829
26 0.560625
34 0.565809
36 0.568142
37 0.569392
39 0.570502
41 0.573724
48 0.576351
49 0.576816
53 0.579048
56 0.581954
59 0.583915
68 0.585733
82 0.588963
84 0.592048
88 0.594038
89 0.59418
90 0.59439
98 0.594966
102 0.595219
105 0.597553
106 0.599883
122 0.600413
133 0.601266
136 0.602658
138 0.603477
141 0.606177
143 0.607392
148 0.610503
150 0.610766
154 0.612435
156 0.613899
158 0.614994
165 0.619638
172 0.621722
173 0.622799
183 0.624421
195 0.625182
196 0.62749
197 0.628638
203 0.631027
205 0.631286
210 0.63219
214 0.634195
217 0.636117
220 0.640956
222 0.641198
230 0.644732
235 0.646385
240 0.650162
253 0.650338
265 0.651955
288 0.652861
289 0.655037
299 0.655148
304 0.659652
305 0.663206
309 0.663473
311 0.664751
318 0.669209
345 0.67071
381 0.671661
406 0.673679
408 0.679284
469 0.683888
472 0.685651
486 0.685881
552 0.689582
559 0.691389
573 0.697409
630 0.698649
680 0.699183
685 0.701546
698 0.701752
726 0.7064
741 0.709705
930 0.710392
964 0.712682
1152 0.713852
1176 0.713971
1239 0.71442
1311 0.714511
1312 0.715525
1556 0.716144
1606 0.719655
