0 0.500168
3 0.503383
7 0.506111
8 0.507913
10 0.515733
11 0.519001
12 0.521574
13 0.521968
15 0.528321
18 0.529516
19 0.536515
22 0.541944
25 0.543215
28 0.54791
29 0.551163
31 0.557299
39 0.562593
42 0.564962
46 0.568504
48 0.574183
51 0.575736
56 0.582867
62 0.589488
69 0.591018
71 0.594992
72 0.600605
74 0.600654
89 0.602717
92 0.603097
97 0.606244
99 0.6099
111 0.612022
118 0.616904
119 0.621594
129 0.622517
130 0.623713
131 0.623839
134 0.624845
162 0.625596
166 0.631765
172 0.635067
179 0.635867
184 0.639289
187 0.641106
212 0.641316
215 0.644902
273 0.647616
311 0.649912
333 0.651883
340 0.654622
353 0.656125
367 0.657551
372 0.658298
381 0.658318
383 0.658603
402 0.659404
408 0.660148
440 0.661218
450 0.661233
461 0.663043
473 0.667258
493 0.671613
518 0.671769
529 0.67193
535 0.673527
549 0.676977
628 0.677331
653 0.67739
685 0.677933
691 0.680775
696 0.681162
707 0.682135
746 0.682642
760 0.686671
777 0.687258
841 0.689912
923 0.692319
930 0.695782
944 0.696902
951 0.697698
