0 0.518679
2 0.519787
6 0.520576
7 0.5355
8 0.540961
11 0.541105
13 0.545369
17 0.545563
19 0.551405
21 0.55253
22 0.558306
25 0.558331
27 0.564478
36 0.567916
39 0.571287
44 0.578881
45 0.584527
48 0.590815
51 0.59383
52 0.594679
62 0.601271
63 0.605111
69 0.608416
71 0.617083
72 0.625196
76 0.629481
92 0.635629
97 0.636025
108 0.63918
115 0.642551
132 0.642984
134 0.646416
135 0.647307
150 0.647533
187 0.648698
249 0.649885
262 0.65387
280 0.654165
295 0.654407
309 0.655958
310 0.657437
333 0.658263
335 0.660123
339 0.660948
344 0.663349
348 0.664189
367 0.666223
382 0.669339
402 0.670184
438 0.670346
538 0.671608
540 0.672273
549 0.672751
618 0.673796
675 0.674109
686 0.675292
690 0.675767
723 0.676731
772 0.677462
795 0.678983
808 0.679628
813 0.680091
816 0.680323
834 0.681759
862 0.683019
915 0.685105
938 0.685369
1014 0.686759
1117 0.686928
1122 0.690221
1150 0.691209
1289 0.693576
1299 0.694122
1334 0.694323
1355 0.695216
1368 0.695824
1389 0.697548
1416 0.699492
1430 0.703578
1450 0.70394
1479 0.704413
1492 0.704927
1513 0.709452
1555 0.711205
1710 0.712844
1746 0.716784
