0 0.511904
1 0.517235
3 0.521127
4 0.521475
7 0.523675
8 0.524104
10 0.52753
13 0.533818
17 0.537217
20 0.538852
24 0.544573
29 0.550452
32 0.552225
33 0.5549
41 0.555869
42 0.555924
48 0.562408
49 0.563751
51 0.56394
60 0.566036
61 0.566064
62 0.570286
64 0.57668
67 0.578549
72 0.578859
75 0.579073
81 0.580871
85 0.581337
86 0.585837
91 0.587644
104 0.590935
107 0.592677
116 0.595822
118 0.601209
120 0.601933
126 0.604878
132 0.607467
134 0.607997
136 0.608167
140 0.611399
141 0.612769
146 0.619646
147 0.620898
151 0.622312
153 0.62472
156 0.627399
164 0.6276
169 0.629765
170 0.632248
187 0.633452
193 0.637749
202 0.638612
204 0.639425
205 0.640199
210 0.640497
213 0.642377
227 0.644773
258 0.646875
266 0.648472
291 0.649541
294 0.650826
297 0.651089
303 0.652059
308 0.652072
320 0.65355
326 0.655224
337 0.656204
346 0.656833
347 0.657071
370 0.65738
372 0.662606
377 0.663455
379 0.664174
385 0.664691
398 0.664713
405 0.665437
416 0.668814
422 0.66959
431 0.671012
433 0.671934
456 0.67202
466 0.674688
504 0.675714
506 0.676024
509 0.677484
583 0.681879
606 0.681951
649 0.683519
673 0.684371
675 0.686084
678 0.686526
706 0.687606
738 0.690512
740 0.690602
751 0.690979
768 0.692278
797 0.694853
818 0.697118
845 0.697328
881 0.698561
886 0.699675
910 0.702507
927 0.704477
945 0.704703
967 0.705275
978 0.705819
988 0.706531
1009 0.708211
1078 0.709016
1080 0.710171
1081 0.712179
1098 0.71496
1150 0.718636
1178 0.719399
1192 0.720976
1213 0.723355
1403 0.7236
1558 0.725714
