0 0.512366
4 0.519413
5 0.521665
6 0.524999
7 0.531804
8 0.534844
12 0.541052
13 0.546762
14 0.554014
15 0.554811
16 0.561611
20 0.570052
23 0.571178
28 0.574426
29 0.579253
32 0.583528
34 0.58509
35 0.585316
36 0.5911
39 0.599454
47 0.600744
49 0.604607
54 0.606488
55 0.607856
61 0.61024
63 0.612153
64 0.612409
71 0.615453
74 0.618933
75 0.62128
92 0.622577
93 0.624479
96 0.625539
98 0.627151
126 0.628776
129 0.631687
138 0.635549
139 0.636144
148 0.636955
174 0.6389
180 0.643816
201 0.644464
206 0.645761
216 0.649758
230 0.65357
246 0.6547
253 0.655356
259 0.659757
263 0.660179
275 0.661326
276 0.662657
294 0.662701
311 0.662764
315 0.664776
319 0.664843
327 0.66998
347 0.670377
363 0.67367
400 0.675124
401 0.677597
403 0.678801
406 0.67995
421 0.680739
422 0.680817
426 0.687504
440 0.690584
453 0.690911
470 0.693746
500 0.693957
525 0.697827
541 0.699276
544 0.699652
558 0.701155
585 0.701377
600 0.702655
601 0.704545
699 0.705615
766 0.706434
769 0.706688
869 0.707661
926 0.708224
981 0.708485
1022 0.709759
1095 0.70997
1217 0.710942
1305 0.712866
