0 0.522918
2 0.524377
3 0.528112
8 0.529473
9 0.542389
10 0.543154
12 0.549996
18 0.552526
19 0.554602
20 0.556141
21 0.556835
22 0.560787
23 0.563312
24 0.564357
25 0.566543
29 0.567298
30 0.569286
31 0.575644
33 0.577438
37 0.581767
41 0.589853
42 0.591559
43 0.591706
57 0.591842
63 0.592414
67 0.592881
71 0.594722
74 0.595547
75 0.599355
76 0.602882
77 0.604276
82 0.604293
90 0.609685
101 0.610381
107 0.614199
108 0.614471
119 0.61724
122 0.617729
124 0.620081
129 0.620237
152 0.620444
153 0.62133
154 0.62838
160 0.630314
163 0.63108
165 0.632371
179 0.634516
185 0.637588
196 0.638152
209 0.638372
213 0.639988
218 0.64541
220 0.646463
225 0.648704
229 0.650349
235 0.6525
241 0.653891
243 0.657673
261 0.662265
265 0.665303
288 0.666022
357 0.6669
371 0.666963
380 0.670653
393 0.6718
415 0.675267
424 0.678064
429 0.680679
437 0.681875
443 0.682609
459 0.682889
466 0.683109
476 0.687925
536 0.693111
539 0.693653
548 0.694559
582 0.695973
592 0.697426
668 0.69885
707 0.699583
721 0.702464
729 0.704577
736 0.705889
751 0.708608
773 0.709131
837 0.710348
849 0.714547
853 0.718157
912 0.718308
917 0.71855
1004 0.721841
1024 0.722117
1031 0.724044
1053 0.726903
