0 0.479833
1 0.484416
2 0.486069
3 0.491833
4 0.49663
5 0.499228
8 0.501978
10 0.505989
13 0.507719
14 0.50999
22 0.511653
25 0.515203
27 0.520869
31 0.5252
32 0.525345
35 0.528252
36 0.532756
38 0.532991
39 0.536488
40 0.537638
41 0.539674
42 0.540431
45 0.544851
46 0.544875
48 0.545619
50 0.546484
55 0.552729
66 0.558281
69 0.558514
73 0.563264
76 0.57067
95 0.573098
97 0.575733
99 0.582698
104 0.582875
117 0.583343
131 0.584803
134 0.587901
136 0.588396
143 0.595798
155 0.597713
157 0.597971
170 0.599363
173 0.60206
178 0.605416
193 0.607571
194 0.612527
197 0.615286
210 0.617086
212 0.617609
229 0.61866
239 0.62359
244 0.625068
251 0.62614
263 0.630276
264 0.631342
271 0.632023
278 0.632889
279 0.633384
286 0.634546
296 0.634642
305 0.635155
330 0.635725
331 0.637846
333 0.637924
347 0.639653
354 0.643245
369 0.643943
380 0.646184
399 0.64813
401 0.649763
410 0.652637
414 0.655053
419 0.655887
423 0.657491
439 0.661711
442 0.663011
445 0.663023
447 0.663156
457 0.664018
458 0.664544
462 0.665725
467 0.666656
478 0.666802
510 0.668037
515 0.669503
542 0.670786
545 0.672174
557 0.673322
564 0.677431
596 0.677578
597 0.678445
638 0.679766
681 0.681249
727 0.681887
786 0.682322
836 0.68334
846 0.686935
898 0.687721
977 0.688648
991 0.69306
1003 0.694321
1057 0.6952
1064 0.695664
1157 0.696354
1176 0.697603
1217 0.6984
1246 0.698815
1272 0.699663
1273 0.701037
1276 0.707026
1324 0.708203
1371 0.709185
1408 0.70945
1423 0.709804
1509 0.711454
1523 0.713857
1552 0.714027
1645 0.714068
1808 0.714242
2037 0.716635
