0 0.498595
3 0.500674
7 0.502155
8 0.506755
11 0.511932
13 0.513861
16 0.521853
17 0.521856
18 0.527467
20 0.532572
24 0.537945
26 0.539827
27 0.543889
30 0.555325
31 0.558267
32 0.569106
40 0.573439
46 0.573881
47 0.58187
49 0.589374
51 0.592875
56 0.593234
63 0.594362
74 0.596272
77 0.596828
84 0.599259
87 0.604168
88 0.604918
100 0.606334
102 0.6069
103 0.60872
116 0.60989
119 0.610732
126 0.610872
128 0.612778
129 0.613238
136 0.614774
145 0.616607
153 0.619407
155 0.621131
176 0.62218
183 0.623275
190 0.625064
196 0.625432
197 0.625485
204 0.627943
224 0.629945
227 0.63133
230 0.637589
261 0.640086
293 0.645256
297 0.646246
299 0.648948
307 0.651207
309 0.652005
314 0.652099
331 0.653041
340 0.653195
344 0.658123
364 0.660154
376 0.660421
392 0.661596
401 0.663164
418 0.663865
467 0.665649
469 0.665745
474 0.667652
562 0.669473
563 0.670728
570 0.673645
571 0.675748
584 0.677524
628 0.680447
633 0.684106
634 0.684499
637 0.685374
653 0.687197
665 0.68762
725 0.68764
801 0.688697
846 0.688807
926 0.690919
979 0.691738
982 0.695841
1008 0.696247
1055 0.698586
1146 0.700658
1282 0.70174
