0 0.524606
2 0.526648
4 0.531295
10 0.535169
15 0.539057
23 0.545576
28 0.55062
29 0.554469
33 0.556056
37 0.563773
46 0.564081
51 0.567458
55 0.570378
56 0.57594
65 0.579653
75 0.580686
88 0.582082
91 0.584298
92 0.584642
97 0.593803
98 0.595829
100 0.595904
103 0.600418
106 0.600444
112 0.6044
114 0.609404
115 0.611486
118 0.612543
123 0.617437
136 0.61751
137 0.61994
144 0.622435
159 0.622676
166 0.624531
167 0.632018
177 0.632154
178 0.634475
187 0.63495
190 0.637502
206 0.640294
210 0.641115
228 0.641132
239 0.64299
242 0.647979
257 0.649251
272 0.650089
281 0.652912
284 0.653936
306 0.654786
323 0.654863
327 0.656431
358 0.657578
375 0.658522
410 0.660896
446 0.662458
456 0.666351
473 0.668198
489 0.674381
505 0.682211
514 0.682555
525 0.685175
548 0.688201
561 0.68839
577 0.688453
579 0.690911
586 0.692017
615 0.693691
622 0.693715
656 0.693793
662 0.699643
682 0.701597
789 0.70372
794 0.706078
867 0.711074
940 0.712025
982 0.712308
1033 0.71238
1057 0.71249
1084 0.713151
1274 0.713222
