0 0.504487
9 0.506161
12 0.512168
13 0.512608
15 0.515327
17 0.522458
19 0.523742
23 0.525851
24 0.528007
25 0.531231
26 0.534379
27 0.534731
28 0.536365
29 0.540616
31 0.541219
33 0.546416
34 0.55062
36 0.552491
41 0.553582
45 0.560324
52 0.561412
53 0.563521
56 0.565105
61 0.566896
62 0.570818
71 0.574551
72 0.576734
78 0.577129
89 0.577175
96 0.579526
101 0.580891
113 0.58396
116 0.588108
120 0.590509
121 0.590515
128 0.591358
131 0.592855
135 0.593952
139 0.595768
140 0.596866
151 0.597758
154 0.598937
156 0.601854
161 0.604819
165 0.607626
167 0.609779
180 0.613855
187 0.615586
189 0.616584
193 0.61672
204 0.620233
228 0.622939
229 0.623147
242 0.625131
265 0.628848
272 0.631041
277 0.631067
289 0.631574
290 0.63505
291 0.638674
293 0.638932
303 0.639125
308 0.63921
309 0.640875
347 0.645342
360 0.64665
379 0.64834
396 0.65051
401 0.652672
404 0.654477
436 0.657076
450 0.65788
453 0.657955
459 0.659238
468 0.659966
478 0.662145
482 0.662772
513 0.663982
522 0.667034
537 0.667196
553 0.669926
556 0.670106
594 0.671218
629 0.674219
646 0.676657
677 0.679383
717 0.679796
732 0.680509
737 0.681743
793 0.683747
796 0.68405
826 0.68468
841 0.685498
892 0.687259
926 0.68996
977 0.690771
1104 0.694168
1116 0.695462
1182 0.696719
1279 0.69757
1524 0.697676
