0 0.47848
2 0.479955
3 0.489633
5 0.492527
10 0.493864
11 0.498918
12 0.505768
13 0.509752
15 0.512899
16 0.516843
19 0.518976
20 0.523253
22 0.527551
23 0.528568
25 0.529316
27 0.533055
28 0.53948
29 0.543857
31 0.549192
32 0.55157
37 0.554417
41 0.56117
47 0.563275
48 0.564404
50 0.582688
53 0.583864
61 0.58997
62 0.59088
70 0.597729
72 0.59894
74 0.600345
83 0.601944
85 0.605268
89 0.606285
106 0.607545
113 0.607692
127 0.609604
129 0.610609
131 0.612216
133 0.612758
136 0.613265
142 0.614757
143 0.618149
147 0.618531
150 0.618662
153 0.620726
158 0.621556
163 0.624352
165 0.624682
171 0.625232
174 0.629392
177 0.630529
211 0.63465
214 0.634949
216 0.636153
231 0.636303
263 0.638291
264 0.63922
286 0.641271
292 0.642586
294 0.645569
297 0.646161
307 0.646632
311 0.647298
321 0.647451
322 0.649272
326 0.652464
327 0.652662
332 0.655493
381 0.658499
404 0.667412
411 0.67326
412 0.673925
451 0.675038
470 0.677987
477 0.679893
508 0.68032
523 0.680979
557 0.683505
562 0.685818
590 0.686317
591 0.693195
596 0.693731
619 0.695253
624 0.697493
660 0.701697
675 0.702377
717 0.705646
812 0.70713
905 0.708698
1064 0.708705
1113 0.709256
1229 0.7105
1235 0.711173
1322 0.711979
1527 0.712167
