0 0.540793
6 0.542578
7 0.548209
11 0.551126
12 0.554334
13 0.554396
16 0.557948
17 0.565155
22 0.569868
23 0.570511
30 0.572898
33 0.575269
35 0.577501
37 0.578528
39 0.581554
41 0.585745
45 0.589646
50 0.590693
51 0.592238
53 0.592406
56 0.594805
69 0.596241
72 0.600875
74 0.602424
75 0.606926
76 0.610573
82 0.612896
83 0.615766
86 0.615982
90 0.621297
94 0.622814
100 0.623367
101 0.623555
108 0.62726
109 0.628895
116 0.629175
119 0.631658
130 0.634538
132 0.637064
135 0.637905
141 0.641046
151 0.64105
163 0.641641
165 0.648518
168 0.648846
169 0.649095
178 0.649917
201 0.651368
207 0.65478
211 0.659313
224 0.659668
225 0.661026
234 0.662342
294 0.663379
310 0.668841
314 0.670702
318 0.671189
321 0.673746
329 0.674349
348 0.674602
359 0.676929
392 0.681532
409 0.684515
413 0.686069
430 0.688402
438 0.692325
468 0.693121
486 0.694744
505 0.696535
507 0.697835
558 0.69811
606 0.699428
631 0.703255
732 0.703796
745 0.704494
801 0.704625
1045 0.705842
1206 0.705911
1228 0.707747
1320 0.70873
1369 0.709955
1410 0.71139
1424 0.713568
1557 0.714206
1656 0.714533
1745 0.717199
1877 0.717526
1902 0.719774
1949 0.720563
1968 0.723112
1986 0.723149
2049 0.724393
