0 0.482896
1 0.487483
2 0.490282
3 0.490974
4 0.493199
5 0.496008
10 0.49664
14 0.503122
16 0.504394
17 0.507677
27 0.508456
29 0.511125
30 0.512591
32 0.515303
44 0.517215
46 0.521601
50 0.529569
52 0.535269
55 0.535785
65 0.542815
68 0.546905
70 0.549534
71 0.555293
75 0.558335
78 0.561066
82 0.562446
83 0.567902
84 0.569355
93 0.57103
98 0.579716
117 0.582607
120 0.588371
125 0.588603
134 0.595516
140 0.5965
146 0.603816
154 0.608393
155 0.6101
163 0.618247
166 0.623182
168 0.626148
177 0.62783
181 0.628923
183 0.629664
184 0.631659
209 0.632474
215 0.635843
232 0.639501
238 0.639933
239 0.645305
262 0.646236
275 0.646465
279 0.648069
280 0.64837
296 0.648623
304 0.652867
328 0.653025
350 0.654888
365 0.657147
389 0.658876
391 0.660481
401 0.662454
407 0.663246
418 0.664244
439 0.670456
444 0.672176
445 0.673655
454 0.675499
463 0.679974
477 0.684008
606 0.684366
610 0.685347
663 0.690139
665 0.692225
768 0.692419
892 0.693483
910 0.696552
979 0.697275
1002 0.698375
1029 0.69934
1061 0.700239
1078 0.703509
1174 0.705849
1273 0.706195
1394 0.707177
1455 0.70835
1570 0.710924
1653 0.71202
1686 0.712072
1720 0.712937
