0 0.453841
1 0.465606
2 0.468017
4 0.471683
5 0.481933
6 0.487691
10 0.490448
15 0.491313
16 0.492579
17 0.504494
19 0.507226
20 0.512314
24 0.522318
25 0.52859
26 0.529337
27 0.532036
34 0.532813
37 0.535417
39 0.543394
40 0.545198
44 0.547849
46 0.560824
53 0.56651
55 0.567024
58 0.567422
59 0.571762
62 0.571848
63 0.57274
65 0.576415
70 0.577497
75 0.579693
76 0.582065
81 0.589486
84 0.589554
91 0.590475
94 0.591234
97 0.59637
102 0.597306
105 0.599652
111 0.600674
113 0.60124
117 0.601858
120 0.603375
127 0.604935
128 0.60706
133 0.607663
136 0.608669
143 0.609549
158 0.611395
160 0.614072
164 0.615096
167 0.61904
168 0.621142
173 0.622435
175 0.624918
187 0.632342
198 0.634086
203 0.635445
213 0.63633
218 0.64105
223 0.642999
240 0.644938
244 0.645986
248 0.646488
250 0.651599
255 0.65774
256 0.658446
261 0.659848
279 0.661656
283 0.663416
284 0.663795
304 0.666532
316 0.668747
345 0.66962
348 0.672692
351 0.676408
368 0.677817
369 0.677817
377 0.678623
412 0.678818
423 0.681803
424 0.682788
428 0.683542
443 0.683804
445 0.684435
447 0.685898
455 0.686605
461 0.68708
487 0.687888
537 0.689042
540 0.69078
547 0.691288
552 0.691682
563 0.693156
567 0.693275
573 0.694639
580 0.694769
583 0.699498
601 0.705329
609 0.705571
621 0.705912
623 0.706179
649 0.709716
704 0.71126
722 0.711714
733 0.716019
738 0.716781
768 0.718812
866 0.719938
913 0.720047
956 0.720323
985 0.721185
1080 0.722074
1082 0.725584
1243 0.726697
1288 0.727546
1369 0.727719
1429 0.72787
1483 0.728882
1622 0.730654
1691 0.732222
