0 0.493098
1 0.508661
3 0.519409
6 0.520073
10 0.521062
14 0.52235
16 0.525774
20 0.528086
24 0.528743
32 0.534213
36 0.537278
41 0.538556
42 0.539589
43 0.547758
49 0.554805
54 0.555145
55 0.55687
57 0.560155
58 0.560572
61 0.561614
62 0.561647
64 0.563589
65 0.568354
69 0.572278
71 0.574897
72 0.575347
86 0.578535
89 0.582589
93 0.588073
94 0.590457
112 0.592811
114 0.598005
122 0.600653
126 0.604478
135 0.614435
139 0.614854
140 0.616549
145 0.619462
148 0.619596
150 0.619697
158 0.620562
180 0.623097
183 0.623536
184 0.627241
189 0.631259
190 0.632255
204 0.633859
205 0.634156
209 0.635027
215 0.637493
252 0.64165
262 0.643562
279 0.643613
281 0.645312
289 0.645882
291 0.647173
299 0.650675
316 0.660767
337 0.662886
351 0.66362
353 0.665825
374 0.669272
421 0.673024
495 0.674065
503 0.674476
510 0.676301
541 0.678561
604 0.680035
612 0.680146
705 0.682339
756 0.684769
814 0.686892
845 0.68712
896 0.687758
900 0.688204
938 0.689046
965 0.690238
1002 0.692292
1024 0.692448
1028 0.693059
1090 0.693134
1180 0.695066
1335 0.698425
1389 0.698859
1448 0.699793
1535 0.700566
