0 0.523001
3 0.53307
4 0.536865
5 0.540205
6 0.541475
7 0.542587
10 0.543283
12 0.544413
16 0.544647
18 0.548126
21 0.548775
22 0.550366
28 0.552182
29 0.553014
30 0.554651
31 0.555747
32 0.561819
35 0.568232
36 0.569931
38 0.577466
41 0.580542
42 0.582013
46 0.585315
49 0.586243
55 0.587297
61 0.597139
71 0.597788
81 0.602003
82 0.608054
83 0.60985
87 0.612409
88 0.612913
102 0.613885
108 0.616672
123 0.618239
127 0.619613
131 0.620236
133 0.620372
134 0.621023
150 0.62261
154 0.625164
171 0.628168
175 0.630637
176 0.632756
186 0.634381
200 0.634827
208 0.637892
211 0.638332
213 0.639416
217 0.64289
219 0.643786
232 0.644155
234 0.646044
240 0.648176
250 0.648213
272 0.6483
288 0.648375
303 0.649224
332 0.651497
338 0.653266
340 0.655306
366 0.656073
367 0.659267
399 0.659971
404 0.663374
426 0.665024
475 0.666113
480 0.667541
510 0.669122
540 0.670569
541 0.67085
602 0.673256
616 0.673913
636 0.674117
650 0.674585
658 0.675738
660 0.67835
661 0.678396
686 0.684618
710 0.68537
719 0.686232
761 0.687279
767 0.688258
809 0.688496
819 0.688587
827 0.68859
836 0.68947
837 0.690603
855 0.691279
882 0.692963
909 0.693269
955 0.695048
978 0.69653
990 0.70063
1034 0.701439
1056 0.70277
1075 0.704908
1237 0.705469
1291 0.706042
1321 0.70791
1494 0.711187
1705 0.712771
