0 0.491877
3 0.492645
4 0.493476
5 0.50109
6 0.503419
7 0.509334
8 0.512909
9 0.51642
11 0.516589
15 0.517344
16 0.521048
17 0.528677
18 0.52922
19 0.534957
20 0.537915
21 0.543597
22 0.549958
25 0.552881
32 0.55521
36 0.555383
37 0.557492
38 0.558388
39 0.562434
48 0.563372
51 0.567697
53 0.572232
63 0.576399
64 0.580636
76 0.586799
83 0.591155
91 0.594382
102 0.594791
103 0.595713
108 0.596453
110 0.60183
118 0.603033
124 0.603131
135 0.604758
136 0.613444
141 0.614822
148 0.616469
151 0.622614
169 0.628504
172 0.633514
173 0.639668
180 0.639801
192 0.639895
193 0.640586
203 0.648283
207 0.651327
210 0.653586
217 0.656093
239 0.660357
257 0.660851
265 0.661629
270 0.662027
294 0.663195
332 0.664936
339 0.666651
354 0.667105
372 0.669485
420 0.671589
437 0.67448
498 0.676696
578 0.677054
588 0.679314
612 0.679602
628 0.682192
650 0.682235
681 0.682419
746 0.684062
785 0.685508
788 0.689385
810 0.690492
828 0.691655
870 0.692116
936 0.69485
943 0.696483
958 0.697073
997 0.699489
1033 0.700044
1076 0.700552
1105 0.702306
1139 0.704176
1175 0.704455
1418 0.705261
1663 0.706033
