0 0.514594
1 0.517219
2 0.520018
4 0.528113
9 0.535874
10 0.536306
12 0.539451
16 0.540926
17 0.545655
18 0.551169
20 0.554022
24 0.554781
25 0.557619
28 0.559806
29 0.560632
30 0.565929
32 0.566717
35 0.575782
36 0.579204
37 0.579877
38 0.582089
39 0.58331
41 0.583683
44 0.58395
46 0.584945
54 0.588061
60 0.590298
61 0.592687
63 0.594769
65 0.59936
70 0.604356
71 0.611886
74 0.612585
79 0.617057
89 0.617915
91 0.619549
99 0.620486
105 0.624026
108 0.631574
147 0.631778
156 0.632636
167 0.633499
187 0.638329
201 0.64137
207 0.642532
213 0.64472
227 0.64745
240 0.647628
242 0.650553
244 0.655058
263 0.656332
272 0.65811
282 0.658383
323 0.658866
327 0.660393
332 0.661352
335 0.666398
341 0.667731
363 0.669249
369 0.672001
385 0.672492
403 0.677979
417 0.679842
425 0.680404
431 0.680477
438 0.68088
462 0.681426
465 0.683905
476 0.685633
541 0.685946
552 0.687245
572 0.688259
606 0.690969
607 0.693389
624 0.694253
649 0.695141
752 0.696365
816 0.699129
966 0.700076
1030 0.701205
1110 0.705093
1166 0.709019
1249 0.710769
1324 0.713623
1326 0.715736
1389 0.717348
1465 0.718792
1698 0.720321
1781 0.724643
1968 0.726479
2007 0.72688
