0 0.527019
6 0.530038
12 0.532332
14 0.541443
20 0.543968
21 0.550917
23 0.553914
28 0.558629
29 0.559495
37 0.55968
44 0.562819
45 0.569225
48 0.569701
49 0.574039
50 0.576846
56 0.580102
61 0.586554
68 0.589041
77 0.593859
79 0.595618
80 0.597212
88 0.60066
99 0.604759
100 0.607032
101 0.608019
104 0.610198
106 0.611781
115 0.613111
125 0.620177
137 0.622569
143 0.627548
144 0.629556
145 0.63621
164 0.636656
169 0.641106
176 0.643649
181 0.64603
212 0.647115
228 0.648357
236 0.648932
246 0.648939
257 0.649153
261 0.650301
262 0.650416
280 0.651299
300 0.652182
301 0.653196
320 0.654055
338 0.657297
347 0.659524
382 0.660818
395 0.663543
398 0.667049
453 0.668177
476 0.673745
546 0.674682
557 0.678477
592 0.682566
649 0.683427
657 0.68602
714 0.68654
744 0.688963
817 0.689088
888 0.692479
894 0.69299
931 0.693473
1007 0.696673
1010 0.697098
1025 0.698764
1028 0.701975
1055 0.702915
1108 0.70793
1280 0.708494
1491 0.710519
