0 0.509714
5 0.514244
8 0.523894
12 0.524167
14 0.527124
15 0.527508
17 0.53103
19 0.532285
25 0.539266
27 0.539647
28 0.545702
32 0.553005
35 0.553514
36 0.554611
37 0.555215
51 0.556189
58 0.556243
59 0.556651
61 0.558221
67 0.562194
68 0.563492
73 0.564515
74 0.564893
75 0.566796
82 0.575728
85 0.579122
88 0.579582
89 0.583149
90 0.583646
91 0.585374
96 0.585891
98 0.588266
107 0.592158
111 0.59221
122 0.592762
129 0.594043
132 0.598275
150 0.599449
152 0.604252
153 0.608783
155 0.609375
156 0.617093
160 0.619167
171 0.620015
183 0.624934
187 0.625044
197 0.625393
199 0.625475
236 0.629273
241 0.629395
245 0.630936
247 0.631867
249 0.633131
256 0.634494
257 0.641046
258 0.641478
265 0.641541
293 0.646036
297 0.646972
306 0.646976
308 0.647022
319 0.649577
330 0.652101
333 0.654053
338 0.655954
356 0.657875
360 0.658046
371 0.661929
408 0.662216
429 0.664391
436 0.664814
461 0.666926
469 0.668907
479 0.670433
481 0.670609
538 0.672612
543 0.672768
551 0.672777
554 0.674563
577 0.675867
599 0.676335
613 0.676465
641 0.677202
653 0.684203
668 0.689901
677 0.68996
689 0.697621
769 0.699381
856 0.700479
862 0.701038
888 0.70144
890 0.701949
903 0.702427
990 0.704281
1022 0.706117
1099 0.706322
1110 0.707541
1126 0.707782
1146 0.708828
1156 0.708996
1209 0.709559
1278 0.709793
1311 0.710008
1347 0.71019
1371 0.714234
1376 0.715136
1441 0.716449
1515 0.716476
1518 0.718069
1522 0.718625
1645 0.719571
1726 0.721272
1783 0.721818
1813 0.722679
