0 0.457736
1 0.470844
3 0.477151
7 0.481077
12 0.486787
13 0.487506
16 0.499306
18 0.502537
22 0.51636
23 0.518848
29 0.520068
31 0.521514
32 0.524518
35 0.52513
40 0.52572
44 0.526888
45 0.531322
49 0.531428
52 0.535224
53 0.54627
56 0.548467
58 0.551524
60 0.562784
61 0.565395
62 0.570578
64 0.572934
72 0.585015
73 0.589241
78 0.589669
83 0.59184
89 0.595234
94 0.595902
95 0.602864
101 0.603476
103 0.606261
105 0.60828
110 0.612917
112 0.614058
128 0.615709
136 0.616878
143 0.618298
148 0.618383
167 0.622958
171 0.627042
177 0.628046
178 0.630473
180 0.634362
190 0.634841
192 0.635984
194 0.641008
212 0.642121
219 0.6424
230 0.642717
240 0.642841
256 0.643147
268 0.644927
278 0.64565
284 0.648714
294 0.656679
298 0.657566
301 0.657935
306 0.660767
310 0.663016
313 0.663307
318 0.666888
361 0.667083
371 0.672044
427 0.675408
482 0.676502
489 0.676728
526 0.67783
530 0.67828
684 0.679063
712 0.682375
721 0.682901
728 0.683417
739 0.685785
764 0.686588
817 0.688463
821 0.688834
823 0.689483
840 0.689576
853 0.69157
860 0.694368
871 0.69745
935 0.69913
1003 0.699987
1004 0.700274
1056 0.701662
1083 0.702128
1128 0.702668
1136 0.703762
1165 0.703989
1191 0.70462
1214 0.7062
1230 0.706905
1252 0.708227
1261 0.710076
1370 0.711411
1603 0.711614
1790 0.711725
2010 0.712526
2180 0.716353
