0 0.511873
1 0.517323
6 0.518185
10 0.525919
11 0.526378
12 0.52661
14 0.529063
16 0.529906
20 0.530339
22 0.531428
24 0.53538
26 0.536731
27 0.540692
28 0.540723
32 0.543176
35 0.544669
36 0.555809
38 0.557299
39 0.561392
43 0.562926
49 0.567167
54 0.570902
57 0.573325
58 0.575949
60 0.579677
71 0.582248
78 0.58544
79 0.585619
95 0.585824
99 0.587121
110 0.592072
116 0.595126
117 0.595552
120 0.603708
121 0.611448
126 0.613377
127 0.617047
130 0.619807
132 0.621031
139 0.629265
147 0.631551
155 0.63258
158 0.634793
175 0.638342
185 0.639815
205 0.642142
235 0.643351
246 0.64464
248 0.64482
274 0.644973
280 0.645557
281 0.645759
283 0.650122
300 0.651459
308 0.65366
329 0.655292
352 0.659542
386 0.66086
393 0.662514
395 0.662731
413 0.663373
445 0.663823
492 0.664566
514 0.666185
610 0.667815
615 0.670185
640 0.670207
655 0.671713
787 0.672143
840 0.673781
847 0.676136
945 0.677396
987 0.678963
1101 0.680035
1218 0.680129
1416 0.680989
1529 0.681467
