0 0.503946
5 0.504087
7 0.508553
10 0.516138
12 0.517201
13 0.517395
21 0.522391
22 0.523935
24 0.525808
27 0.52723
28 0.534871
29 0.536457
31 0.537567
37 0.538014
41 0.541513
42 0.545937
55 0.55115
59 0.554736
62 0.561408
63 0.561819
64 0.562427
69 0.567063
77 0.568684
82 0.569433
84 0.569692
88 0.570549
93 0.572466
94 0.572885
97 0.573526
104 0.57771
110 0.578613
111 0.581074
120 0.583656
124 0.587331
127 0.590438
131 0.597476
138 0.60397
140 0.604656
144 0.608843
149 0.610806
151 0.611582
164 0.611845
169 0.613886
173 0.614184
175 0.614214
177 0.615307
181 0.619489
195 0.619925
198 0.622895
201 0.6309
204 0.633168
240 0.633759
243 0.635375
259 0.640351
264 0.642685
267 0.643004
274 0.64353
313 0.646236
321 0.647568
325 0.647907
340 0.651453
348 0.65336
356 0.656735
360 0.657796
378 0.659351
390 0.666786
443 0.669644
500 0.669981
506 0.674882
509 0.674943
528 0.679012
536 0.680404
539 0.682179
546 0.683604
561 0.683711
569 0.685564
599 0.687812
612 0.688978
625 0.690155
636 0.690859
641 0.691932
653 0.692796
666 0.694379
726 0.695422
742 0.695961
811 0.697373
869 0.6975
962 0.697603
1018 0.704691
1081 0.70652
1178 0.708152
1195 0.710017
1275 0.712177
1297 0.71294
1337 0.713844
1345 0.715274
1390 0.715533
1617 0.716237
1867 0.717154
