0 0.506786
1 0.509153
4 0.512153
8 0.516764
10 0.520772
12 0.521486
18 0.52469
20 0.528281
27 0.535152
30 0.539575
31 0.547791
34 0.548218
36 0.549573
38 0.549888
40 0.550653
50 0.55513
57 0.556424
59 0.556639
60 0.557852
63 0.558998
66 0.560026
67 0.560668
75 0.56186
79 0.56249
87 0.566365
90 0.570964
93 0.574258
94 0.579815
96 0.588774
98 0.589916
100 0.590359
101 0.591394
105 0.594028
120 0.595912
125 0.598403
133 0.602746
139 0.607668
144 0.614052
148 0.619278
159 0.620969
166 0.623854
170 0.625141
172 0.626967
179 0.627628
186 0.629594
199 0.630331
213 0.630437
216 0.630872
226 0.633603
241 0.633718
257 0.634451
267 0.634642
271 0.636729
277 0.639131
295 0.641215
306 0.641455
314 0.642086
319 0.644747
332 0.646729
348 0.650958
352 0.651921
355 0.65207
366 0.653081
369 0.655805
371 0.65948
386 0.664832
389 0.6654
411 0.670782
415 0.672789
421 0.674242
424 0.674615
436 0.674935
455 0.675421
462 0.676458
468 0.678144
481 0.678277
494 0.679105
552 0.684085
588 0.685649
626 0.686812
682 0.688146
706 0.689448
722 0.690455
743 0.691312
757 0.691919
769 0.692887
814 0.695106
838 0.695519
855 0.69603
883 0.6965
890 0.696894
943 0.697586
979 0.697914
987 0.698825
1011 0.69888
1061 0.699355
1072 0.699404
1080 0.700529
1112 0.700884
1153 0.701453
1157 0.702854
1162 0.705371
1198 0.70616
1219 0.706204
1237 0.706904
1308 0.707123
1312 0.709684
1337 0.710651
1347 0.712494
1352 0.714135
1381 0.716025
1417 0.717104
1434 0.718076
1481 0.7187
1514 0.721543
1586 0.722062
1777 0.722704
