0 0.503114
3 0.504674
6 0.513294
11 0.51818
12 0.518779
13 0.526715
16 0.533608
17 0.534026
19 0.535433
23 0.539426
26 0.539659
27 0.539894
32 0.54046
37 0.547407
39 0.548134
41 0.55099
43 0.556003
53 0.556526
57 0.56049
60 0.562943
70 0.56624
71 0.568239
75 0.56938
82 0.574074
83 0.5758
85 0.579555
95 0.579631
97 0.579696
102 0.584834
110 0.585
111 0.590576
117 0.595671
120 0.595961
122 0.596869
143 0.597015
153 0.601434
156 0.606512
164 0.608999
170 0.616103
172 0.616475
191 0.620103
193 0.622714
198 0.622935
207 0.625349
212 0.627042
225 0.628314
232 0.631599
256 0.632568
285 0.633077
288 0.634612
299 0.635483
305 0.638463
319 0.638685
335 0.639013
340 0.641467
346 0.645064
348 0.645638
370 0.645691
374 0.645857
397 0.646572
398 0.649309
406 0.651848
407 0.65389
411 0.654882
416 0.657377
433 0.660493
443 0.661682
448 0.664002
458 0.66666
469 0.667431
474 0.669198
482 0.669319
484 0.669415
510 0.670525
517 0.670687
529 0.675534
533 0.676319
556 0.676967
557 0.677036
562 0.677178
565 0.681972
571 0.683665
600 0.687172
660 0.689181
682 0.691366
727 0.691861
771 0.693318
797 0.694425
817 0.697425
821 0.697655
887 0.698421
918 0.69912
929 0.702669
948 0.704037
967 0.705924
1008 0.706421
1166 0.708229
1297 0.708409
1542 0.708535
1625 0.708755
