0 0.507802
1 0.509381
2 0.50963
7 0.515666
8 0.521122
9 0.521986
12 0.523412
13 0.531994
19 0.533198
21 0.539827
25 0.54308
32 0.544422
33 0.545016
35 0.551794
36 0.553661
42 0.554481
43 0.55469
45 0.558437
49 0.560311
50 0.566069
51 0.566859
52 0.56866
53 0.570914
68 0.576406
77 0.583111
82 0.588896
86 0.58912
88 0.590339
93 0.593811
100 0.598149
118 0.598902
121 0.602263
129 0.604819
158 0.606734
165 0.610285
168 0.610969
169 0.615535
171 0.617407
189 0.61793
193 0.62147
210 0.625858
212 0.627089
215 0.627882
223 0.629976
245 0.631716
256 0.635146
272 0.638129
282 0.642532
290 0.64491
314 0.646204
325 0.647904
328 0.649951
336 0.652828
344 0.653464
374 0.65532
379 0.65533
380 0.65708
393 0.662631
397 0.666521
406 0.668658
457 0.668989
467 0.673781
468 0.67424
473 0.674279
474 0.677341
519 0.678492
539 0.682213
598 0.684435
605 0.687538
618 0.689673
620 0.690107
631 0.690338
639 0.693346
720 0.694781
727 0.697293
770 0.69774
895 0.698656
922 0.702676
974 0.703666
996 0.703889
1034 0.705274
1085 0.706989
1128 0.70791
1160 0.708711
1165 0.710669
1218 0.715075
1234 0.716742
1301 0.719591
1476 0.722303
1515 0.722748
1540 0.723109
1542 0.724107
1545 0.726633
1550 0.726666
1603 0.727715
1712 0.72905
1922 0.729998
