0 0.475968
1 0.478666
3 0.485966
5 0.497676
8 0.498765
9 0.501414
10 0.506975
12 0.509149
15 0.514104
18 0.514142
20 0.514328
23 0.514506
24 0.51692
27 0.521325
32 0.523589
38 0.523893
41 0.525485
45 0.52809
51 0.53262
55 0.533157
58 0.542539
59 0.550502
60 0.555703
61 0.556845
65 0.557963
66 0.558076
70 0.567158
75 0.570485
77 0.57378
80 0.578171
82 0.580559
84 0.587797
86 0.594204
88 0.598214
90 0.602575
98 0.603614
110 0.605633
116 0.605826
117 0.610385
122 0.612787
125 0.61308
146 0.61396
149 0.617998
155 0.618679
173 0.61969
179 0.620568
181 0.62129
182 0.622138
185 0.622201
186 0.623199
190 0.624485
196 0.626456
204 0.629526
205 0.629574
215 0.631426
226 0.632086
227 0.634643
239 0.634814
261 0.635091
280 0.635316
289 0.635908
295 0.642206
316 0.642935
353 0.647787
362 0.648296
367 0.648779
386 0.650107
404 0.653693
421 0.65593
439 0.657013
446 0.662276
450 0.663659
460 0.667551
468 0.668377
485 0.669583
489 0.669792
507 0.67722
517 0.678752
518 0.683152
519 0.683177
578 0.683539
579 0.683881
581 0.685395
591 0.686392
622 0.688224
625 0.688586
637 0.692344
647 0.693501
663 0.697209
669 0.698868
684 0.699904
705 0.702264
732 0.703303
761 0.703601
779 0.703718
795 0.704562
828 0.704657
914 0.706003
924 0.707135
952 0.708364
1003 0.708887
1072 0.709499
1162 0.710106
1276 0.712239
1330 0.71288
1428 0.713565
1437 0.71389
1576 0.714418
1582 0.714924
