0 0.503498
1 0.50863
3 0.509846
7 0.514605
8 0.521069
9 0.525401
10 0.527432
13 0.533707
19 0.536328
21 0.539392
22 0.539442
23 0.544443
24 0.546377
25 0.554663
26 0.555491
33 0.555864
34 0.556185
39 0.562859
40 0.564222
43 0.565359
47 0.57091
48 0.571055
51 0.5765
55 0.577963
56 0.579341
58 0.580305
60 0.582134
62 0.582329
63 0.582506
68 0.585495
74 0.590156
77 0.591187
78 0.591516
81 0.592683
87 0.593695
88 0.594079
89 0.594997
91 0.600537
102 0.600952
116 0.603013
120 0.603287
124 0.606022
145 0.606657
161 0.609262
162 0.611883
164 0.611913
176 0.617029
177 0.618314
178 0.618732
187 0.618875
195 0.61932
196 0.62022
206 0.628008
214 0.629675
231 0.631815
250 0.632924
252 0.638697
258 0.641595
259 0.642045
264 0.644649
269 0.645367
277 0.64873
288 0.648784
305 0.649761
324 0.652611
332 0.654534
360 0.654974
365 0.65799
372 0.658389
373 0.66236
390 0.663747
396 0.665616
407 0.667684
426 0.668939
435 0.669826
436 0.669852
452 0.669946
463 0.670394
488 0.671633
531 0.67381
541 0.674202
562 0.675529
565 0.676928
585 0.677545
618 0.680081
649 0.683191
688 0.685753
717 0.686037
723 0.686273
786 0.686929
865 0.687794
890 0.689019
1000 0.690459
1029 0.690784
1041 0.691413
1118 0.691624
1185 0.69165
1190 0.692646
1202 0.695008
1208 0.695742
1231 0.695874
1254 0.697928
1269 0.698399
1272 0.700049
1318 0.700908
1335 0.702281
1350 0.703143
1372 0.705807
1422 0.706318
1489 0.706673
1508 0.707696
1517 0.707863
1524 0.70799
1531 0.708752
1553 0.709311
1598 0.709937
1612 0.710203
1652 0.7108
1665 0.711698
1726 0.71212
1765 0.71347
1788 0.713533
1823 0.717667
1856 0.721412
2019 0.725607
2165 0.726373
2169 0.727073
2170 0.728564
2326 0.728965
2513 0.730721
