0 0.483154
1 0.491179
2 0.491466
3 0.497137
6 0.499758
7 0.500253
9 0.503306
10 0.510961
11 0.516364
12 0.518239
15 0.519885
18 0.520484
21 0.525572
23 0.527635
24 0.530945
26 0.537151
30 0.541845
33 0.545038
43 0.546907
45 0.554413
47 0.557299
58 0.557834
60 0.565553
66 0.568455
69 0.569344
78 0.571122
81 0.57497
86 0.576873
87 0.578657
88 0.580134
98 0.583341
106 0.587929
110 0.588988
111 0.589333
113 0.593517
115 0.597621
116 0.599793
118 0.604002
129 0.606426
130 0.61093
136 0.613308
140 0.618011
141 0.619981
143 0.622052
166 0.623435
168 0.623531
169 0.625975
174 0.625981
177 0.626587
183 0.629055
186 0.629728
187 0.630181
192 0.63126
215 0.631772
230 0.635645
242 0.638605
244 0.642274
264 0.643727
279 0.646791
281 0.646826
297 0.648196
303 0.649009
313 0.649529
325 0.652309
326 0.652634
335 0.653829
368 0.658245
383 0.660749
385 0.661062
410 0.661893
447 0.664653
455 0.666854
459 0.667118
478 0.667495
492 0.668589
493 0.670412
494 0.674746
518 0.677762
541 0.677912
552 0.678625
597 0.67931
616 0.685376
655 0.688315
666 0.692164
667 0.693392
715 0.695363
746 0.69608
772 0.698413
794 0.698835
881 0.701453
890 0.702551
946 0.704678
969 0.70634
1011 0.708547
1013 0.70876
1015 0.709408
1059 0.709416
1069 0.709916
1175 0.710037
1271 0.710131
1329 0.71099
1483 0.713581
