0 0.496847
1 0.499105
2 0.502629
6 0.506858
7 0.518081
9 0.518831
10 0.523706
11 0.526232
12 0.527079
14 0.534638
15 0.54087
16 0.553767
18 0.555682
22 0.557576
25 0.560816
26 0.561405
34 0.567225
35 0.572691
39 0.575557
50 0.582399
54 0.584716
58 0.585732
60 0.588915
63 0.591455
65 0.59203
76 0.594296
79 0.597224
81 0.597826
88 0.599626
90 0.599773
98 0.602871
99 0.604254
100 0.605071
124 0.605312
143 0.605607
149 0.608992
151 0.611715
152 0.615718
159 0.61743
166 0.618782
171 0.620806
179 0.622502
191 0.623042
197 0.624247
217 0.626848
228 0.626911
245 0.630273
249 0.63451
275 0.634836
285 0.635018
289 0.638693
301 0.643842
302 0.643894
316 0.64445
319 0.649374
321 0.649694
334 0.652128
348 0.653571
356 0.653713
360 0.656133
370 0.657819
412 0.658742
435 0.661019
447 0.661621
470 0.66334
485 0.665352
504 0.665739
528 0.666097
542 0.667144
589 0.667887
601 0.672092
654 0.675635
711 0.676019
738 0.679314
756 0.681674
758 0.682255
765 0.686078
768 0.686555
779 0.687399
827 0.688275
896 0.690407
907 0.692479
986 0.693418
1077 0.696546
1128 0.696579
1223 0.69746
1420 0.698068
1668 0.698628
1795 0.698697
