0 0.497984
1 0.501013
2 0.503919
4 0.505384
10 0.50807
13 0.5128
15 0.517694
16 0.525454
18 0.534318
21 0.534634
22 0.537162
26 0.539219
27 0.539846
32 0.546434
37 0.54918
40 0.555616
41 0.566985
43 0.572669
50 0.572993
53 0.57458
55 0.577505
56 0.578249
57 0.580136
63 0.587783
65 0.588448
67 0.593286
75 0.596989
76 0.608782
81 0.60999
85 0.613951
87 0.615331
101 0.61743
108 0.618699
110 0.619086
116 0.62115
118 0.622843
147 0.626639
151 0.629309
163 0.629556
170 0.631597
172 0.632187
182 0.639282
184 0.641352
196 0.644624
229 0.648924
238 0.649095
245 0.652526
267 0.655061
296 0.65622
306 0.657699
307 0.661211
323 0.661803
324 0.668842
354 0.669765
386 0.67187
387 0.672507
404 0.67437
407 0.676214
423 0.679718
435 0.680248
442 0.681595
463 0.682897
485 0.683163
517 0.683978
553 0.684959
560 0.686665
569 0.688204
572 0.689388
586 0.692641
594 0.693645
633 0.695735
702 0.698243
741 0.698502
747 0.698536
818 0.70072
895 0.701554
958 0.702827
983 0.705198
993 0.706635
995 0.709877
1037 0.710644
1054 0.712395
1070 0.714216
1093 0.717422
1230 0.717905
1326 0.718875
1400 0.719232
1439 0.721059
1537 0.723871
1679 0.725142
