0 0.482618
1 0.483545
3 0.489657
4 0.48996
5 0.496139
6 0.496778
9 0.500728
10 0.507917
11 0.512153
15 0.514352
16 0.519552
17 0.526931
18 0.530934
23 0.541099
25 0.542735
26 0.545391
27 0.548357
30 0.552725
33 0.561642
38 0.561786
39 0.562864
46 0.566112
47 0.566406
48 0.573752
52 0.575755
53 0.576762
55 0.585084
59 0.586112
64 0.588745
67 0.589069
71 0.589109
75 0.590107
78 0.592663
81 0.59834
82 0.601747
91 0.601802
102 0.603061
108 0.603643
118 0.607542
125 0.608337
131 0.615999
138 0.617233
146 0.618167
153 0.624572
155 0.624977
156 0.626375
166 0.627655
168 0.629425
169 0.632919
176 0.633771
191 0.63472
194 0.637669
202 0.640734
218 0.645206
222 0.64849
228 0.650386
232 0.651021
233 0.657004
245 0.658294
251 0.660252
255 0.662232
257 0.663804
259 0.665467
260 0.667422
261 0.669347
264 0.67302
280 0.673834
326 0.674842
334 0.6772
357 0.677524
360 0.678797
362 0.679198
368 0.680251
372 0.686834
406 0.688065
427 0.688811
431 0.688861
446 0.689113
480 0.695729
510 0.69673
540 0.696907
565 0.697083
568 0.699467
633 0.702145
674 0.703371
675 0.706278
764 0.709774
820 0.710334
840 0.710363
874 0.712437
893 0.713462
1007 0.715855
1017 0.716406
1071 0.718345
1119 0.718364
1149 0.720235
1205 0.720289
1449 0.721156
