0 0.487785
2 0.490361
3 0.495797
4 0.497856
5 0.500014
6 0.503111
7 0.508276
8 0.508729
9 0.510281
11 0.517018
16 0.522767
19 0.525038
20 0.529338
23 0.52935
24 0.529887
26 0.534073
27 0.53423
29 0.534929
30 0.535792
32 0.537456
37 0.542135
41 0.546996
43 0.54738
51 0.548363
64 0.54838
66 0.550153
85 0.554607
87 0.557203
90 0.562432
92 0.568728
107 0.569022
110 0.569058
112 0.569395
119 0.570571
120 0.574498
123 0.586331
131 0.592366
142 0.593333
147 0.595958
155 0.601617
157 0.603691
158 0.605237
161 0.605353
170 0.605398
195 0.610612
219 0.614548
249 0.61498
266 0.616338
279 0.616605
297 0.619709
302 0.620794
312 0.622915
323 0.624713
333 0.626385
344 0.631524
355 0.633712
358 0.63779
374 0.639268
380 0.640183
382 0.645794
396 0.645838
407 0.648917
425 0.649545
427 0.651702
474 0.655233
476 0.657385
487 0.659545
499 0.660175
503 0.660423
530 0.660718
545 0.667422
546 0.66766
586 0.66969
600 0.670282
602 0.67142
611 0.67368
634 0.674516
651 0.677071
662 0.677959
678 0.679223
715 0.680061
754 0.681842
808 0.682204
823 0.685355
836 0.685967
838 0.687854
855 0.687933
860 0.690679
891 0.691394
946 0.692005
967 0.69816
971 0.698541
999 0.698609
1021 0.698623
1096 0.700023
1137 0.70045
1160 0.701584
1167 0.702038
1168 0.702316
1180 0.702664
1208 0.703195
1225 0.704444
1256 0.704865
1286 0.706635
1530 0.709712
1678 0.709851
1880 0.710556
