0 0.501705
2 0.501851
3 0.508192
5 0.516547
6 0.517767
13 0.520095
14 0.525762
18 0.526291
19 0.529061
20 0.529828
24 0.533326
32 0.538531
34 0.539964
35 0.550511
36 0.556407
40 0.557961
41 0.561729
47 0.56247
49 0.563749
51 0.568424
59 0.569643
60 0.570271
67 0.575154
69 0.578972
72 0.579071
82 0.579612
85 0.581336
92 0.582243
94 0.596325
108 0.596603
117 0.597623
121 0.598919
125 0.601033
128 0.601304
148 0.60423
150 0.605341
163 0.60685
165 0.607967
168 0.612959
169 0.615494
170 0.61751
176 0.617957
183 0.619389
189 0.623835
191 0.62741
209 0.630306
240 0.632933
251 0.640774
261 0.643955
265 0.650784
275 0.651865
289 0.651982
301 0.652842
308 0.656696
321 0.657135
327 0.660043
333 0.66038
340 0.660574
341 0.661147
379 0.66245
393 0.663739
433 0.666516
446 0.66757
453 0.672724
463 0.673618
465 0.67562
487 0.67682
505 0.680396
519 0.681257
529 0.682815
576 0.683382
617 0.683788
623 0.684002
656 0.685194
666 0.685541
703 0.685759
728 0.686429
731 0.688533
738 0.69079
778 0.695063
801 0.695524
806 0.697464
947 0.698537
961 0.700241
1015 0.701014
1033 0.701895
1061 0.702025
1195 0.702399
