0 0.482814
2 0.487719
4 0.492646
9 0.493954
12 0.493965
15 0.495639
19 0.502939
20 0.507907
21 0.510312
24 0.511544
25 0.514802
26 0.518042
28 0.518537
30 0.520018
32 0.529498
33 0.532064
34 0.535882
37 0.538415
42 0.546176
43 0.546294
46 0.548118
47 0.552846
49 0.562149
50 0.565368
55 0.566413
66 0.574917
67 0.583123
70 0.584459
71 0.585264
75 0.587337
82 0.58876
90 0.589366
92 0.590703
98 0.593243
102 0.594824
104 0.595961
105 0.598631
116 0.601813
118 0.60297
121 0.603283
130 0.608725
132 0.609631
136 0.611909
142 0.613547
146 0.615564
155 0.618682
159 0.62089
161 0.621812
166 0.623328
181 0.627487
186 0.629907
216 0.633655
240 0.638157
243 0.639935
246 0.640602
254 0.64231
255 0.645123
256 0.648622
293 0.654608
296 0.657349
298 0.658557
312 0.659889
328 0.662219
330 0.662341
331 0.664529
367 0.664802
371 0.665746
415 0.668204
436 0.681423
463 0.682981
508 0.684362
542 0.687301
632 0.68954
693 0.689688
761 0.690075
848 0.690364
904 0.690906
913 0.691345
946 0.691779
973 0.693193
994 0.693581
1200 0.696145
