0 0.484624
1 0.486414
2 0.498706
4 0.499062
5 0.500304
9 0.501368
12 0.503102
13 0.50565
14 0.512527
15 0.517384
19 0.520411
20 0.520915
21 0.524895
22 0.530264
23 0.534499
25 0.536356
28 0.541257
29 0.546507
33 0.552719
48 0.557249
51 0.56527
52 0.565955
58 0.566611
59 0.569561
60 0.575137
74 0.578434
76 0.578806
78 0.579248
80 0.579617
85 0.583248
88 0.588232
89 0.589694
93 0.590303
94 0.591331
96 0.594754
110 0.598866
114 0.602886
128 0.606577
152 0.607137
154 0.609535
155 0.615921
167 0.619035
186 0.619662
199 0.620202
201 0.622639
226 0.622917
227 0.625807
230 0.62609
245 0.626096
250 0.626673
266 0.626977
277 0.627063
290 0.629257
297 0.631358
304 0.632659
318 0.636627
330 0.637436
332 0.639598
333 0.641899
336 0.643456
344 0.647733
352 0.647884
374 0.649599
377 0.649715
399 0.650405
400 0.651946
402 0.652714
414 0.652851
415 0.654356
454 0.656879
479 0.657588
486 0.659249
508 0.659785
515 0.660576
523 0.662951
531 0.664859
562 0.665728
566 0.666025
587 0.666508
612 0.668793
618 0.670309
627 0.672048
657 0.672096
659 0.67218
665 0.672293
693 0.673648
695 0.674197
700 0.675333
725 0.677391
733 0.678744
769 0.680895
781 0.681482
809 0.681733
822 0.6854
850 0.689369
857 0.691624
860 0.693781
864 0.694904
893 0.695818
922 0.698858
985 0.698894
1005 0.69913
1086 0.700208
1096 0.700415
1149 0.700849
1156 0.703376
1210 0.704399
1230 0.70521
1235 0.705999
1273 0.708608
1301 0.71127
1344 0.712296
1390 0.712529
1489 0.715254
1510 0.715701
1538 0.717886
1609 0.719815
1742 0.720839
1791 0.721746
1843 0.722063
1918 0.723515
2136 0.72382
2182 0.72396
