0 0.535777
1 0.541906
3 0.542508
8 0.543332
9 0.545623
11 0.547147
17 0.547716
19 0.553174
25 0.553887
26 0.554935
29 0.559494
33 0.562393
35 0.563863
37 0.572468
41 0.574921
44 0.576216
45 0.576437
49 0.580918
50 0.582114
51 0.585562
65 0.592001
71 0.594511
72 0.594724
73 0.595516
75 0.596424
78 0.600938
82 0.60338
88 0.604614
89 0.605968
96 0.606485
97 0.606898
106 0.607502
126 0.610061
136 0.610467
137 0.622479
151 0.624146
157 0.626587
170 0.628512
179 0.630837
200 0.635263
201 0.638986
202 0.640569
203 0.64207
217 0.642524
223 0.643848
226 0.644497
232 0.644837
243 0.647329
255 0.649136
281 0.649587
310 0.655216
368 0.656763
395 0.657521
410 0.657921
417 0.659774
418 0.659975
443 0.660488
446 0.663226
472 0.668131
476 0.67079
505 0.671469
548 0.672577
581 0.673032
613 0.675314
636 0.677526
654 0.678421
695 0.679051
696 0.679658
721 0.67975
725 0.681341
733 0.682533
745 0.682643
761 0.684622
779 0.685853
794 0.686047
807 0.687319
860 0.69101
868 0.692549
996 0.693912
1011 0.694626
1023 0.698122
1205 0.699918
1256 0.70017
1353 0.700802
1388 0.701748
1456 0.705766
1459 0.706186
1538 0.706539
