0 0.486567
2 0.489285
3 0.490756
4 0.49214
5 0.494508
6 0.495282
9 0.495414
10 0.500055
11 0.502568
12 0.50519
14 0.508447
17 0.515108
21 0.521326
23 0.522664
24 0.525666
27 0.525896
28 0.527923
29 0.540441
31 0.542786
34 0.549536
39 0.550744
43 0.554624
48 0.555067
50 0.556472
51 0.563231
52 0.564405
54 0.565064
58 0.566415
59 0.568877
61 0.569264
62 0.572514
64 0.573263
66 0.581517
71 0.586856
73 0.590905
75 0.595755
78 0.596248
81 0.599336
82 0.600208
84 0.601005
86 0.601052
88 0.605356
95 0.606167
102 0.607146
103 0.608468
113 0.610089
115 0.610953
117 0.617269
121 0.618066
128 0.619783
132 0.619833
148 0.622551
151 0.626602
154 0.627668
164 0.628335
184 0.629094
187 0.632769
191 0.636017
206 0.645821
209 0.647197
240 0.647457
243 0.650008
244 0.65263
249 0.654893
274 0.655264
277 0.656808
283 0.657905
295 0.662102
322 0.662337
330 0.662609
340 0.664559
361 0.665857
362 0.668081
374 0.668533
384 0.668615
419 0.672078
435 0.673217
456 0.677232
478 0.6802
488 0.683044
521 0.685487
523 0.685696
533 0.686008
549 0.689074
638 0.691088
639 0.692881
655 0.693259
695 0.693342
733 0.694519
844 0.694527
859 0.694678
919 0.695457
926 0.697028
943 0.698231
953 0.698564
1041 0.699557
1199 0.700797
1233 0.70144
1250 0.702547
1257 0.704416
1260 0.705769
1278 0.706845
1319 0.707074
1349 0.709794
1400 0.712946
1550 0.713177
1647 0.715068
