1 0.48972646534653
2 0.49082488118812
3 0.49201033663366
4 0.49327904950495
5 0.49427402970297
6 0.49550462376238
7 0.49630557425743
8 0.49749517821782
9 0.49873668316832
10 0.49979489108911
11 0.50090353465347
12 0.50200493069307
13 0.5029523960396
14 0.50396687128713
15 0.50483254455446
16 0.50586228712871
17 0.50694297029703
18 0.50788343564356
19 0.50895366336634
20 0.50974904950495
21 0.51058254455446
22 0.51145646534653
23 0.51211783168317
24 0.51292054455446
25 0.51370317821782
26 0.51453792079208
27 0.51572268316832
28 0.5165857029703
29 0.51746962376238
30 0.51821676237624
31 0.5191461980198
32 0.5199616039604
33 0.52067961386139
34 0.52160804950495
35 0.52246245544554
36 0.52338327722772
37 0.52406428712871
38 0.52485754455446
39 0.52561517821782
40 0.52625267326733
41 0.52695971287129
42 0.52757827722772
43 0.52836325742574
44 0.52917955445545
45 0.53014910891089
46 0.53088668316832
47 0.5317261980198
48 0.53263724752475
49 0.53340848514851
50 0.53431597029703
51 0.5348746039604
52 0.53550948514851
53 0.53626659405941
54 0.53692379207921
55 0.5376242970297
56 0.53833967326733
57 0.539164
58 0.53960502970297
59 0.54025820792079
60 0.54109953465347
61 0.54173736633663
62 0.54240872277228
63 0.54302884158416
64 0.54383894059406
65 0.54426317821782
66 0.54480021782178
67 0.54555030693069
68 0.54612682178218
69 0.5469858019802
70 0.54742366336634
71 0.54811844554455
72 0.54870717821782
73 0.54940027722772
74 0.54984254455446
75 0.55054215841584
76 0.551196
77 0.55181116831683
78 0.5523832970297
79 0.55335200990099
80 0.55390235643564
81 0.55450966336634
82 0.55496763366337
83 0.55531541584158
84 0.55586947524752
85 0.5564354950495
86 0.55713854455446
87 0.55767395049505
88 0.5582049009901
89 0.55869021782178
90 0.55907486138614
91 0.55945973267327
92 0.56013241584158
93 0.56077531683168
94 0.56110228712871
95 0.56159334653465
96 0.56226944554455
97 0.56309079207921
98 0.56388376237624
99 0.56424072277228
100 0.56487907920792
101 0.5655818019802
102 0.56614137623762
103 0.5667722970297
104 0.56728610891089
105 0.56778582178218
106 0.56846957425743
107 0.56895820792079
108 0.56946797029703
109 0.56974088118812
110 0.57035751485149
111 0.57094831683168
112 0.57149607920792
113 0.57185289108911
114 0.57213706930693
115 0.57250694059406
116 0.57302825742574
117 0.57357301980198
118 0.57407743564356
119 0.57441553465347
120 0.57499403960396
121 0.57545091089109
122 0.57599347524752
123 0.57650379207921
124 0.57693937623762
125 0.57746031683168
126 0.57808012871287
127 0.57842042574257
128 0.57885299009901
129 0.57940833663366
130 0.57989154455446
131 0.58019082178218
132 0.58079920792079
133 0.58130334653465
134 0.58176175247525
135 0.58218801980198
136 0.58261562376238
137 0.58306998019802
138 0.58335382178218
139 0.58375163366337
140 0.5841746039604
141 0.58453734653465
142 0.58482621782178
143 0.58531386138614
144 0.58563367326733
145 0.58599187128713
146 0.58636898019802
147 0.58685372277228
148 0.58720044554455
149 0.58765946534653
150 0.58826082178218
151 0.58884333663366
152 0.58932872277228
153 0.58994344554455
154 0.59046840594059
155 0.59078553465347
156 0.59136120792079
157 0.59172677227723
158 0.59209504950495
159 0.59278302970297
160 0.59315881188119
161 0.59365841584158
162 0.59391014851485
163 0.5943553960396
164 0.59474326732673
165 0.59509695049505
166 0.59547161386139
167 0.5957670990099
168 0.59618261386139
169 0.5966135049505
170 0.59683911881188
171 0.59741087128713
172 0.59778582178218
173 0.59824859405941
174 0.59856364356436
175 0.59895279207921
176 0.59927477227723
177 0.59953030693069
178 0.59969121782178
179 0.6001201980198
180 0.60040974257426
181 0.60078513861386
182 0.60119452475248
183 0.60167668316832
184 0.60203542574257
185 0.60233969306931
186 0.6026163960396
187 0.60293815841584
188 0.60338517821782
189 0.60377453465347
190 0.60416668316832
191 0.60448334653465
192 0.60483278217822
193 0.60530615841584
194 0.60561174257426
195 0.60599693069307
196 0.60645398019802
197 0.60691974257426
198 0.60729905940594
199 0.60763115841584
200 0.60791042574257
201 0.60842110891089
202 0.60870273267327
203 0.60911801980198
204 0.60943024752475
205 0.60979048514851
206 0.6101863960396
207 0.61039023762376
208 0.61069411881188
209 0.61088899009901
210 0.611203
211 0.61148193069307
212 0.61180401980198
213 0.61227257425743
214 0.61254627722772
215 0.61279300990099
216 0.61295767326733
217 0.6133024950495
218 0.61356931683168
219 0.61374315841584
220 0.61408171287129
221 0.61429997029703
222 0.61448727722772
223 0.61472948514851
224 0.61489330693069
225 0.61515624752475
226 0.61541396039604
227 0.61559321782178
228 0.61591298019802
229 0.61614822772277
230 0.61632303960396
231 0.61664081188119
232 0.61681707920792
233 0.617186
234 0.61744930693069
235 0.61778787128713
236 0.61805748514851
237 0.61827810891089
238 0.61860582178218
239 0.61897359405941
240 0.61926927722772
241 0.61959287128713
242 0.61996478217822
243 0.62015677227723
244 0.62040945544554
245 0.62058400990099
246 0.62083802970297
247 0.62106712871287
248 0.62136966336634
249 0.62175361386139
250 0.62200065346535
251 0.62220614851485
252 0.62247602970297
253 0.62276059405941
254 0.62288137623762
255 0.62325600990099
256 0.62356038613861
257 0.62387873267327
258 0.62403916831683
259 0.62425235643564
260 0.6243870990099
261 0.62462555445545
262 0.62478993069307
263 0.62507064356436
264 0.6253638019802
265 0.62554550495049
266 0.62574540594059
267 0.62600121782178
268 0.6262656039604
269 0.62659781188119
270 0.62679441584158
271 0.62714501980198
272 0.62737175247525
273 0.62772030693069
274 0.62799758415842
275 0.62827674257426
276 0.62853236633663
277 0.62873278217822
278 0.62917889108911
279 0.6293352970297
280 0.62956373267327
281 0.62970947524752
282 0.63008957425743
283 0.63037597029703
284 0.63080087128713
285 0.63104137623762
286 0.63130611881188
287 0.63141464356436
288 0.6315260990099
289 0.63168414851485
290 0.63198062376238
291 0.6322323960396
292 0.63238345544554
293 0.63252666336634
294 0.63267991089109
295 0.63275043564356
296 0.63294505940594
297 0.63306431683168
298 0.63328287128713
299 0.63338341584158
300 0.63359957425743
301 0.63385789108911
302 0.63412003960396
303 0.63433926732673
304 0.63453115841584
305 0.63474713861386
306 0.63500440594059
307 0.63529668316832
308 0.63557924752475
309 0.63580113861386
310 0.63604925742574
311 0.63632859405941
312 0.63659266336634
313 0.63676874257426
314 0.63694497029703
315 0.63719038613861
316 0.6375519009901
317 0.63768718811881
318 0.63785628712871
319 0.63800504950495
320 0.63819778217822
321 0.63837651485149
322 0.63864140594059
323 0.63880038613861
324 0.63895498019802
325 0.63908172277228
326 0.63931103960396
327 0.63950200990099
328 0.63977932673267
329 0.64004237623762
330 0.64021212871287
331 0.64049099009901
332 0.64065222772277
333 0.64076589108911
334 0.64103564356436
335 0.64125757425743
336 0.64150733663366
337 0.64173654455446
338 0.64196062376238
339 0.64236332673267
340 0.64250114851485
341 0.64268388118812
342 0.64280496039604
343 0.64286093069307
344 0.64301316831683
345 0.64318548514851
346 0.64339484158416
347 0.64352717821782
348 0.64384414851485
349 0.64391123762376
350 0.64400002970297
351 0.64410878217822
352 0.64427279207921
353 0.64447587128713
354 0.64457646534653
355 0.64474058415842
356 0.64484506930693
357 0.64501368316832
358 0.64513402970297
359 0.64542456435644
360 0.64559732673267
361 0.64587585148515
362 0.64602234653465
363 0.64612016831683
364 0.64633732673267
365 0.64653767326733
366 0.64660095049505
367 0.64661658415842
368 0.64678592079208
369 0.64692066336634
370 0.64712351485149
371 0.64719325742574
372 0.6473850990099
373 0.64757398019802
374 0.64763667326733
375 0.64784192079208
376 0.64791073267327
377 0.64807033663366
378 0.64826111881188
379 0.64847364356436
380 0.64866477227723
381 0.64892607920792
382 0.64904665346535
383 0.64925262376238
384 0.64947161386139
385 0.64962653465347
386 0.64990037623762
387 0.65009369306931
388 0.65016203960396
389 0.6503182970297
390 0.65049026732673
391 0.65061427722772
392 0.65083
393 0.65093561386139
394 0.65106713861386
395 0.65117804950495
396 0.6513548019802
397 0.65138256435644
398 0.65144447524752
399 0.65156052475247
400 0.65165330693069
401 0.65169885148515
402 0.65194618811881
403 0.65217148514851
404 0.65229312871287
405 0.65247810891089
406 0.6527333960396
407 0.65281752475248
408 0.65298763366337
409 0.65310584158416
410 0.65328397029703
411 0.65348482178218
412 0.65364640594059
413 0.65383297029703
414 0.65396458415842
415 0.65422591089109
416 0.6543068019802
417 0.65448020792079
418 0.65481054455446
419 0.65495662376238
420 0.65505605940594
421 0.65529137623762
422 0.65544430693069
423 0.65554002970297
424 0.65575978217822
425 0.65579844554455
426 0.6560358019802
427 0.65619354455446
428 0.65625946534653
429 0.65638085148515
430 0.65644411881188
431 0.65660741584158
432 0.65678325742574
433 0.65694344554455
434 0.65709120792079
435 0.65719067326733
436 0.65736707920792
437 0.65749462376238
438 0.65765800990099
439 0.65779276237624
440 0.65788391089109
441 0.65794337623762
442 0.65817223762376
443 0.65825633663366
444 0.65851762376238
445 0.65870926732673
446 0.65880388118812
447 0.65895989108911
448 0.65906797029703
449 0.65920396039604
450 0.65929486138614
451 0.65932144554455
452 0.65938063366337
453 0.65947640594059
454 0.65960126732673
455 0.65971840594059
456 0.65980696039604
457 0.65990623762376
458 0.6599995049505
459 0.66008002970297
460 0.66028041584158
461 0.66038274257426
462 0.6606019009901
463 0.66074673267327
464 0.66078726732673
465 0.66086173267327
466 0.66106377227723
467 0.66124253465347
468 0.66141337623762
469 0.66144895049505
470 0.66164087128713
471 0.6617415049505
472 0.66186358415842
473 0.66205148514851
474 0.66210220792079
475 0.66219669306931
476 0.66228298019802
477 0.66243844554455
478 0.66252928712871
479 0.66260713861386
480 0.66271804950495
481 0.66290363366337
482 0.66294287128713
483 0.66305554455446
484 0.66320320792079
485 0.66329759405941
486 0.6633528019802
487 0.66343736633663
488 0.66355455445545
489 0.66366062376238
490 0.663913
491 0.66405813861386
492 0.66409723762376
493 0.66413364356436
494 0.66427586138614
495 0.66438034653465
496 0.66444371287129
497 0.664577
498 0.66485569306931
499 0.66494420792079
500 0.66502496039604
501 0.66509872277228
502 0.66521945544554
503 0.66528397029703
504 0.66538365346535
505 0.66548955445545
506 0.66560945544554
507 0.66571847524752
508 0.66578113861386
509 0.66592230693069
510 0.66595525742574
511 0.66598352475248
512 0.66614611881188
513 0.66622125742574
514 0.66629434653465
515 0.66635520792079
516 0.66640447524752
517 0.6664367029703
518 0.66651388118812
519 0.66664762376238
520 0.66673215841584
521 0.66684994059406
522 0.66701525742574
523 0.6671026039604
524 0.66714855445545
525 0.66721118811881
526 0.66725688118812
527 0.66731671287129
528 0.6674592970297
529 0.66750589108911
530 0.66760003960396
531 0.66766877227723
532 0.6676892970297
533 0.66776393069307
534 0.66785192079208
535 0.6679309009901
536 0.66797068316832
537 0.66802657425743
538 0.6681549009901
539 0.66822327722772
540 0.66835806930693
541 0.66844688118812
542 0.66851751485149
543 0.66854200990099
544 0.66866859405941
545 0.6687521980198
546 0.66880381188119
547 0.66894210891089
548 0.66900917821782
549 0.66909238613861
550 0.66929032673267
551 0.66938151485149
552 0.66946491089109
553 0.66952541584158
554 0.66966692079208
555 0.66976224752475
556 0.66983008910891
557 0.66989201980198
558 0.66999667326733
559 0.67001726732673
560 0.67007506930693
561 0.67013059405941
562 0.6701692970297
563 0.6701896039604
564 0.6702829009901
565 0.67032640594059
566 0.67044436633663
567 0.67057846534653
568 0.67064018811881
569 0.67077561386139
570 0.67080894059406
571 0.67092942574257
572 0.67098397029703
573 0.67114273267327
574 0.67127347524752
575 0.67130834653465
576 0.6714093960396
577 0.67159300990099
578 0.67164291089109
579 0.67173911881188
580 0.67183448514851
581 0.6719268019802
582 0.67195708910891
583 0.67199796039604
584 0.67208405940594
585 0.67220986138614
586 0.67231586138614
587 0.67234457425743
588 0.67248856435644
589 0.67260718811881
590 0.67264799009901
591 0.67269003960396
592 0.67275535643564
593 0.67282913861386
594 0.67283928712871
595 0.67286286138614
596 0.67291766336634
597 0.67307158415842
598 0.67315971287129
599 0.67318402970297
600 0.67319859405941
601 0.67327489108911
602 0.67333713861386
603 0.67340851485149
604 0.67347879207921
605 0.6735716039604
606 0.67365883168317
607 0.67371465346535
608 0.67377891089109
609 0.67388761386139
610 0.67395831683168
611 0.67400524752475
612 0.67402771287129
613 0.67412787128713
614 0.67433806930693
615 0.67443686138614
616 0.67448900990099
617 0.67455407920792
618 0.67455697029703
619 0.67461671287129
620 0.67470556435644
621 0.67475471287129
622 0.67484658415842
623 0.67502664356436
624 0.67517118811881
625 0.67523958415842
626 0.67538566336634
627 0.67544450495049
628 0.67549176237624
629 0.67562212871287
630 0.67567116831683
631 0.67577879207921
632 0.67579889108911
633 0.67583658415842
634 0.67588743564356
635 0.67592569306931
636 0.6759412970297
637 0.67598836633663
638 0.67608579207921
639 0.67612403960396
640 0.67618045544554
641 0.67623576237624
642 0.6763327029703
643 0.67637174257426
644 0.67642002970297
645 0.6764736039604
646 0.67649673267327
647 0.67658136633663
648 0.67664876237624
649 0.67679947524752
650 0.67682587128713
651 0.67686902970297
652 0.67691856435644
653 0.67697889108911
654 0.67713589108911
655 0.67715040594059
656 0.67715656435644
657 0.67722147524752
658 0.67730555445545
659 0.67736498019802
660 0.6774866039604
661 0.67754414851485
662 0.67760808910891
663 0.67763131683168
664 0.67771881188119
665 0.67775634653465
666 0.67782156435644
667 0.67785482178218
668 0.67790242574257
669 0.67802176237624
670 0.67809641584158
671 0.67815220792079
672 0.67820771287129
673 0.67830818811881
674 0.67834134653465
675 0.67841278217822
676 0.67847763366337
677 0.67857127722772
678 0.67874179207921
679 0.67874668316832
680 0.67882443564356
681 0.67891233663366
682 0.67893159405941
683 0.67899282178218
684 0.6790424950495
685 0.6791263960396
686 0.67919267326733
687 0.67924495049505
688 0.67929801980198
689 0.67934378217822
690 0.67936293069307
691 0.67941544554455
692 0.67948947524752
693 0.67959617821782
694 0.67964013861386
695 0.67964693069307
696 0.67981178217822
697 0.6798654950495
698 0.67999873267327
699 0.68001308910891
700 0.680111
701 0.68019172277228
702 0.68026387128713
703 0.680328
704 0.68035163366337
705 0.68040583168317
706 0.68042638613861
707 0.68052231683168
708 0.68064787128713
709 0.68069515841584
710 0.68075456435644
711 0.68079877227723
713 0.68090453465347
714 0.68099176237624
715 0.68106099009901
716 0.68124937623762
717 0.68131665346535
718 0.68134376237624
719 0.68138405940594
720 0.68140530693069
721 0.68152954455446
722 0.68160412871287
723 0.68168372277228
724 0.68172593069307
725 0.68174776237624
726 0.68175855445545
727 0.68178083168317
728 0.68180486138614
729 0.68184967326733
730 0.68192407920792
731 0.68195120792079
732 0.68197592079208
733 0.68205977227723
734 0.68222878217822
735 0.68227588118812
736 0.68233140594059
737 0.68237706930693
738 0.68246230693069
739 0.6825034950495
740 0.68254965346535
741 0.68257855445545
742 0.68258462376238
743 0.6825995049505
744 0.68267369306931
745 0.6827240990099
746 0.68282295049505
747 0.68284174257426
748 0.6829096039604
749 0.6829689009901
750 0.6830394950495
751 0.68305092079208
752 0.68315523762376
753 0.68319343564356
754 0.68321341584158
755 0.68325882178218
756 0.68336143564356
757 0.68339388118812
758 0.68346942574257
759 0.68354103960396
760 0.68358164356436
761 0.68365544554455
762 0.68371457425743
763 0.6837242970297
764 0.68373966336634
765 0.68383099009901
766 0.6838907029703
767 0.68395412871287
768 0.68397667326733
770 0.68399265346535
771 0.68402514851485
772 0.68404055445545
773 0.68405092079208
774 0.68406472277228
775 0.68410340594059
776 0.68416438613861
779 0.68419863366337
780 0.68425791089109
781 0.68438730693069
782 0.68445530693069
783 0.6845262970297
784 0.68458528712871
786 0.68466496039604
787 0.68472516831683
788 0.68477758415842
789 0.68480396039604
791 0.68490220792079
792 0.68495362376238
793 0.68495662376238
795 0.68500407920792
796 0.68500923762376
797 0.6850311980198
798 0.68509086138614
799 0.68526291089109
800 0.68537386138614
801 0.68544572277228
802 0.68555593069307
804 0.68561285148515
805 0.68566114851485
806 0.68568321782178
807 0.68573132673267
808 0.68574091089109
809 0.68576551485148
810 0.68580921782178
812 0.68586591089109
813 0.68588463366337
815 0.68592661386139
816 0.68593792079208
817 0.68593885148515
818 0.68600392079208
819 0.68604738613861
820 0.68611756435644
821 0.68621818811881
822 0.68627442574257
823 0.68629715841584
824 0.68629882178218
825 0.68632940594059
826 0.68635999009901
827 0.6863769009901
828 0.68640215841584
829 0.68644915841584
830 0.68648189108911
831 0.68648562376238
832 0.68654900990099
833 0.68661533663366
834 0.68666569306931
835 0.68671979207921
836 0.686756
837 0.68687742574257
839 0.68702903960396
840 0.68704091089109
841 0.68707954455446
842 0.68712045544554
843 0.68719352475248
844 0.68720287128713
845 0.68721644554455
846 0.68725400990099
847 0.6873001980198
848 0.68739485148515
849 0.68746161386139
850 0.68747866336634
851 0.68752651485149
852 0.68754997029703
853 0.68756947524752
854 0.68757867326733
855 0.6876417029703
856 0.68772269306931
857 0.68776271287129
858 0.68777015841584
859 0.6877843960396
860 0.68783198019802
862 0.687853
864 0.68792459405941
865 0.68793568316832
867 0.6879461980198
868 0.68803335643564
869 0.68807033663366
870 0.68812114851485
871 0.68812574257426
872 0.68812813861386
873 0.68822764356436
874 0.68826699009901
875 0.6883109009901
876 0.68835315841584
877 0.68835637623762
878 0.68839192079208
879 0.68841879207921
880 0.68856061386139
881 0.68861334653465
882 0.68868956435644
883 0.68872824752475
884 0.68877551485149
887 0.68880710891089
888 0.6888628019802
889 0.68889714851485
890 0.68897122772277
891 0.68897762376238
892 0.68902317821782
893 0.6890588019802
894 0.68908685148515
895 0.68915403960396
896 0.68918006930693
897 0.68926556435644
898 0.68929575247525
899 0.68930417821782
900 0.68936325742574
901 0.68942361386139
902 0.68946868316832
903 0.68951586138614
904 0.68957955445545
905 0.68958092079208
906 0.689612
908 0.68962276237624
909 0.68962538613861
910 0.68967964356436
911 0.68973087128713
912 0.68977693069307
913 0.68979484158416
914 0.68985346534653
915 0.6899068019802
916 0.68997596039604
917 0.69002254455446
918 0.69004573267327
919 0.69012091089109
920 0.69013453465347
921 0.69016573267327
922 0.69024896039604
923 0.69026031683168
924 0.69027372277228
925 0.69030694059406
926 0.69033130693069
927 0.69038089108911
928 0.69043211881188
929 0.69048241584158
930 0.69052556435644
931 0.69057211881188
932 0.69059859405941
933 0.69061737623762
934 0.69062367326733
935 0.69062678217822
938 0.69068478217822
939 0.6907732970297
940 0.69082791089109
941 0.69086772277228
942 0.69087197029703
943 0.69089308910891
944 0.69089771287129
945 0.69090416831683
946 0.69093106930693
947 0.69097997029703
948 0.69098264356436
949 0.69098608910891
950 0.69101548514851
951 0.69101634653465
952 0.69102741584158
953 0.69103467326733
954 0.69110079207921
955 0.69116264356436
956 0.6912162970297
957 0.69122028712871
958 0.69122385148515
959 0.69123685148515
961 0.69129907920792
962 0.6913338019802
963 0.6913531980198
964 0.69138663366337
965 0.6914316039604
966 0.69143533663366
967 0.69144526732673
968 0.69144765346535
970 0.6914841980198
971 0.69150011881188
972 0.6915236039604
973 0.69155608910891
974 0.69158095049505
975 0.69163383168317
976 0.69164745544554
977 0.69168328712871
979 0.69173246534653
981 0.69176234653465
982 0.69181295049505
983 0.69182257425743
984 0.69186207920792
986 0.69188365346535
988 0.6920020990099
991 0.69201658415842
993 0.6920347029703
994 0.69205006930693
995 0.69209095049505
996 0.69210806930693
997 0.69214407920792
998 0.69217001980198
999 0.69217411881188
1000 0.69222141584158
1002 0.69230257425743
1003 0.69237933663366
1005 0.69241459405941
1006 0.69242235643564
1007 0.69243835643564
1008 0.69244648514851
1009 0.69247062376238
1010 0.6924793960396
1011 0.69249024752475
1012 0.69249211881188
1013 0.69249223762376
1014 0.69254102970297
1015 0.69257048514851
1016 0.69258105940594
1017 0.69259418811881
1018 0.69261474257426
1019 0.69268085148515
1020 0.69271487128713
1021 0.69272933663366
1022 0.69276605940594
1023 0.69278941584158
1024 0.6928274950495
1025 0.69287505940594
1026 0.69288492079208
1027 0.69289824752475
1028 0.69293224752475
1030 0.69296481188119
1031 0.69297541584158
1032 0.69299943564356
1033 0.69300505940594
1034 0.69301402970297
1035 0.69307062376238
1036 0.69311392079208
1038 0.6931385049505
1039 0.6931617029703
1040 0.69318101980198
1041 0.69319286138614
1042 0.69323896039604
1043 0.69325336633663
1044 0.69326987128713
1046 0.69331613861386
1047 0.69337612871287
1048 0.69342633663366
1049 0.6934363960396
1050 0.69347721782178
1051 0.69349154455446
1052 0.69350873267327
1053 0.6935401980198
1054 0.6935466039604
1055 0.69358659405941
1057 0.69359924752475
1058 0.69363466336634
1059 0.69368105940594
1060 0.6936823960396
1061 0.69371627722772
1062 0.693734
1063 0.69373866336634
1064 0.69375213861386
1065 0.69378195049505
1067 0.69382011881188
1068 0.69387098019802
1069 0.69389468316832
1071 0.69389672277228
1072 0.69390777227723
1073 0.69391696039604
1074 0.69395762376238
1075 0.69395804950495
1076 0.69398847524752
1077 0.69400959405941
1078 0.69401231683168
1079 0.69405214851485
1080 0.6940984950495
1081 0.69410897029703
1082 0.6941222970297
1083 0.69412236633663
1084 0.69412301980198
1085 0.69414707920792
1086 0.6941623960396
1087 0.69417543564356
1088 0.69418288118812
1089 0.69420801980198
1090 0.69422611881188
1091 0.69423710891089
1092 0.69424359405941
1093 0.69424363366337
1094 0.69429455445545
1095 0.6943077029703
1096 0.6943130990099
1097 0.69433421782178
1098 0.69437114851485
1100 0.69437961386139
1102 0.69438754455446
1103 0.6944273960396
1104 0.69443608910891
1106 0.69444637623762
1108 0.69445226732673
1110 0.69445346534653
1111 0.69447055445545
1112 0.69449338613861
1115 0.69450825742574
1116 0.69456669306931
1118 0.69458023762376
1119 0.69459061386139
1121 0.69462261386139
1122 0.69466731683168
1123 0.69474850495049
1124 0.69475287128713
1125 0.69475478217822
1126 0.69475888118812
1127 0.69476499009901
1128 0.6948284950495
1129 0.69483535643564
1133 0.69487438613861
1134 0.69487631683168
1135 0.69490017821782
1136 0.69490256435644
1137 0.6949060990099
1138 0.69490716831683
1139 0.69491282178218
1141 0.69492331683168
1142 0.69493140594059
1145 0.69496528712871
1146 0.6950060990099
1147 0.69501195049505
1148 0.69502067326733
1149 0.69502466336634
1150 0.69503025742574
1152 0.6950379009901
1155 0.69506277227723
1156 0.69511459405941
1157 0.69513474257426
1158 0.69513654455446
1159 0.6951822970297
1160 0.69522998019802
1161 0.69524528712871
1162 0.69524805940594
1163 0.69526268316832
1164 0.69528559405941
1167 0.69534310891089
1168 0.69537150495049
1173 0.69539932673267
1175 0.69541338613861
1176 0.69543618811881
1177 0.69545547524752
1180 0.69547198019802
1186 0.69550669306931
1187 0.69556233663366
1189 0.69557513861386
1190 0.69562688118812
1191 0.69566245544554
1192 0.69567406930693
1193 0.69568342574257
1194 0.69571482178218
1195 0.69573516831683
1196 0.69575653465347
1197 0.6957780990099
1198 0.69579917821782
1203 0.69580138613861
1204 0.69583807920792
1205 0.69584987128713
1208 0.69585351485149
1210 0.69586889108911
1211 0.69589427722772
1213 0.69591425742574
1214 0.6959777029703
1215 0.69597805940594
1217 0.69598935643564
1218 0.69608108910891
1219 0.69612927722772
1220 0.69614999009901
1223 0.6961521980198
1225 0.69619196039604
1226 0.69620393069307
1228 0.69620559405941
1229 0.6962793960396
1230 0.69629637623762
1231 0.69633428712871
1233 0.69633676237624
1237 0.69635286138614
1238 0.69636267326733
1239 0.69639072277228
1240 0.69641852475248
1241 0.69647322772277
1242 0.69649133663366
1243 0.69650162376238
1244 0.69652942574257
1245 0.6965573960396
1246 0.69659482178218
1247 0.69661502970297
1248 0.69663074257426
1249 0.69663417821782
1250 0.69663769306931
1251 0.69663983168317
1252 0.69666987128713
1254 0.69667750495049
1255 0.69668092079208
1256 0.69668968316832
1258 0.69669924752475
1259 0.69670068316832
1261 0.69672608910891
1264 0.69673730693069
1266 0.69674517821782
1268 0.69676465346535
1269 0.69680262376238
1270 0.69680608910891
1271 0.69681
1275 0.69682545544554
1276 0.69682824752475
1277 0.69684499009901
1278 0.69686682178218
1279 0.69686686138614
1280 0.69687126732673
1281 0.69688828712871
1283 0.69690546534653
1285 0.69690997029703
1286 0.69694789108911
1287 0.696955
1290 0.69697117821782
1292 0.69698708910891
1293 0.69699441584158
1294 0.69700843564356
1296 0.69701527722772
1298 0.69706152475248
1299 0.69707447524752
1301 0.69708888118812
1303 0.69710740594059
1305 0.69712923762376
1306 0.69714192079208
1307 0.69715575247525
1308 0.69716513861386
1309 0.69720446534653
1310 0.69722159405941
1312 0.69723252475248
1313 0.69725435643564
1317 0.69725563366337
1319 0.69727567326733
1321 0.69730207920792
1325 0.69732327722772
1327 0.69736834653465
1329 0.69736971287129
1330 0.69740098019802
1332 0.69741981188119
1333 0.69742845544554
1334 0.69744297029703
1338 0.69746430693069
1340 0.69747283168317
1341 0.6974980990099
1342 0.69750897029703
1343 0.69751059405941
1345 0.69751598019802
1346 0.69753993069307
1348 0.69759003960396
1349 0.69761681188119
1352 0.69764345544554
1358 0.69765406930693
1359 0.69767716831683
1363 0.69767782178218
1364 0.69769858415842
1365 0.6977051980198
1367 0.69773626732673
1368 0.69775362376238
1371 0.69777146534653
1374 0.69777616831683
1378 0.69779735643564
1379 0.69781437623762
1380 0.69784159405941
1382 0.69787161386139
1383 0.69789441584158
1384 0.69791432673267
1385 0.69793447524752
1386 0.69794822772277
1392 0.69796324752475
1401 0.69797265346535
1403 0.69797317821782
1405 0.69797986138614
1407 0.69799048514851
1409 0.69800723762376
1412 0.69802107920792
1413 0.69802836633663
1415 0.69802917821782
1417 0.69803024752475
1420 0.69803701980198
1424 0.69806063366337
1426 0.69806858415842
1428 0.69807818811881
1429 0.69808495049505
1431 0.69809033663366
1433 0.69809379207921
1435 0.69810927722772
1436 0.69812032673267
1438 0.69814808910891
1440 0.69818166336634
1442 0.6981884950495
1443 0.6981979009901
1444 0.69823262376238
1446 0.69824612871287
1447 0.6982653960396
1450 0.69827740594059
1451 0.69828537623762
1452 0.69828678217822
1453 0.69828973267327
1454 0.69830010891089
1455 0.698308
1461 0.69831857425743
1462 0.69832518811881
1465 0.69833397029703
1467 0.69833420792079
1469 0.69833940594059
1470 0.69834802970297
1471 0.69838469306931
1472 0.69839241584158
1475 0.6983946039604
1476 0.69841085148515
1477 0.6984150990099
1479 0.69843620792079
1481 0.69845367326733
1484 0.69845542574257
1485 0.69845675247525
1494 0.69846447524752
1495 0.69846884158416
1498 0.69848343564356
1499 0.698489
1501 0.69849285148515
1505 0.69850894059406
1511 0.69851714851485
1512 0.69852486138614
1513 0.6985379009901
1517 0.69854476237624
1518 0.69855894059406
1519 0.69856354455446
1527 0.69856515841584
1530 0.69858041584158
1533 0.69859132673267
1534 0.69860934653465
1535 0.69863231683168
1538 0.69864327722772
1539 0.69864750495049
1541 0.69865947524752
1543 0.6986764950495
1549 0.69867795049505
1554 0.69868662376238
1555 0.69872403960396
1561 0.69875169306931
1563 0.69875505940594
1569 0.69875922772277
1571 0.69877107920792
1578 0.6987788019802
1583 0.69880116831683
1585 0.69882207920792
1593 0.69882697029703
1594 0.69882807920792
1597 0.69885158415842
1598 0.69886885148515
1599 0.69887067326733
1600 0.69887697029703
1608 0.69889554455446
1615 0.69896521782178
1627 0.69898218811881
1628 0.69898436633663
1631 0.69902015841584
1632 0.69902768316832
1638 0.69905459405941
1640 0.69907905940594
1641 0.6990810990099
1642 0.69909138613861
1651 0.69912218811881
1657 0.69912617821782
1658 0.699131
1662 0.69915613861386
1672 0.69918306930693
1673 0.69918956435644
1676 0.69919593069307
1680 0.699213
1681 0.69921371287129
1682 0.69921523762376
1686 0.69922406930693
1690 0.69923435643564
1694 0.69923872277228
1702 0.69926605940594
1708 0.69926926732673
1718 0.69926987128713
1736 0.69928215841584
1755 0.69928350495049
1769 0.69929578217822
1785 0.6993113960396
1795 0.69931304950495
1797 0.69931389108911
1811 0.69932037623762
1825 0.69934813861386
1830 0.69934972277228
1841 0.69935408910891
1855 0.69938173267327
1860 0.69938303960396
1866 0.69941404950495
1868 0.69943343564356
1874 0.69945355445545
1877 0.69946254455446
1889 0.69947359405941
1919 0.69952233663366
1927 0.69952443564356
1939 0.69952766336634
1951 0.6995634950495
1952 0.69956663366337
1974 0.69958257425743
1978 0.69958442574257
1988 0.69961042574257
2089 0.69961441584158
2127 0.69961511881188
2184 0.69962183168317
2247 0.69963134653465
2255 0.69963571287129
2357 0.69964206930693
