0 0.512784
7 0.512913
9 0.513121
10 0.516031
11 0.517998
13 0.518195
15 0.519223
16 0.520376
18 0.522743
20 0.524457
21 0.526889
23 0.530091
24 0.530698
26 0.53205
28 0.5332
29 0.534747
30 0.536134
31 0.53623
32 0.53688
34 0.537177
36 0.538516
37 0.542121
38 0.543129
40 0.544152
44 0.546279
45 0.546975
46 0.547959
49 0.549345
50 0.551858
56 0.554606
57 0.556311
63 0.559128
64 0.560431
67 0.563524
68 0.570847
69 0.571569
73 0.572412
80 0.574894
82 0.575222
89 0.577499
90 0.578604
95 0.578945
97 0.582158
100 0.582444
104 0.585278
111 0.585342
112 0.58928
116 0.591199
121 0.591824
128 0.592896
136 0.594258
140 0.595452
141 0.595843
143 0.597443
144 0.597509
149 0.601761
154 0.603128
158 0.603228
162 0.603589
164 0.60669
184 0.60857
188 0.608747
190 0.609317
191 0.612203
199 0.61239
214 0.612424
217 0.613229
219 0.614128
230 0.614888
242 0.616689
246 0.617863
248 0.622627
252 0.622953
269 0.623919
275 0.628642
282 0.629716
284 0.633839
293 0.63389
309 0.63475
310 0.635671
328 0.637835
342 0.63874
356 0.639269
365 0.641561
366 0.641651
371 0.64269
375 0.643235
413 0.643417
415 0.646314
421 0.647005
433 0.648436
436 0.649475
445 0.650126
449 0.650956
456 0.651898
459 0.653345
469 0.654271
471 0.65518
486 0.658587
495 0.659109
498 0.660417
512 0.660647
519 0.662102
553 0.663064
569 0.665277
658 0.667485
688 0.668737
697 0.669985
702 0.672271
706 0.672721
710 0.67414
713 0.675859
731 0.676496
733 0.676631
735 0.679014
742 0.679161
745 0.679509
780 0.682871
835 0.683404
872 0.683646
893 0.685606
897 0.686644
950 0.687355
976 0.688425
1018 0.690501
1091 0.690811
1133 0.694395
1214 0.69731
1247 0.697684
1283 0.699302
