0 0.462783
1 0.462861
2 0.467369
3 0.467963
5 0.468493
6 0.469573
7 0.471397
8 0.473903
10 0.474998
12 0.480076
13 0.482792
14 0.484753
18 0.486337
19 0.490568
20 0.492021
21 0.494598
22 0.497716
23 0.501624
24 0.503929
30 0.504396
32 0.504843
33 0.508113
34 0.512851
35 0.517379
36 0.518402
38 0.521102
41 0.522059
42 0.522801
45 0.525119
55 0.527455
56 0.529893
61 0.533535
63 0.534367
65 0.536154
66 0.538879
71 0.540835
74 0.542746
76 0.542956
77 0.544471
78 0.544968
79 0.547459
85 0.548766
88 0.550174
90 0.550976
93 0.555108
98 0.556996
101 0.558567
102 0.558583
108 0.560374
112 0.561287
120 0.56223
122 0.563256
136 0.563317
139 0.56492
152 0.570014
156 0.571325
157 0.573168
159 0.576159
161 0.577982
163 0.581194
164 0.583348
168 0.583418
171 0.585663
172 0.59038
175 0.594928
178 0.595845
180 0.596943
187 0.597638
188 0.598418
191 0.598556
192 0.59891
203 0.599819
222 0.602103
235 0.60794
249 0.613515
264 0.614712
266 0.615335
273 0.61949
281 0.623175
284 0.631719
296 0.632916
304 0.633489
307 0.637201
320 0.639279
332 0.640432
345 0.640675
357 0.642826
370 0.645173
399 0.64624
406 0.648376
422 0.650934
426 0.657187
438 0.659161
467 0.661292
481 0.664025
490 0.665006
513 0.665009
521 0.667985
523 0.669011
535 0.669354
537 0.669971
555 0.670823
579 0.673328
596 0.675948
658 0.679046
692 0.679465
701 0.681384
707 0.682476
733 0.683689
759 0.685847
763 0.686258
771 0.686884
781 0.687503
876 0.688851
891 0.689333
911 0.690031
964 0.690762
1046 0.692811
1059 0.694704
1079 0.695081
1270 0.695268
1285 0.695723
1442 0.696413
1533 0.697515
1632 0.698137
1736 0.699378
1755 0.699514
1874 0.701546
1877 0.702454
1988 0.70508
2089 0.705483
2127 0.705554
2247 0.706515
2357 0.707157
