0 0.49971
2 0.499743
3 0.501854
5 0.505551
6 0.508367
8 0.509863
9 0.512445
10 0.515444
11 0.515528
13 0.521393
14 0.524485
16 0.525297
17 0.529803
18 0.530871
20 0.533471
21 0.533912
24 0.534744
26 0.534895
27 0.535874
29 0.538872
33 0.541255
34 0.545014
38 0.547239
41 0.547513
43 0.54952
55 0.549687
56 0.550954
58 0.550993
61 0.551001
65 0.551564
66 0.551664
67 0.551741
72 0.552079
74 0.554026
79 0.557838
80 0.55845
82 0.559646
84 0.559764
86 0.56423
89 0.56623
93 0.570728
94 0.572201
99 0.573306
102 0.57372
103 0.574264
107 0.574705
112 0.575678
113 0.576055
114 0.577722
116 0.578861
117 0.580745
120 0.581771
131 0.583557
132 0.588047
140 0.588109
150 0.588144
155 0.589197
167 0.58976
170 0.590646
173 0.592028
183 0.597372
189 0.601183
204 0.602919
205 0.603619
219 0.604337
223 0.605373
224 0.60641
225 0.609601
226 0.613183
229 0.614005
233 0.615556
234 0.619135
236 0.622008
243 0.624216
245 0.624339
256 0.626813
258 0.627913
285 0.630047
287 0.630458
290 0.632595
300 0.633604
309 0.635937
324 0.636075
335 0.639439
336 0.639513
339 0.644257
341 0.646912
343 0.646983
347 0.647096
351 0.647977
353 0.647987
354 0.649749
355 0.651131
360 0.6512
363 0.65454
396 0.656555
406 0.656807
409 0.659507
411 0.659779
418 0.662511
426 0.664426
429 0.667982
431 0.668401
443 0.669408
445 0.67009
450 0.670191
453 0.673232
461 0.674088
465 0.674763
472 0.676913
473 0.681048
475 0.681857
484 0.682687
487 0.682755
490 0.683175
491 0.686439
493 0.68655
519 0.687828
521 0.68858
522 0.689794
535 0.691034
555 0.691562
556 0.694023
587 0.694035
592 0.694248
675 0.696418
691 0.697379
694 0.698298
713 0.698311
791 0.701406
833 0.701661
864 0.701881
912 0.702127
923 0.702516
932 0.703649
1047 0.705965
1093 0.705969
1121 0.707385
1123 0.707596
1189 0.708889
1233 0.709139
1243 0.710178
1494 0.710958
