0 0.482501
1 0.483908
2 0.484299
5 0.487958
6 0.492342
7 0.493284
8 0.494673
10 0.494748
11 0.496086
12 0.498519
13 0.500229
15 0.503397
16 0.509492
19 0.510763
22 0.512551
24 0.512858
27 0.514097
28 0.517968
32 0.521093
39 0.521229
43 0.524669
44 0.525263
46 0.528304
47 0.532415
51 0.534755
53 0.535909
54 0.536962
55 0.537964
58 0.538124
60 0.541024
62 0.541876
63 0.543429
77 0.546054
81 0.548122
84 0.548583
85 0.549444
86 0.550848
87 0.551187
89 0.553545
90 0.554379
92 0.554882
95 0.555117
101 0.56046
102 0.560641
103 0.561614
105 0.565861
109 0.566204
112 0.566286
116 0.568906
120 0.57338
123 0.574246
128 0.577235
129 0.579028
130 0.580988
131 0.581868
143 0.58568
144 0.588428
145 0.591976
150 0.595235
156 0.597579
159 0.599712
160 0.603321
175 0.604353
181 0.605057
186 0.605784
189 0.610346
190 0.611812
191 0.611975
193 0.61282
204 0.614043
211 0.61663
214 0.619784
224 0.620997
228 0.622045
231 0.622155
233 0.623813
236 0.627625
239 0.627696
241 0.628769
262 0.630049
269 0.633518
281 0.633582
282 0.637546
288 0.637575
315 0.640804
317 0.642355
330 0.643957
332 0.644996
365 0.649532
374 0.652109
380 0.653405
381 0.653887
390 0.656452
396 0.657907
401 0.658182
403 0.658382
409 0.660539
416 0.666041
418 0.668598
445 0.670723
446 0.671809
447 0.673112
477 0.677016
484 0.677179
532 0.677764
545 0.678407
550 0.683013
552 0.683402
563 0.684245
574 0.685166
607 0.686005
610 0.687392
641 0.688013
643 0.68814
681 0.690453
708 0.696467
736 0.697289
741 0.697558
795 0.697653
799 0.701276
837 0.705947
873 0.706602
884 0.707043
917 0.709157
1005 0.71118
1157 0.712845
1180 0.714512
1254 0.714795
1281 0.716514
1412 0.716519
1424 0.71845
