0 0.516818
6 0.519325
8 0.523754
13 0.526191
18 0.531045
20 0.534451
22 0.536818
23 0.53797
24 0.539523
25 0.540284
27 0.541961
31 0.54365
33 0.548449
34 0.556824
35 0.559131
38 0.559616
44 0.560689
45 0.564079
46 0.56459
49 0.566406
57 0.5665
63 0.567621
64 0.570156
67 0.572473
74 0.572873
75 0.57674
76 0.584015
78 0.588139
89 0.588514
92 0.589356
96 0.591421
97 0.595612
98 0.596142
102 0.598762
103 0.602777
104 0.602795
107 0.602896
116 0.604716
122 0.606761
123 0.607372
130 0.610706
131 0.611548
132 0.613684
133 0.614884
143 0.615967
153 0.621085
166 0.621561
169 0.621889
174 0.623096
179 0.624055
183 0.624545
185 0.625195
195 0.629881
199 0.632305
201 0.637229
203 0.639161
212 0.64108
213 0.642032
222 0.642434
235 0.643491
241 0.645932
243 0.646503
244 0.649174
246 0.650065
256 0.651016
260 0.652903
269 0.653658
275 0.654202
278 0.655078
287 0.655964
302 0.656979
307 0.658052
308 0.659314
321 0.659531
322 0.662163
329 0.662479
331 0.664637
338 0.665594
339 0.665668
353 0.666623
373 0.666996
375 0.669451
394 0.67185
413 0.672011
414 0.672403
415 0.673183
426 0.673758
434 0.677618
460 0.677784
487 0.678293
489 0.679897
497 0.681044
510 0.681589
528 0.685197
537 0.686832
540 0.691028
587 0.691081
593 0.693665
615 0.699558
640 0.700507
647 0.701287
668 0.701534
714 0.705151
783 0.706242
823 0.707991
834 0.708808
884 0.709769
941 0.712068
1123 0.715729
1196 0.717887
1286 0.719147
