0 0.508681
2 0.509955
12 0.512495
14 0.512942
17 0.514513
19 0.514916
23 0.515351
24 0.516377
28 0.516935
29 0.517216
30 0.518565
34 0.518622
36 0.519893
37 0.521174
38 0.524644
39 0.527029
40 0.527814
46 0.529197
49 0.531157
54 0.534314
56 0.536232
57 0.539955
59 0.543667
62 0.54453
64 0.547697
65 0.548061
70 0.548863
74 0.549454
75 0.552184
77 0.553712
78 0.557976
81 0.559422
83 0.563108
86 0.563979
88 0.566689
92 0.568359
96 0.568421
98 0.569342
101 0.569701
102 0.571491
108 0.571618
111 0.573192
113 0.576382
116 0.577999
121 0.578462
124 0.580199
132 0.580203
136 0.583069
137 0.587807
142 0.588412
146 0.589038
149 0.589459
150 0.590739
156 0.59197
158 0.592755
164 0.598359
165 0.602453
176 0.604031
178 0.60729
183 0.608395
187 0.608802
191 0.610353
196 0.611993
208 0.61484
209 0.614952
213 0.61661
215 0.616834
223 0.617661
225 0.619993
238 0.621208
241 0.622217
245 0.625478
250 0.626258
254 0.628737
255 0.632941
262 0.633228
278 0.637293
302 0.637998
305 0.641552
314 0.646223
330 0.648953
336 0.649208
341 0.650044
349 0.650439
350 0.651215
356 0.651847
375 0.652419
385 0.653813
389 0.66007
395 0.660559
402 0.66464
413 0.665262
461 0.665364
498 0.668456
507 0.670521
518 0.671784
530 0.671793
533 0.674323
570 0.67504
572 0.676506
579 0.677539
600 0.677811
629 0.677873
650 0.678032
661 0.678715
687 0.680536
694 0.682741
695 0.682793
702 0.683532
783 0.685649
786 0.68779
792 0.690347
804 0.69043
815 0.690665
827 0.692236
839 0.696767
898 0.697883
906 0.6994
920 0.700645
1025 0.704182
1032 0.705348
1138 0.705456
1194 0.70559
1255 0.705935
1469 0.706019
1534 0.707839
1608 0.708639
1651 0.710104
1690 0.711143
1855 0.713935
