0 0.507504
2 0.508193
3 0.509591
5 0.509751
6 0.511122
11 0.51233
12 0.515003
14 0.516194
21 0.517483
22 0.517808
23 0.518035
26 0.519838
27 0.520848
28 0.522427
29 0.528596
30 0.532257
35 0.53495
36 0.535939
41 0.536425
42 0.536959
43 0.541278
46 0.542899
55 0.542977
58 0.542989
60 0.54306
61 0.54502
62 0.548518
66 0.549595
74 0.549949
76 0.551522
83 0.552343
86 0.553289
89 0.553294
90 0.555402
95 0.561587
101 0.562626
103 0.562934
105 0.56567
110 0.567757
117 0.567964
118 0.57035
121 0.572687
122 0.573719
125 0.574369
126 0.576088
127 0.576996
129 0.577823
134 0.578731
137 0.582605
148 0.583576
150 0.587142
153 0.589438
161 0.590538
166 0.59137
170 0.593582
174 0.595135
178 0.595256
179 0.595912
185 0.596394
190 0.59974
194 0.600344
197 0.600677
198 0.60341
200 0.60583
203 0.606773
217 0.606776
230 0.607137
231 0.608683
234 0.608902
239 0.610791
248 0.611032
250 0.611738
255 0.612872
263 0.614443
270 0.615174
274 0.615683
277 0.618512
278 0.620643
284 0.622593
285 0.626001
289 0.627337
293 0.631131
306 0.632633
312 0.638993
315 0.647782
316 0.648663
317 0.650334
324 0.65102
327 0.654918
335 0.655747
350 0.657401
369 0.657538
370 0.661067
375 0.66566
381 0.667865
420 0.668047
433 0.672071
454 0.672485
460 0.673893
482 0.674025
487 0.67656
499 0.678014
501 0.679932
515 0.680674
527 0.680695
531 0.681149
545 0.683491
569 0.68474
584 0.687462
592 0.687802
623 0.68905
627 0.69105
650 0.691943
651 0.692433
781 0.695631
836 0.696072
841 0.696617
876 0.69817
898 0.698341
914 0.700952
925 0.701094
988 0.702382
1111 0.702453
1146 0.704397
1194 0.705863
1371 0.707665
