0 0.471241
3 0.473825
5 0.474015
6 0.47433
7 0.475161
10 0.482681
13 0.483699
18 0.484111
20 0.48468
21 0.485697
22 0.488259
23 0.491906
25 0.494384
26 0.494926
27 0.49851
28 0.503447
30 0.505565
31 0.507153
32 0.510633
34 0.511521
38 0.513169
47 0.514227
52 0.520003
54 0.524505
55 0.528377
57 0.528739
58 0.530795
59 0.535124
63 0.535722
64 0.536396
68 0.537411
69 0.547563
70 0.548652
75 0.548698
77 0.548987
79 0.553894
87 0.557637
91 0.557731
98 0.560942
100 0.562406
101 0.563758
103 0.56955
104 0.569878
106 0.574442
108 0.576019
109 0.57835
110 0.578375
112 0.580705
114 0.580763
115 0.582599
118 0.584303
124 0.584382
125 0.587814
126 0.589695
130 0.592165
134 0.592495
136 0.593909
137 0.594249
143 0.598147
151 0.600742
156 0.601366
158 0.603115
162 0.603234
166 0.603522
168 0.604101
177 0.605154
192 0.605657
198 0.606122
203 0.606943
218 0.60856
219 0.609339
223 0.610054
231 0.612014
232 0.613057
237 0.614959
248 0.617839
256 0.618668
261 0.62148
266 0.624084
267 0.627903
276 0.628478
278 0.628948
292 0.629291
301 0.630707
307 0.633079
309 0.634651
316 0.637106
319 0.638466
321 0.642568
326 0.649913
332 0.65187
337 0.657339
350 0.658332
365 0.659391
366 0.660878
372 0.661041
376 0.662627
377 0.665499
384 0.666712
394 0.666994
395 0.667989
396 0.668832
398 0.672806
403 0.673411
410 0.674855
418 0.677238
451 0.678396
472 0.678785
532 0.679733
542 0.680431
548 0.680526
550 0.683427
561 0.683902
578 0.685076
604 0.68609
623 0.68925
643 0.689304
678 0.694343
688 0.694648
691 0.698132
734 0.699496
774 0.699544
799 0.70169
819 0.702827
831 0.703159
869 0.703769
900 0.706386
975 0.709249
984 0.70937
1059 0.712163
1065 0.712887
1069 0.714438
1268 0.716016
1313 0.718221
1453 0.718519
1702 0.719558
