0 0.490202
1 0.491891
2 0.494969
3 0.495197
5 0.496504
7 0.497613
9 0.498904
11 0.501444
13 0.503418
14 0.509089
15 0.510807
19 0.51298
22 0.514897
24 0.51768
25 0.522565
28 0.523651
32 0.524456
36 0.524557
38 0.52456
40 0.526992
41 0.528167
42 0.531168
43 0.532568
44 0.532726
45 0.534948
47 0.536325
51 0.53755
55 0.539704
56 0.549581
58 0.550859
59 0.551218
62 0.552827
63 0.556273
69 0.556843
73 0.55696
77 0.55708
80 0.558998
83 0.559716
86 0.561084
89 0.565168
92 0.566873
96 0.57041
102 0.572909
107 0.575407
110 0.575472
112 0.57609
113 0.576202
114 0.576447
115 0.578132
117 0.579103
122 0.579584
127 0.579947
130 0.5854
136 0.586361
137 0.58699
138 0.58726
140 0.589516
147 0.59075
152 0.592128
154 0.594727
158 0.600742
159 0.601784
160 0.603785
173 0.605596
183 0.605816
189 0.607326
194 0.607387
197 0.609801
198 0.609837
201 0.609907
204 0.610685
206 0.610959
221 0.611033
222 0.615675
228 0.617603
241 0.618214
246 0.61826
252 0.619578
258 0.620571
265 0.623327
266 0.625283
281 0.626336
282 0.626652
293 0.628609
300 0.628914
308 0.632816
320 0.636814
325 0.638502
340 0.63932
341 0.640459
352 0.642114
353 0.64361
355 0.645715
357 0.648335
363 0.649144
365 0.65028
377 0.651101
383 0.651882
391 0.653029
401 0.65313
426 0.655057
437 0.655471
439 0.659772
444 0.66367
460 0.664686
463 0.666819
466 0.669059
468 0.669752
473 0.670034
477 0.670528
480 0.671632
495 0.672671
500 0.672999
501 0.673271
524 0.674314
530 0.674343
550 0.677644
551 0.682161
573 0.689971
609 0.693475
630 0.694003
655 0.694657
676 0.694755
762 0.694892
819 0.694903
830 0.696488
849 0.697559
887 0.69848
915 0.698823
970 0.700753
1094 0.701324
1240 0.703371
1275 0.703564
1286 0.704965
1325 0.705826
1367 0.708287
1440 0.709501
