0 0.489855
1 0.494874
4 0.495495
5 0.495696
6 0.497949
7 0.499527
9 0.502275
12 0.505615
13 0.508837
15 0.51145
19 0.51421
21 0.515488
25 0.515675
26 0.520013
27 0.522171
30 0.524143
32 0.525745
35 0.526566
41 0.529057
51 0.531211
54 0.531758
55 0.537649
59 0.539758
60 0.54022
62 0.541084
63 0.542549
66 0.543967
69 0.544034
78 0.545374
79 0.547202
82 0.548749
85 0.550832
89 0.552495
91 0.555395
93 0.556343
94 0.557716
95 0.558523
103 0.562373
109 0.564449
110 0.564956
113 0.56553
115 0.566994
124 0.569529
126 0.572346
129 0.575916
133 0.577995
141 0.584022
147 0.587298
149 0.589575
155 0.590296
159 0.592339
161 0.593916
165 0.594036
178 0.5957
199 0.599033
200 0.60042
212 0.605598
217 0.610864
218 0.613111
232 0.613217
237 0.618719
246 0.619046
247 0.619466
249 0.619659
256 0.61999
259 0.621137
260 0.621741
269 0.625617
270 0.628303
272 0.628434
280 0.630038
284 0.634962
290 0.639056
311 0.64051
332 0.64073
334 0.641318
335 0.642364
339 0.644037
347 0.650071
355 0.651252
361 0.653563
369 0.654309
384 0.656435
386 0.658411
389 0.659624
394 0.661576
400 0.664205
421 0.666286
422 0.666462
427 0.667404
444 0.669544
494 0.67323
512 0.676327
519 0.678954
528 0.679743
549 0.682983
556 0.683053
573 0.683305
580 0.683719
589 0.684999
597 0.688527
598 0.690987
675 0.694132
805 0.694461
834 0.696476
846 0.696527
871 0.69675
947 0.697667
982 0.700496
1092 0.701151
1135 0.702288
1219 0.70372
1240 0.70406
1495 0.704501
