0 0.5123
1 0.513235
2 0.518329
3 0.51916
4 0.520511
5 0.522696
6 0.524469
10 0.525547
14 0.527378
15 0.531054
18 0.531066
20 0.53174
21 0.531785
24 0.533351
25 0.533763
28 0.538636
30 0.538747
31 0.542292
36 0.546642
38 0.547532
40 0.547965
46 0.551626
48 0.554802
49 0.555223
51 0.557109
58 0.560451
61 0.561067
63 0.561186
64 0.563763
67 0.565967
69 0.566974
74 0.567069
76 0.569887
79 0.573982
82 0.575879
84 0.577928
86 0.578279
87 0.578996
88 0.581305
89 0.581551
94 0.584275
95 0.585969
102 0.58636
103 0.587751
106 0.58829
111 0.589664
112 0.59004
116 0.590282
122 0.591976
124 0.592379
134 0.593755
138 0.597937
146 0.598265
156 0.60144
158 0.601664
162 0.60172
169 0.603854
172 0.607772
173 0.609183
179 0.611355
181 0.612716
182 0.613658
193 0.61945
200 0.624643
205 0.62957
210 0.631923
211 0.632783
213 0.636819
225 0.638887
231 0.639874
237 0.643596
257 0.644253
259 0.647057
267 0.649871
271 0.652626
279 0.653174
283 0.65328
286 0.654065
294 0.656306
296 0.657954
309 0.659845
312 0.662784
315 0.662813
317 0.663904
318 0.664071
340 0.664385
341 0.664469
354 0.66453
364 0.665452
378 0.666135
379 0.667686
383 0.669012
389 0.66996
392 0.672582
407 0.673626
415 0.675775
449 0.678333
453 0.679776
470 0.681552
479 0.684712
485 0.686506
486 0.686808
489 0.687655
519 0.687938
534 0.688817
562 0.689856
603 0.691496
614 0.693245
617 0.694418
642 0.69509
648 0.697551
649 0.700684
665 0.701238
725 0.702842
780 0.70316
786 0.706022
888 0.706163
896 0.708792
974 0.708988
1014 0.709831
1168 0.712699
1269 0.715527
1447 0.71679
1563 0.71713
