0 0.494203
1 0.500064
5 0.502116
6 0.504396
8 0.509505
10 0.513958
11 0.516394
12 0.519004
13 0.519006
14 0.520753
16 0.523456
18 0.524824
21 0.528362
24 0.530362
26 0.531201
27 0.531853
28 0.531954
29 0.535932
37 0.536194
42 0.538209
52 0.541552
53 0.544135
54 0.545289
63 0.550209
64 0.551551
66 0.552933
68 0.55828
69 0.558406
71 0.560298
72 0.561992
73 0.562768
76 0.573147
79 0.573371
87 0.575651
88 0.575772
89 0.582031
91 0.582537
92 0.583899
93 0.585381
98 0.587755
99 0.591098
102 0.593959
104 0.59733
105 0.598716
117 0.601822
118 0.602604
121 0.603884
125 0.605552
126 0.609403
134 0.611363
137 0.612999
140 0.61563
144 0.616183
157 0.617815
160 0.619922
182 0.619956
185 0.620177
191 0.621286
203 0.623891
204 0.626083
210 0.633153
212 0.635241
221 0.635388
229 0.637007
235 0.637257
237 0.637802
242 0.63877
246 0.639318
254 0.640145
271 0.641553
282 0.642702
284 0.64283
294 0.645647
295 0.646391
299 0.646632
303 0.647008
313 0.649054
334 0.651695
347 0.652278
364 0.656678
376 0.657325
382 0.65791
386 0.662414
387 0.664026
413 0.664467
416 0.664759
424 0.664942
425 0.666761
426 0.668342
431 0.66969
466 0.670362
471 0.671391
494 0.675543
511 0.675663
530 0.675909
537 0.677169
547 0.67756
555 0.678002
558 0.68183
580 0.682531
612 0.682682
622 0.685802
638 0.686373
653 0.686666
666 0.687908
671 0.688277
675 0.689316
701 0.689591
708 0.690894
727 0.691011
750 0.691441
804 0.693146
831 0.693191
948 0.693461
956 0.696408
994 0.697386
995 0.698323
1022 0.7009
1063 0.701217
1103 0.701385
1160 0.702584
1213 0.703563
1385 0.704777
1501 0.705166
1513 0.706483
1541 0.707692
1597 0.708431
1680 0.708702
