0 0.496333
2 0.49702
8 0.498427
10 0.499932
13 0.502601
14 0.506299
19 0.507338
20 0.507466
22 0.509573
23 0.509617
25 0.51139
26 0.518055
27 0.518393
28 0.518844
32 0.520371
33 0.521214
36 0.523564
38 0.525972
39 0.529635
40 0.529773
44 0.531101
47 0.531244
48 0.532
51 0.534858
53 0.537648
54 0.537921
57 0.541426
61 0.544231
66 0.545286
67 0.547217
69 0.550046
78 0.557468
79 0.558458
80 0.562662
86 0.563399
90 0.565006
101 0.567078
103 0.568143
106 0.569902
110 0.573963
111 0.574062
115 0.574133
118 0.578079
122 0.578082
126 0.579206
130 0.579215
132 0.580341
137 0.581456
144 0.583929
147 0.589918
166 0.591005
186 0.593169
188 0.595996
190 0.596834
194 0.599424
197 0.599787
198 0.602046
217 0.606417
218 0.610802
221 0.611242
226 0.613966
227 0.616872
231 0.621716
233 0.621889
235 0.622299
240 0.624184
242 0.62903
252 0.630045
256 0.632862
263 0.632963
270 0.634509
280 0.634849
290 0.635074
292 0.638467
298 0.640038
302 0.64205
306 0.642096
310 0.643916
318 0.645571
326 0.645994
327 0.64855
328 0.649062
329 0.652988
362 0.653909
368 0.654381
387 0.657708
389 0.660719
416 0.661165
429 0.664756
433 0.665637
434 0.666753
435 0.667357
437 0.668049
446 0.669097
474 0.670853
477 0.671303
502 0.674166
506 0.675308
514 0.676116
549 0.67721
560 0.681462
585 0.681504
597 0.683209
604 0.684725
606 0.687588
639 0.688802
647 0.692631
648 0.694256
655 0.694559
667 0.695768
700 0.69751
722 0.698201
734 0.700779
739 0.703357
746 0.706511
765 0.708362
791 0.709201
857 0.71021
869 0.712486
881 0.71437
904 0.714774
925 0.717166
1021 0.717387
1135 0.71866
1379 0.720379
