0 0.462307
1 0.465585
3 0.469354
4 0.473062
6 0.476332
10 0.478105
11 0.480247
12 0.481018
16 0.484517
18 0.486437
21 0.487885
25 0.489395
31 0.489601
32 0.492495
33 0.49381
35 0.496841
36 0.497547
38 0.499444
43 0.500561
45 0.502941
47 0.504046
48 0.50774
49 0.50852
50 0.508746
57 0.510705
59 0.511043
61 0.513906
65 0.520977
69 0.52779
70 0.530942
73 0.53099
74 0.531401
76 0.53222
77 0.532941
82 0.534618
83 0.53688
88 0.538693
91 0.540002
96 0.541287
98 0.544775
102 0.545997
103 0.547278
108 0.547446
112 0.549226
113 0.54985
114 0.549967
118 0.55442
119 0.558411
121 0.560101
125 0.560881
127 0.56091
132 0.562225
134 0.565206
135 0.565534
136 0.567928
139 0.572893
140 0.576657
150 0.578341
151 0.579763
155 0.581554
158 0.581859
159 0.586258
167 0.587394
171 0.587935
174 0.588038
176 0.588204
182 0.591904
183 0.592448
190 0.59373
191 0.595518
195 0.596136
198 0.597544
199 0.597801
203 0.598386
215 0.599348
217 0.603542
220 0.60541
224 0.607404
226 0.607859
227 0.608176
228 0.609037
235 0.609249
245 0.610264
253 0.613682
256 0.613721
260 0.613799
262 0.615833
264 0.616524
269 0.619471
274 0.623183
287 0.624165
296 0.625242
304 0.625534
311 0.629508
315 0.630811
316 0.634072
318 0.637721
331 0.639696
332 0.64011
339 0.640579
347 0.641104
360 0.642597
366 0.643945
376 0.645098
378 0.646857
406 0.647651
409 0.649051
417 0.650099
432 0.651551
434 0.656059
436 0.660983
460 0.66113
463 0.662365
473 0.66355
489 0.665747
500 0.665753
509 0.666033
516 0.66653
534 0.668185
538 0.668624
549 0.668855
551 0.671009
567 0.673826
577 0.674913
579 0.675203
582 0.677341
620 0.679972
651 0.681753
723 0.682041
727 0.684174
736 0.684329
832 0.684763
836 0.685157
873 0.687958
884 0.689377
976 0.689515
1028 0.692542
1058 0.695717
1116 0.697727
1141 0.698233
1159 0.700163
1330 0.702372
