0 0.495571
2 0.496748
3 0.498056
4 0.504076
7 0.504708
8 0.508574
9 0.509525
18 0.510139
21 0.511121
22 0.511752
26 0.513495
27 0.516929
29 0.517284
32 0.518611
35 0.520358
36 0.520679
40 0.521112
41 0.523722
44 0.52955
45 0.529681
46 0.530395
47 0.533989
48 0.538402
53 0.540931
56 0.545131
57 0.548324
61 0.551295
64 0.552369
66 0.552894
67 0.553687
68 0.556269
80 0.558103
82 0.559406
85 0.56049
91 0.561227
92 0.568516
95 0.57093
100 0.573043
103 0.575922
105 0.576363
107 0.578143
110 0.583066
111 0.585897
112 0.585981
123 0.589153
124 0.59065
126 0.591557
128 0.592673
131 0.59476
135 0.596172
136 0.597997
139 0.600381
140 0.600384
141 0.601892
145 0.602775
149 0.603742
152 0.605196
158 0.605508
163 0.610426
164 0.612306
167 0.615732
170 0.616816
171 0.619843
177 0.620844
188 0.622856
189 0.623162
192 0.624327
193 0.625442
195 0.627409
199 0.628399
201 0.629383
205 0.630275
220 0.630355
222 0.630874
233 0.635798
238 0.636201
242 0.636266
244 0.636371
248 0.637784
249 0.640881
257 0.641802
273 0.642643
274 0.643293
279 0.643739
280 0.644615
284 0.648485
288 0.652188
302 0.653564
306 0.655894
311 0.658515
317 0.660645
319 0.665148
320 0.666497
345 0.667355
359 0.668665
361 0.6696
371 0.669991
402 0.670195
405 0.671233
440 0.674169
458 0.675367
462 0.675521
474 0.676343
501 0.676588
516 0.678195
530 0.679024
544 0.68119
555 0.682396
573 0.683102
576 0.686329
586 0.690227
607 0.690458
613 0.692063
642 0.695222
671 0.696229
688 0.697296
716 0.701591
786 0.702391
845 0.703074
868 0.704792
882 0.706005
930 0.707182
939 0.708733
947 0.709014
984 0.711861
1062 0.713407
1229 0.714355
1380 0.715007
