0 0.493761
2 0.495605
3 0.496211
4 0.49886
5 0.499877
7 0.500542
8 0.50162
11 0.502008
12 0.502959
13 0.503347
17 0.505036
18 0.507212
19 0.507815
21 0.509815
23 0.511866
27 0.515038
29 0.518436
32 0.519525
33 0.519534
34 0.525225
36 0.530427
38 0.532769
43 0.533807
44 0.534524
45 0.535427
48 0.54035
55 0.540981
70 0.54132
75 0.542921
77 0.546356
86 0.548741
89 0.549378
95 0.550025
97 0.553963
98 0.556868
99 0.557416
104 0.558134
106 0.563104
108 0.563807
112 0.566837
124 0.568728
126 0.571669
139 0.574294
141 0.575262
143 0.576375
152 0.578871
153 0.582161
154 0.582822
160 0.582973
164 0.584262
168 0.587076
173 0.590043
182 0.592359
188 0.597498
193 0.598725
198 0.600206
201 0.604229
207 0.606399
210 0.612837
222 0.616246
232 0.617121
235 0.619012
258 0.619991
261 0.622067
265 0.624178
273 0.628763
282 0.62961
296 0.630474
297 0.633264
298 0.635361
300 0.637754
301 0.63849
310 0.638857
311 0.641787
317 0.642093
330 0.645581
335 0.646498
347 0.64883
351 0.652516
352 0.654529
355 0.656247
369 0.657124
387 0.658128
400 0.65813
403 0.658883
405 0.66413
408 0.667556
415 0.667906
422 0.668088
431 0.671249
441 0.672848
480 0.676002
506 0.67633
510 0.676719
518 0.677226
541 0.677392
545 0.678542
548 0.678984
574 0.679417
583 0.679643
601 0.680882
629 0.681997
670 0.683428
674 0.684624
684 0.685279
688 0.68534
692 0.685687
721 0.689187
787 0.6908
825 0.692425
832 0.694171
890 0.696971
906 0.698593
931 0.699061
956 0.701533
1025 0.702726
1027 0.704072
1060 0.704207
1071 0.704413
1146 0.706591
1155 0.706788
1160 0.707907
1252 0.708181
1329 0.708275
1401 0.709225
1435 0.710485
1465 0.711265
1539 0.711692
1561 0.712246
