0 0.501348
2 0.503004
3 0.505066
4 0.506458
9 0.512869
15 0.512894
18 0.515049
19 0.515273
20 0.517268
24 0.519998
30 0.520038
31 0.524074
37 0.528907
40 0.531233
41 0.532055
45 0.532272
46 0.533949
47 0.534162
50 0.534256
52 0.535213
53 0.539719
54 0.541253
57 0.541448
64 0.546717
66 0.547173
70 0.550956
73 0.551439
79 0.554375
80 0.554844
81 0.556772
84 0.561936
85 0.562369
87 0.562851
89 0.563036
92 0.56455
97 0.570357
107 0.574817
108 0.579166
110 0.579787
114 0.579973
120 0.580759
128 0.585172
136 0.58613
138 0.587123
141 0.587925
143 0.588647
148 0.58938
151 0.592465
156 0.594642
157 0.595346
160 0.595635
161 0.601212
162 0.605955
173 0.60939
186 0.611024
188 0.612641
190 0.613543
198 0.61448
202 0.616466
210 0.617783
211 0.619169
221 0.620697
233 0.620834
235 0.621021
239 0.623704
244 0.62447
245 0.625584
249 0.628317
254 0.629315
258 0.629536
259 0.631749
261 0.635402
266 0.63708
269 0.64051
271 0.640677
272 0.642126
280 0.64268
290 0.64509
301 0.645969
302 0.647442
326 0.648475
329 0.649781
339 0.65082
351 0.651326
362 0.652997
366 0.653009
371 0.653416
379 0.658341
380 0.659496
387 0.661334
389 0.661662
390 0.661665
402 0.663028
406 0.664472
411 0.666855
416 0.667052
419 0.672278
457 0.673187
488 0.675735
490 0.676717
518 0.676768
554 0.676842
555 0.678073
584 0.679116
586 0.683529
591 0.684156
606 0.685232
678 0.686012
763 0.686583
812 0.687058
824 0.687226
847 0.687374
917 0.68851
920 0.688641
921 0.689139
954 0.689744
961 0.694668
1048 0.695063
1065 0.696112
1074 0.698014
1119 0.698173
1238 0.699164
1278 0.701369
1403 0.701422
