0 0.482865
2 0.483709
3 0.485868
8 0.486324
10 0.486576
11 0.487306
12 0.490422
15 0.491245
17 0.491936
19 0.492814
20 0.495371
23 0.496543
24 0.498424
26 0.50424
28 0.504396
29 0.509079
40 0.509928
44 0.510058
48 0.51093
50 0.516022
51 0.516772
55 0.521712
56 0.522131
59 0.523439
60 0.526642
62 0.528938
64 0.529772
67 0.53223
68 0.532793
69 0.535185
70 0.535726
72 0.540883
76 0.541679
86 0.542121
88 0.543022
93 0.544374
97 0.548133
98 0.548393
102 0.551419
112 0.555331
117 0.555722
118 0.555731
119 0.556971
120 0.560493
122 0.562807
126 0.56299
130 0.563957
131 0.567313
132 0.568306
136 0.568525
137 0.56969
138 0.570483
139 0.571833
150 0.574978
151 0.581455
154 0.58595
157 0.586405
159 0.587933
161 0.592259
162 0.5938
163 0.595393
164 0.596076
173 0.597968
175 0.59806
188 0.599408
192 0.600517
194 0.603846
195 0.604855
196 0.605157
201 0.608024
213 0.611159
214 0.61237
218 0.612812
222 0.613386
223 0.614216
233 0.615025
252 0.616955
268 0.617735
278 0.622035
285 0.623565
286 0.628421
301 0.631944
322 0.634941
325 0.636519
334 0.636637
337 0.636991
338 0.638213
359 0.63862
362 0.63994
365 0.640143
387 0.640779
391 0.644969
392 0.644975
400 0.645444
405 0.645542
418 0.648013
459 0.648654
477 0.648973
483 0.652148
491 0.652638
493 0.65411
500 0.65658
508 0.657717
539 0.658042
553 0.658063
562 0.658924
581 0.661514
598 0.662755
613 0.665626
623 0.66733
634 0.669041
642 0.671915
652 0.672751
662 0.67507
667 0.675082
744 0.676383
750 0.676911
783 0.677993
784 0.680216
791 0.680265
821 0.684077
889 0.684218
909 0.684483
1015 0.687458
1074 0.689663
1148 0.690544
1237 0.69217
1485 0.692304
