0 0.493604
1 0.499621
2 0.503896
3 0.505591
5 0.507682
6 0.509067
7 0.512239
8 0.512716
12 0.513795
19 0.517396
20 0.520255
21 0.523446
22 0.527792
23 0.528744
30 0.531624
31 0.532532
32 0.535833
34 0.537558
36 0.54067
38 0.541265
39 0.548848
43 0.549772
44 0.552568
45 0.554056
47 0.554747
48 0.55503
49 0.557549
52 0.56077
56 0.56369
60 0.566302
61 0.569919
62 0.570501
65 0.570725
69 0.574373
73 0.575972
76 0.576566
79 0.578303
81 0.579211
83 0.579734
84 0.57992
91 0.581863
100 0.588088
101 0.588949
104 0.591919
110 0.593096
111 0.593978
113 0.597478
114 0.598325
122 0.600816
126 0.602429
135 0.60282
141 0.604701
144 0.605757
145 0.607449
153 0.609528
165 0.613184
167 0.615931
169 0.61762
174 0.619298
180 0.619822
183 0.621953
188 0.625813
190 0.626308
195 0.628465
198 0.631565
207 0.631643
213 0.632725
215 0.635414
221 0.643719
225 0.643807
227 0.645992
242 0.646772
246 0.650179
247 0.650581
250 0.650591
255 0.653729
270 0.654508
277 0.655117
297 0.655234
298 0.655476
322 0.656877
327 0.657252
333 0.659292
334 0.660068
346 0.662768
384 0.663197
389 0.665648
392 0.665702
399 0.666716
410 0.667378
418 0.667872
422 0.668313
427 0.669169
443 0.670624
458 0.674295
472 0.677466
505 0.680411
512 0.682583
531 0.683533
540 0.685338
545 0.68552
550 0.686385
551 0.686719
553 0.689515
565 0.690033
570 0.692682
574 0.694602
587 0.695165
589 0.696303
640 0.698013
646 0.698151
707 0.698973
714 0.699424
755 0.700226
819 0.700296
833 0.702497
864 0.703913
994 0.704241
1173 0.705783
1312 0.706466
1455 0.706632
1651 0.708278
