0 0.480857
5 0.480976
6 0.483322
7 0.485798
9 0.485815
11 0.486785
12 0.487222
13 0.48894
14 0.490742
15 0.49089
19 0.490959
21 0.494172
23 0.496313
25 0.497209
26 0.498526
29 0.502339
32 0.503842
34 0.504292
37 0.504343
39 0.505785
40 0.50763
45 0.508324
47 0.509131
49 0.509339
50 0.510337
51 0.511141
52 0.513268
53 0.516852
54 0.519576
56 0.521929
58 0.523086
60 0.523494
63 0.523808
66 0.524317
67 0.526732
68 0.527337
70 0.528938
71 0.530537
72 0.531479
76 0.531612
79 0.533039
83 0.533457
90 0.539188
91 0.54242
98 0.54545
99 0.547011
105 0.547584
119 0.550787
137 0.551075
138 0.553068
146 0.55353
148 0.558228
149 0.565252
150 0.568346
154 0.57463
156 0.578291
158 0.579239
160 0.579642
162 0.579744
164 0.579931
169 0.580039
171 0.583282
172 0.586656
180 0.587308
184 0.592505
186 0.596198
187 0.598406
192 0.599648
194 0.602459
200 0.602497
201 0.607954
202 0.615382
203 0.617463
210 0.620777
223 0.622631
228 0.62474
232 0.62605
234 0.628084
237 0.628222
239 0.629064
243 0.630956
259 0.632841
263 0.633723
264 0.636714
276 0.637181
277 0.637183
280 0.637303
282 0.637907
290 0.63906
296 0.640009
307 0.641825
308 0.644926
323 0.646588
328 0.647598
334 0.649432
338 0.652457
342 0.655394
350 0.656237
358 0.657974
378 0.658754
405 0.659939
406 0.665925
410 0.668737
417 0.670275
418 0.673616
426 0.675026
438 0.678036
448 0.679445
449 0.680972
451 0.681039
476 0.683136
499 0.686398
503 0.686672
506 0.689228
559 0.690319
586 0.690866
614 0.692275
616 0.692287
626 0.695905
629 0.698525
680 0.699231
687 0.700509
696 0.7024
701 0.70305
716 0.704566
787 0.704647
792 0.707283
806 0.708108
809 0.708484
908 0.709571
1062 0.709815
1091 0.710615
1152 0.711387
1158 0.711569
1218 0.714153
1246 0.715432
1341 0.717329
1364 0.717873
1440 0.718662
1462 0.71933
