0 0.512438
1 0.516932
4 0.525332
5 0.528466
8 0.537613
9 0.537869
12 0.538338
14 0.538812
15 0.539282
19 0.540788
20 0.541726
25 0.543078
26 0.544074
27 0.548205
33 0.548306
34 0.549812
37 0.549912
38 0.550386
40 0.552012
42 0.552743
47 0.553497
49 0.558744
54 0.561058
57 0.562365
58 0.563991
60 0.568126
69 0.570548
71 0.573492
81 0.576868
87 0.579648
89 0.580676
96 0.584859
97 0.585234
100 0.585237
102 0.585898
103 0.586921
105 0.587214
106 0.593067
107 0.594172
110 0.598315
116 0.599068
125 0.601271
128 0.603246
130 0.604234
132 0.605206
135 0.606806
136 0.607497
138 0.607815
140 0.612984
142 0.614355
155 0.616225
157 0.61675
158 0.617055
159 0.619334
184 0.619355
185 0.620408
190 0.621615
193 0.621838
194 0.622975
202 0.62324
205 0.625035
206 0.626241
216 0.626479
219 0.626615
228 0.628532
247 0.628714
251 0.629821
263 0.631837
268 0.634448
278 0.635687
279 0.636837
293 0.638492
303 0.641883
305 0.643988
310 0.645351
320 0.647742
331 0.650074
340 0.650807
346 0.651802
408 0.653148
424 0.653387
438 0.659023
445 0.662565
460 0.665671
475 0.666724
479 0.669027
485 0.671652
497 0.672025
504 0.674859
536 0.676868
545 0.677938
557 0.678359
569 0.681699
573 0.685717
579 0.686051
613 0.686787
619 0.68778
622 0.688222
657 0.688636
660 0.692723
688 0.692817
694 0.693767
715 0.696878
737 0.698506
754 0.698576
762 0.700103
798 0.700879
823 0.701275
922 0.702399
940 0.704327
967 0.704889
1010 0.705373
1017 0.706604
1024 0.706908
1163 0.707784
1210 0.709337
1352 0.710878
1405 0.711553
1447 0.712236
1452 0.712378
1638 0.713456
1681 0.713528
1785 0.715105
