0 0.480783
1 0.481126
3 0.484119
9 0.485325
12 0.485744
13 0.490512
15 0.490746
16 0.494762
17 0.494866
23 0.496314
24 0.499095
28 0.50098
34 0.501653
35 0.502868
36 0.502963
37 0.503407
39 0.504943
45 0.510626
47 0.511231
48 0.513115
49 0.515681
50 0.517984
52 0.519082
53 0.519674
56 0.520321
58 0.521331
59 0.522531
63 0.52875
65 0.528985
71 0.532431
76 0.534243
79 0.53896
80 0.542719
81 0.54311
83 0.543592
85 0.54413
87 0.545026
88 0.546756
92 0.551331
97 0.555182
109 0.555186
112 0.560166
116 0.560949
119 0.562002
122 0.565215
123 0.567578
126 0.570353
132 0.573743
133 0.574398
134 0.579517
140 0.580467
144 0.58251
147 0.58534
155 0.585781
157 0.58609
167 0.586686
177 0.587796
178 0.587799
182 0.588915
187 0.590097
188 0.591537
189 0.592441
190 0.592579
191 0.593539
193 0.593686
204 0.595844
205 0.59596
208 0.598096
215 0.599311
219 0.600862
223 0.602423
233 0.604138
234 0.604413
239 0.605025
240 0.606628
244 0.608931
245 0.609456
246 0.612816
251 0.613679
252 0.617738
257 0.618093
266 0.618309
274 0.618884
279 0.620733
285 0.621973
293 0.62293
298 0.625668
305 0.62574
308 0.626874
311 0.627331
324 0.62749
329 0.627599
336 0.630183
369 0.631546
386 0.633088
388 0.634155
399 0.634558
411 0.636381
412 0.636407
415 0.637512
416 0.63823
424 0.642384
455 0.643101
458 0.64366
467 0.648076
473 0.648401
502 0.649027
512 0.650011
517 0.652231
518 0.654266
522 0.654903
527 0.656505
548 0.657719
552 0.657724
566 0.659187
627 0.661711
631 0.665781
664 0.668222
681 0.671342
716 0.67621
728 0.67772
734 0.678759
736 0.680481
753 0.680924
837 0.682579
849 0.683947
875 0.686567
1048 0.690699
1217 0.69184
