0 0.509239
3 0.513034
4 0.517652
5 0.520121
6 0.521307
8 0.525418
9 0.527616
13 0.528885
14 0.531218
15 0.533083
16 0.53355
18 0.536928
20 0.539191
22 0.539536
28 0.543673
37 0.545114
38 0.546894
39 0.547853
43 0.552701
45 0.554925
46 0.555102
48 0.555723
49 0.558176
50 0.562714
55 0.562809
56 0.568989
60 0.572064
61 0.573751
62 0.575061
67 0.576773
68 0.579314
69 0.582225
71 0.582935
73 0.589684
78 0.591202
84 0.595113
87 0.597257
104 0.600341
105 0.60503
110 0.606744
115 0.608365
124 0.60863
131 0.612291
143 0.613807
145 0.614735
151 0.616189
154 0.616764
162 0.617715
164 0.619376
185 0.625203
187 0.626505
197 0.626618
201 0.626991
203 0.628331
208 0.633728
213 0.637524
224 0.637527
235 0.639276
236 0.641887
239 0.642228
246 0.643505
248 0.645394
249 0.647569
258 0.648883
265 0.650775
266 0.652593
271 0.653954
290 0.654149
299 0.654824
303 0.655293
304 0.65681
319 0.657863
328 0.66148
340 0.662285
384 0.662536
403 0.664917
409 0.665488
412 0.666989
463 0.667745
470 0.668638
475 0.669047
522 0.672235
538 0.675136
539 0.675237
542 0.675554
562 0.676906
592 0.680143
615 0.680795
619 0.682333
638 0.683547
662 0.684369
700 0.685253
707 0.686308
708 0.687415
736 0.688276
800 0.688849
870 0.689173
884 0.690581
1048 0.691125
1128 0.694053
