0 0.501382
1 0.504058
5 0.505513
10 0.506744
12 0.508358
17 0.513241
25 0.518814
26 0.518927
30 0.520441
31 0.523846
34 0.524115
35 0.526511
37 0.53308
38 0.533618
40 0.53551
42 0.537375
44 0.538633
46 0.538771
54 0.541309
61 0.544301
63 0.545991
64 0.547977
66 0.55244
79 0.556028
81 0.560796
84 0.562739
88 0.563475
96 0.564649
97 0.565282
105 0.565357
106 0.566448
107 0.566721
117 0.567929
118 0.568738
121 0.569257
129 0.570787
132 0.573804
138 0.574725
139 0.575974
142 0.576485
143 0.578139
146 0.579248
147 0.581208
151 0.58201
154 0.587257
160 0.589866
162 0.590646
164 0.592803
170 0.595747
171 0.596428
177 0.596734
180 0.599221
183 0.600451
185 0.601366
186 0.602072
187 0.605331
190 0.607902
191 0.610929
193 0.612425
198 0.616733
201 0.620784
218 0.62361
220 0.628836
225 0.630139
230 0.630429
244 0.630597
248 0.63236
249 0.633447
255 0.634589
259 0.634932
271 0.63578
275 0.636285
276 0.636436
279 0.637433
284 0.638151
296 0.638537
298 0.638688
299 0.640113
306 0.642321
307 0.643793
328 0.64569
332 0.645821
339 0.646828
364 0.646909
393 0.650721
396 0.651389
423 0.652265
424 0.653637
436 0.654194
443 0.65432
446 0.656453
488 0.662109
505 0.663185
510 0.664065
512 0.665026
515 0.665887
521 0.667168
528 0.668632
552 0.672393
569 0.677317
574 0.679507
598 0.680019
609 0.681116
611 0.682075
651 0.682203
661 0.682473
662 0.684851
680 0.68568
685 0.688497
686 0.68914
703 0.69025
713 0.693046
724 0.693409
802 0.693768
810 0.696358
868 0.699982
902 0.701195
914 0.703404
953 0.703499
965 0.704229
972 0.704411
1078 0.704686
1123 0.706642
1167 0.708876
1239 0.709537
1367 0.710214
