0 0.474388
1 0.478309
3 0.478912
6 0.479619
8 0.480894
9 0.481818
10 0.484909
11 0.48557
12 0.485781
14 0.489324
16 0.490531
17 0.49067
19 0.491024
20 0.492773
22 0.494639
26 0.498951
27 0.500842
28 0.503284
29 0.503825
33 0.50399
34 0.504385
35 0.506721
36 0.50719
37 0.509486
38 0.51056
42 0.513501
44 0.517365
45 0.519315
46 0.520936
47 0.522167
48 0.524234
49 0.527044
51 0.528138
53 0.531605
54 0.534305
55 0.534605
59 0.535564
60 0.53746
70 0.538651
72 0.54439
74 0.544415
83 0.545761
85 0.547577
89 0.549406
92 0.54954
93 0.550995
97 0.553636
101 0.557489
104 0.558351
106 0.559867
108 0.563682
110 0.563907
111 0.565457
117 0.568774
118 0.572272
120 0.572383
121 0.574409
124 0.575209
126 0.575913
136 0.578232
137 0.578779
138 0.579803
146 0.58052
148 0.583294
149 0.584273
150 0.58459
151 0.586103
162 0.58643
166 0.588268
169 0.589577
171 0.592574
177 0.595576
185 0.595758
193 0.597478
206 0.60084
208 0.601387
226 0.60298
233 0.603433
243 0.604784
245 0.606079
251 0.606154
256 0.607241
257 0.610438
260 0.610873
263 0.613974
265 0.615311
268 0.616794
274 0.61936
283 0.62093
284 0.621887
300 0.625131
312 0.625522
314 0.626296
317 0.629442
318 0.629687
324 0.630796
328 0.633163
348 0.634412
383 0.636192
410 0.637215
411 0.638413
415 0.639193
425 0.639629
427 0.642935
433 0.645254
444 0.648967
450 0.653654
492 0.653755
501 0.65406
512 0.65484
530 0.657397
536 0.657407
537 0.658062
543 0.658064
572 0.658505
580 0.659719
616 0.662655
662 0.663266
688 0.663838
693 0.667375
700 0.669684
703 0.670242
706 0.671868
711 0.674792
766 0.675198
802 0.676749
807 0.677972
836 0.678337
887 0.679297
889 0.681444
916 0.686368
918 0.687189
927 0.687592
931 0.691254
1003 0.692203
1053 0.692983
1068 0.693004
1160 0.693951
1241 0.695124
1378 0.696835
