0 0.497834
1 0.497974
8 0.501982
11 0.507309
12 0.509138
18 0.512995
21 0.513447
24 0.514394
25 0.514645
27 0.516683
28 0.518807
30 0.523029
31 0.52369
32 0.52485
34 0.526836
35 0.528154
37 0.52923
43 0.531506
46 0.532157
48 0.533293
49 0.53613
55 0.536935
57 0.53876
60 0.539891
61 0.54114
62 0.541213
65 0.542223
66 0.545123
67 0.546988
69 0.548269
72 0.54957
77 0.550637
78 0.552553
80 0.553936
82 0.555088
85 0.559363
87 0.565546
96 0.567164
101 0.571259
103 0.571786
104 0.573389
107 0.573702
108 0.575395
112 0.576381
116 0.578106
117 0.580171
121 0.583289
122 0.584485
125 0.58591
127 0.587051
130 0.588278
135 0.58989
136 0.590869
139 0.594023
143 0.59474
149 0.598288
151 0.59948
153 0.601651
154 0.603049
156 0.60328
158 0.605397
166 0.605849
171 0.608159
174 0.608814
177 0.610402
178 0.612408
181 0.613968
189 0.617073
190 0.617627
192 0.618004
194 0.618052
196 0.62004
202 0.622681
204 0.624159
210 0.626228
218 0.626719
231 0.62726
232 0.630804
234 0.632012
236 0.633761
243 0.634202
244 0.634316
253 0.634777
264 0.637195
266 0.637291
290 0.639109
293 0.639532
311 0.641962
324 0.645624
332 0.648923
340 0.649111
356 0.649856
359 0.650467
368 0.652848
369 0.654909
391 0.655736
397 0.656113
402 0.659212
403 0.661631
418 0.662938
428 0.663612
429 0.664071
434 0.664336
439 0.666891
442 0.669332
470 0.671411
490 0.677998
497 0.680202
499 0.680368
505 0.681921
512 0.681921
514 0.683048
525 0.683715
544 0.683856
549 0.684677
567 0.684808
600 0.685078
610 0.686225
685 0.686428
698 0.689012
723 0.69291
740 0.695043
757 0.697861
855 0.699224
880 0.702199
911 0.704013
930 0.707194
957 0.707366
1011 0.708122
1175 0.709542
1349 0.710385
1555 0.711773
1797 0.711858
1866 0.71499
1952 0.715307
1974 0.716917
