0 0.519973
3 0.524003
7 0.525308
8 0.526684
9 0.527836
11 0.529207
14 0.53568
22 0.53739
23 0.539574
24 0.540497
25 0.54367
26 0.544374
28 0.544689
29 0.547356
31 0.547817
32 0.547856
34 0.550922
38 0.553594
39 0.554454
40 0.556522
44 0.557017
47 0.55968
48 0.560707
50 0.562021
53 0.56352
55 0.564274
56 0.565469
61 0.566516
65 0.566667
75 0.56707
78 0.568223
81 0.569299
82 0.571682
84 0.573916
86 0.57425
95 0.575121
99 0.578807
101 0.583438
105 0.585271
108 0.590077
112 0.591423
113 0.593493
117 0.593504
118 0.594571
121 0.597836
126 0.599428
137 0.601211
142 0.603099
149 0.603102
158 0.604406
161 0.604594
163 0.606545
165 0.606871
169 0.609343
173 0.609497
175 0.611151
176 0.614042
180 0.614287
187 0.616222
189 0.617593
195 0.618034
202 0.619344
205 0.623034
206 0.623347
209 0.6257
213 0.627207
219 0.627321
223 0.627669
231 0.628507
236 0.629456
243 0.630826
250 0.634862
257 0.635494
262 0.635905
265 0.63784
274 0.640848
276 0.642396
296 0.643862
305 0.645413
315 0.647474
326 0.647922
328 0.64804
332 0.648157
334 0.648566
339 0.653902
371 0.655225
372 0.655559
381 0.658771
382 0.65884
386 0.659115
390 0.662155
398 0.662368
413 0.665345
427 0.66828
434 0.668899
462 0.669579
469 0.671205
475 0.672147
477 0.673138
496 0.673213
509 0.673467
522 0.674363
524 0.676527
545 0.676687
602 0.677726
619 0.679267
620 0.681243
622 0.68135
647 0.682174
669 0.682857
676 0.684037
699 0.684986
703 0.6862
704 0.687148
726 0.688056
754 0.689837
755 0.690165
818 0.691824
828 0.692692
829 0.69608
890 0.696246
928 0.697384
981 0.698269
1077 0.700402
1080 0.701085
1193 0.701365
1287 0.702083
1310 0.70276
1385 0.703581
