0 0.499209
1 0.502644
2 0.504348
3 0.505656
5 0.505973
8 0.510039
10 0.510439
15 0.516784
17 0.519587
18 0.520449
19 0.524297
21 0.530497
30 0.530534
32 0.531278
35 0.532949
37 0.536958
42 0.537765
47 0.539454
49 0.542952
50 0.546962
55 0.550579
69 0.551801
71 0.551933
72 0.552038
76 0.554811
78 0.555129
80 0.556017
84 0.557513
91 0.558116
92 0.558537
96 0.558941
100 0.559887
103 0.56423
107 0.570478
109 0.572082
113 0.573787
116 0.57564
119 0.577409
124 0.583237
125 0.584798
129 0.585475
130 0.586599
131 0.587007
132 0.590445
137 0.591095
142 0.591633
145 0.593161
147 0.593927
154 0.595573
168 0.59667
173 0.604057
176 0.607151
186 0.607953
193 0.613165
202 0.615979
214 0.618013
234 0.618957
236 0.620048
238 0.623679
239 0.624668
243 0.62508
245 0.628253
251 0.629209
256 0.629775
268 0.631374
279 0.632524
291 0.637461
292 0.639436
300 0.639618
301 0.639891
303 0.643492
307 0.647536
314 0.647979
328 0.650528
348 0.650874
360 0.65132
384 0.653057
403 0.661214
415 0.661459
421 0.661984
424 0.665035
430 0.665403
437 0.665701
444 0.670154
449 0.670327
452 0.672938
459 0.673145
484 0.67453
497 0.674719
525 0.675437
531 0.677718
538 0.677905
547 0.678241
554 0.678636
562 0.679293
592 0.680824
625 0.680916
631 0.681305
649 0.68397
676 0.686798
696 0.69098
697 0.69099
699 0.691034
700 0.692483
717 0.692504
734 0.69326
745 0.693676
750 0.695281
764 0.695621
829 0.696324
919 0.70139
1098 0.703604
1128 0.704885
1307 0.705887
1321 0.708554
1412 0.709167
1638 0.709399
1868 0.71054
