0 0.505933
3 0.50696
5 0.508271
8 0.510995
11 0.51185
13 0.512399
16 0.517601
17 0.521743
18 0.522393
22 0.52285
26 0.525259
28 0.526667
29 0.528166
31 0.529359
33 0.533696
34 0.537466
41 0.537843
43 0.538183
44 0.541277
46 0.543063
55 0.544025
58 0.545664
60 0.546491
62 0.547638
66 0.549265
67 0.558608
74 0.558841
75 0.560769
78 0.562914
83 0.563357
85 0.567103
86 0.569051
100 0.570693
107 0.57073
110 0.572267
111 0.572588
119 0.574087
120 0.575237
126 0.580935
130 0.582187
139 0.585255
143 0.585571
149 0.589224
153 0.593311
154 0.595033
162 0.596752
168 0.598168
171 0.601173
174 0.601311
179 0.601898
190 0.603886
201 0.603995
203 0.606748
212 0.607222
223 0.607844
228 0.607856
229 0.610321
239 0.613532
252 0.617874
261 0.618819
268 0.619749
270 0.621541
278 0.623311
281 0.623435
289 0.624799
304 0.627313
305 0.628257
313 0.628529
325 0.62858
335 0.633262
339 0.634349
343 0.63442
344 0.635535
348 0.637174
352 0.637745
353 0.639754
355 0.640269
360 0.642572
364 0.64267
368 0.643767
384 0.645039
408 0.647856
447 0.650253
461 0.651054
498 0.652332
546 0.655993
551 0.656356
618 0.656359
650 0.657035
656 0.657657
657 0.658157
689 0.661807
702 0.663303
709 0.663878
716 0.665878
720 0.666956
724 0.667905
738 0.669222
751 0.669433
758 0.670495
805 0.671139
812 0.671265
813 0.673156
887 0.674466
888 0.67501
889 0.675431
912 0.677
993 0.678188
996 0.678392
1022 0.678502
1061 0.681115
1079 0.684541
1094 0.687064
1192 0.688237
1241 0.690972
1277 0.692663
1301 0.694118
1428 0.695088
1598 0.696832
