0 0.479017
1 0.482379
2 0.483077
5 0.485925
7 0.486955
9 0.488326
11 0.489881
13 0.494807
15 0.495419
17 0.497434
18 0.497848
19 0.499477
20 0.500684
22 0.502661
24 0.50455
26 0.505116
31 0.506903
32 0.508972
36 0.511528
45 0.514822
48 0.516007
50 0.516517
51 0.519947
54 0.520532
55 0.5232
57 0.525422
62 0.52571
64 0.530873
72 0.530954
77 0.532163
79 0.534413
81 0.537691
84 0.537763
85 0.539167
87 0.545765
93 0.54647
96 0.548703
97 0.550182
99 0.55328
100 0.554613
103 0.556834
106 0.560268
110 0.565244
111 0.565826
112 0.570431
115 0.572336
119 0.572436
124 0.575157
125 0.575411
128 0.577229
129 0.578906
131 0.579101
138 0.57945
139 0.585366
143 0.588215
145 0.591213
147 0.592985
160 0.595865
163 0.596205
165 0.596648
169 0.596979
170 0.59865
172 0.599396
178 0.599971
179 0.604991
181 0.605798
187 0.605965
192 0.606616
198 0.609088
206 0.610972
208 0.612427
213 0.61715
215 0.618101
241 0.62167
246 0.623441
258 0.625227
267 0.625524
270 0.62861
274 0.630213
282 0.630982
284 0.63277
301 0.635581
313 0.637838
321 0.641756
337 0.645256
339 0.645659
340 0.646077
357 0.646274
370 0.647845
379 0.648049
380 0.65483
393 0.654951
403 0.656027
405 0.657237
408 0.658589
435 0.65921
436 0.659277
466 0.661241
472 0.661994
477 0.662354
492 0.662761
494 0.665472
499 0.666621
516 0.666642
531 0.666762
544 0.670632
549 0.671274
565 0.67388
574 0.676179
579 0.67932
586 0.679453
614 0.681662
628 0.682008
647 0.683435
666 0.683856
692 0.685467
693 0.686707
710 0.687347
718 0.688933
733 0.688938
753 0.689977
791 0.692647
847 0.695464
880 0.695504
890 0.696445
897 0.699562
903 0.70051
939 0.701315
940 0.702507
966 0.702884
1003 0.703971
1024 0.707082
1051 0.707382
1177 0.708013
1271 0.708408
