0 0.517124
2 0.518473
3 0.518606
7 0.518949
9 0.521569
10 0.526429
14 0.528799
17 0.533109
20 0.536921
21 0.537602
31 0.545572
32 0.546384
37 0.548335
40 0.548679
42 0.554604
47 0.557545
50 0.559814
51 0.559973
53 0.562359
57 0.563011
59 0.567629
60 0.573566
62 0.574724
63 0.579716
64 0.579839
65 0.581087
66 0.583937
70 0.586368
72 0.590111
79 0.593524
86 0.59786
96 0.60416
107 0.606509
111 0.608588
113 0.608747
118 0.611115
123 0.61164
134 0.613482
137 0.615002
141 0.616419
142 0.618108
150 0.618499
157 0.620184
166 0.624167
169 0.625474
170 0.627881
172 0.629485
185 0.630608
186 0.63061
198 0.632993
201 0.635168
210 0.635663
212 0.636425
221 0.636437
233 0.640098
237 0.640324
239 0.641933
240 0.645929
245 0.647143
251 0.650022
254 0.651761
255 0.652646
256 0.653231
259 0.654647
265 0.65627
269 0.65663
270 0.656958
286 0.657232
305 0.657463
318 0.661594
320 0.663727
322 0.665182
325 0.667652
330 0.667708
331 0.670875
334 0.676718
337 0.678997
339 0.680305
342 0.681535
352 0.682147
358 0.684652
359 0.684768
380 0.686609
385 0.68991
389 0.690324
411 0.694877
419 0.697041
442 0.698405
473 0.699202
535 0.699264
556 0.701161
566 0.701266
622 0.701433
678 0.702604
776 0.706205
816 0.70657
864 0.707434
921 0.708295
935 0.708598
955 0.710308
1000 0.710369
1252 0.711995
