0 0.503783
3 0.504494
4 0.508155
7 0.510326
11 0.510631
12 0.513448
13 0.517366
16 0.519301
17 0.520459
20 0.521818
22 0.522317
25 0.525887
26 0.527401
27 0.530126
31 0.533945
32 0.534033
34 0.534405
37 0.535519
42 0.538549
43 0.541291
44 0.541664
50 0.54381
51 0.545907
52 0.548512
57 0.550623
69 0.551776
76 0.552511
81 0.552902
99 0.553723
100 0.555029
101 0.557221
103 0.558676
108 0.559564
112 0.564072
118 0.565294
120 0.569944
122 0.571049
123 0.5735
130 0.578658
131 0.578978
133 0.580389
137 0.584165
138 0.585988
147 0.587003
148 0.58839
151 0.591422
152 0.592629
156 0.593703
163 0.594861
165 0.596324
166 0.597911
171 0.600167
175 0.601407
176 0.601502
180 0.604092
184 0.608157
188 0.609849
189 0.611169
190 0.614
191 0.617727
192 0.621035
195 0.624062
211 0.625339
216 0.628667
218 0.628838
223 0.630601
229 0.635216
231 0.637113
243 0.637579
252 0.63772
257 0.642396
263 0.64327
278 0.643283
286 0.644721
298 0.645071
304 0.64859
312 0.649103
317 0.649706
329 0.650545
330 0.650753
339 0.654242
348 0.655295
354 0.656871
396 0.658973
406 0.662357
422 0.662864
435 0.663546
448 0.666807
450 0.666906
456 0.671169
473 0.673126
475 0.673409
481 0.673509
497 0.675818
513 0.678352
520 0.678556
550 0.67952
569 0.679988
615 0.680402
651 0.682362
657 0.682919
659 0.68378
705 0.687371
707 0.687629
748 0.688849
775 0.691641
786 0.693455
797 0.693607
835 0.694387
840 0.694762
873 0.698885
877 0.698947
882 0.700498
929 0.705578
1046 0.707195
1247 0.708862
1451 0.709667
1641 0.709873
1825 0.712666
