0 0.504502
1 0.506475
2 0.508356
3 0.509608
6 0.509762
7 0.51125
8 0.513641
10 0.513658
11 0.517104
12 0.51805
18 0.519402
19 0.519904
20 0.522814
23 0.52379
25 0.524111
30 0.524442
32 0.526981
33 0.527082
37 0.528582
39 0.530466
40 0.533345
50 0.535182
53 0.535403
56 0.53578
58 0.537436
59 0.539844
70 0.542235
73 0.544749
77 0.545087
79 0.54614
85 0.548334
88 0.550152
91 0.551534
93 0.556062
94 0.556194
96 0.558744
97 0.560493
98 0.563495
107 0.567182
108 0.567819
118 0.569707
120 0.571233
125 0.572049
127 0.573542
129 0.576334
132 0.577381
139 0.577671
143 0.580441
151 0.580712
153 0.584133
161 0.584598
167 0.585671
169 0.586797
175 0.586831
176 0.587402
180 0.591148
181 0.595021
183 0.595216
184 0.595992
187 0.596039
195 0.59627
196 0.598349
197 0.598385
200 0.599408
206 0.60059
211 0.603789
212 0.605374
215 0.610331
220 0.611062
226 0.612788
243 0.613233
244 0.613988
247 0.615688
248 0.617255
253 0.62196
256 0.622726
257 0.623558
261 0.62643
263 0.62798
272 0.629675
274 0.629812
275 0.633373
280 0.633471
296 0.633714
298 0.634335
302 0.637002
304 0.637914
313 0.639107
314 0.639759
321 0.640885
327 0.641301
328 0.646315
330 0.647594
331 0.653037
335 0.656281
341 0.656806
346 0.657944
354 0.658567
361 0.662478
372 0.665454
385 0.666783
394 0.667604
410 0.668384
413 0.669803
436 0.675336
444 0.677004
446 0.67752
484 0.677606
520 0.677849
529 0.680015
545 0.680429
571 0.682386
605 0.682851
622 0.683927
625 0.684472
664 0.684879
700 0.684908
734 0.686697
751 0.687203
754 0.68737
762 0.688986
779 0.691211
788 0.693223
853 0.693677
903 0.695406
986 0.697381
1010 0.697443
1017 0.697538
1069 0.697698
1220 0.697869
1342 0.69873
