0 0.483909
4 0.486894
9 0.491615
10 0.494174
11 0.496903
13 0.497595
16 0.503522
17 0.505275
19 0.506372
21 0.512709
23 0.513516
24 0.518856
26 0.519812
27 0.519925
29 0.522804
34 0.526359
35 0.531914
36 0.534398
39 0.539071
42 0.539892
43 0.540068
45 0.540922
50 0.54323
51 0.543446
53 0.547348
54 0.547638
57 0.551009
63 0.551229
67 0.551962
68 0.558114
71 0.559752
72 0.561532
73 0.563375
81 0.565232
82 0.565739
85 0.567928
89 0.569314
92 0.569811
97 0.570612
102 0.570984
104 0.572588
110 0.573518
112 0.574639
117 0.579019
118 0.582253
122 0.588059
123 0.591477
125 0.592973
127 0.593802
133 0.594198
135 0.594761
142 0.596202
149 0.598923
154 0.601157
155 0.603485
159 0.603707
162 0.603718
169 0.604341
172 0.604586
176 0.605077
183 0.611089
191 0.613009
194 0.613138
197 0.615981
200 0.617919
202 0.618331
208 0.621849
213 0.622615
215 0.6245
220 0.625604
221 0.625675
222 0.626548
227 0.627465
235 0.629141
236 0.630513
246 0.630564
248 0.631778
252 0.633491
271 0.637502
283 0.641521
284 0.642301
285 0.643993
290 0.646583
294 0.647701
297 0.647789
306 0.647931
307 0.651857
326 0.653136
351 0.654159
352 0.655212
356 0.658749
364 0.659466
377 0.662551
378 0.664308
421 0.664852
454 0.665654
465 0.668357
523 0.66982
538 0.671362
545 0.672205
550 0.672395
560 0.673673
589 0.674276
666 0.678811
669 0.679733
671 0.680242
685 0.681772
686 0.682754
717 0.685663
756 0.686207
784 0.688361
822 0.689986
829 0.690642
851 0.691593
864 0.692033
900 0.693314
941 0.695036
994 0.695282
1031 0.696353
1055 0.696634
1125 0.696827
