0 0.494092
4 0.494796
5 0.496963
6 0.502608
7 0.503223
9 0.50374
11 0.505462
12 0.506885
13 0.508648
16 0.51322
17 0.514259
19 0.516688
23 0.519214
27 0.520486
28 0.521636
31 0.52566
36 0.525758
37 0.52644
39 0.530853
41 0.533732
43 0.537317
46 0.538799
49 0.538893
50 0.540903
52 0.541176
56 0.541354
57 0.541537
58 0.541632
60 0.544167
64 0.544173
66 0.544643
68 0.544748
69 0.546956
71 0.551576
76 0.555014
78 0.556351
79 0.556926
83 0.558139
85 0.55909
87 0.559789
93 0.560239
96 0.564138
97 0.565653
106 0.56675
108 0.567522
117 0.568718
120 0.572622
121 0.574657
122 0.57517
123 0.578919
126 0.580803
127 0.581804
131 0.582819
132 0.587599
135 0.590434
136 0.594388
139 0.59574
143 0.596283
153 0.596789
156 0.59718
159 0.602638
161 0.604982
164 0.606537
167 0.607179
193 0.607878
195 0.608233
198 0.609688
200 0.610402
203 0.613497
218 0.613962
219 0.615938
232 0.617208
234 0.620643
235 0.620888
238 0.624915
239 0.6269
242 0.627904
247 0.628318
248 0.629863
249 0.629965
256 0.630332
260 0.633508
267 0.635751
268 0.635911
271 0.635962
272 0.638054
275 0.642185
276 0.644475
289 0.647195
304 0.648746
328 0.649768
329 0.651626
331 0.652164
333 0.65358
339 0.655181
340 0.656017
341 0.656742
344 0.658359
349 0.659905
368 0.660726
378 0.664072
386 0.666569
390 0.667253
401 0.668038
404 0.668646
408 0.668836
413 0.671441
427 0.672641
432 0.673703
433 0.67525
435 0.675762
447 0.677227
449 0.677334
462 0.679666
463 0.679801
467 0.679882
485 0.682087
497 0.683338
501 0.685505
514 0.685999
545 0.686073
549 0.687823
561 0.688938
577 0.690345
585 0.697451
587 0.697507
589 0.698338
601 0.699693
621 0.701415
624 0.702733
633 0.702833
673 0.703526
674 0.704081
690 0.705939
711 0.706164
721 0.708784
722 0.712767
723 0.715188
728 0.716105
772 0.716166
800 0.718994
828 0.71965
832 0.721032
855 0.721485
967 0.721926
979 0.722433
1009 0.724038
1053 0.726436
1103 0.72748
1275 0.727852
1412 0.728632
1538 0.729739
