0 0.509244
2 0.510001
4 0.513432
7 0.515031
8 0.515541
9 0.516518
12 0.520389
15 0.520728
16 0.522129
18 0.525215
19 0.530353
20 0.532371
27 0.533274
33 0.533587
35 0.534711
36 0.536996
39 0.538598
41 0.540584
42 0.540965
43 0.544545
44 0.545276
48 0.54671
50 0.551736
52 0.553627
54 0.555953
55 0.557123
60 0.562123
61 0.563614
62 0.566332
64 0.567385
67 0.568115
71 0.570776
73 0.57247
80 0.575413
83 0.576016
84 0.578947
85 0.579665
88 0.580774
90 0.582868
93 0.58539
97 0.587232
106 0.588537
111 0.591028
118 0.592133
119 0.592622
126 0.593041
127 0.593528
130 0.594436
132 0.596396
136 0.596399
138 0.596634
145 0.598933
146 0.600048
153 0.600122
165 0.600227
169 0.600594
175 0.603035
181 0.604706
182 0.605188
187 0.606734
188 0.606975
189 0.607181
192 0.608896
194 0.610359
196 0.613976
205 0.614729
207 0.616133
214 0.617105
215 0.61741
218 0.618021
219 0.620996
235 0.622194
246 0.62277
249 0.625637
252 0.62776
260 0.628178
263 0.629292
274 0.633329
277 0.633647
280 0.635188
288 0.635856
292 0.635921
299 0.636466
306 0.63663
317 0.637434
334 0.637903
353 0.641772
357 0.642622
372 0.643862
377 0.646194
393 0.647912
409 0.647922
417 0.650531
425 0.651119
428 0.651205
431 0.654325
437 0.656736
448 0.657358
451 0.657579
454 0.659905
466 0.661689
473 0.663185
485 0.6644
486 0.665427
510 0.665834
512 0.667091
529 0.668405
536 0.670031
541 0.67107
550 0.671324
554 0.672429
557 0.672584
574 0.673014
599 0.673088
617 0.674941
672 0.675634
690 0.675706
707 0.677024
733 0.680561
756 0.686443
798 0.687803
815 0.688061
826 0.689638
839 0.694618
852 0.694807
905 0.694945
1008 0.695766
1032 0.697026
1104 0.697428
1149 0.697831
1160 0.699382
1213 0.700421
1349 0.702282
1386 0.703418
1476 0.705059
