0 0.489506
1 0.492138
2 0.495686
4 0.497788
5 0.501128
7 0.502454
9 0.504319
10 0.506974
11 0.509158
12 0.512667
13 0.513814
14 0.514594
16 0.514899
18 0.516569
19 0.521966
21 0.524183
22 0.524922
23 0.528136
25 0.530542
27 0.533656
28 0.538677
29 0.538779
35 0.539156
36 0.540546
41 0.541485
42 0.544348
47 0.544551
49 0.544943
56 0.547135
57 0.554774
59 0.559163
70 0.560534
72 0.562521
80 0.563385
89 0.564476
90 0.565582
96 0.567542
105 0.569329
106 0.570269
111 0.573115
116 0.57391
120 0.576018
123 0.577312
125 0.577544
128 0.580491
129 0.583799
135 0.585529
137 0.586916
141 0.587779
147 0.589248
149 0.590477
150 0.592145
155 0.593227
161 0.597564
163 0.59969
164 0.601115
165 0.602643
167 0.606181
168 0.607491
191 0.608514
195 0.61102
215 0.611039
222 0.611653
225 0.612573
230 0.612578
237 0.612651
238 0.615387
239 0.619199
242 0.623857
246 0.624016
268 0.624482
276 0.624892
279 0.628748
286 0.630021
293 0.630087
302 0.631073
310 0.632423
327 0.632529
330 0.634663
335 0.635276
339 0.640357
345 0.641704
348 0.641798
358 0.645188
368 0.646266
381 0.649422
394 0.650154
402 0.652711
414 0.653828
415 0.657692
422 0.657852
428 0.659546
446 0.660572
459 0.661346
470 0.664265
474 0.665099
478 0.667144
523 0.668598
542 0.671319
569 0.671589
588 0.67417
599 0.676062
608 0.67616
609 0.679095
618 0.67918
626 0.680228
629 0.681249
707 0.682288
716 0.685825
734 0.686807
737 0.686991
752 0.688569
765 0.692473
849 0.692581
852 0.694161
939 0.695082
1019 0.697082
1035 0.698668
1089 0.701068
1162 0.701348
1319 0.703372
1535 0.704653
1676 0.705296
