0 0.4935
1 0.496851
2 0.50037
4 0.502875
6 0.502988
8 0.503725
9 0.504128
10 0.504435
16 0.508877
17 0.511129
18 0.512784
19 0.513
22 0.515342
24 0.51837
26 0.519219
31 0.525526
32 0.52821
33 0.528651
37 0.528717
42 0.529826
44 0.530796
55 0.531289
63 0.535147
69 0.536577
75 0.53689
79 0.539987
81 0.542573
94 0.543119
97 0.543339
98 0.545072
104 0.547918
107 0.549515
115 0.550295
121 0.554281
123 0.556505
126 0.557158
129 0.558707
131 0.558809
138 0.559483
140 0.559757
141 0.56134
143 0.56142
154 0.561926
156 0.563381
159 0.563437
167 0.568884
171 0.568975
172 0.573353
173 0.575407
176 0.576229
182 0.578428
189 0.580095
190 0.583719
192 0.586043
206 0.587459
208 0.589945
214 0.590394
217 0.591746
224 0.592347
231 0.593737
239 0.594965
249 0.595073
258 0.596244
268 0.596653
270 0.597344
274 0.598463
278 0.60453
286 0.605481
288 0.60644
290 0.609125
301 0.610872
306 0.61153
315 0.61277
323 0.614481
327 0.616287
339 0.617189
340 0.619199
342 0.620525
347 0.621522
359 0.62469
361 0.627691
368 0.628825
370 0.628862
385 0.63006
402 0.636518
405 0.637121
406 0.637985
417 0.643511
419 0.647555
431 0.6496
433 0.650337
436 0.651577
441 0.652136
448 0.653686
449 0.654101
453 0.654139
457 0.654809
473 0.654989
506 0.657782
511 0.658203
512 0.660437
521 0.662126
552 0.664046
574 0.664501
598 0.665614
605 0.66883
607 0.670797
616 0.672057
623 0.674488
624 0.678558
631 0.67951
645 0.682487
652 0.68356
687 0.684521
691 0.684654
697 0.685606
788 0.688271
800 0.691841
801 0.69288
830 0.693806
927 0.694441
981 0.696574
997 0.698229
1023 0.699833
1086 0.70138
1176 0.701815
1244 0.703932
1378 0.704033
1450 0.705246
1632 0.705384
1673 0.70604
1841 0.706481
1951 0.7101
