0 0.508745
1 0.511011
5 0.513567
6 0.514262
8 0.514563
9 0.515784
11 0.517391
14 0.519062
15 0.520804
19 0.522082
21 0.524025
23 0.528042
27 0.532216
30 0.533735
31 0.534192
32 0.534485
36 0.534645
38 0.53726
40 0.538896
41 0.54107
42 0.541337
45 0.542449
48 0.544724
51 0.547335
53 0.552385
57 0.553737
59 0.555171
61 0.555182
62 0.556452
64 0.559389
66 0.561339
67 0.56412
69 0.565399
71 0.569033
73 0.56925
74 0.570831
75 0.575799
84 0.577504
89 0.578727
93 0.57874
94 0.580412
95 0.582057
97 0.583731
100 0.584682
102 0.585524
104 0.585864
112 0.586493
114 0.58756
118 0.588082
119 0.589771
122 0.59127
125 0.591596
128 0.591599
136 0.591611
140 0.591886
142 0.592224
144 0.5932
146 0.59367
147 0.594492
148 0.596422
151 0.599582
156 0.601596
157 0.603289
159 0.611747
171 0.615591
178 0.615954
183 0.616225
184 0.617378
192 0.617464
197 0.618828
198 0.619573
208 0.620787
223 0.623419
235 0.628388
243 0.629541
252 0.630638
263 0.631041
264 0.63293
269 0.633595
270 0.634705
275 0.634712
278 0.636022
280 0.637096
281 0.637198
283 0.640666
284 0.641278
290 0.643342
302 0.650256
304 0.652317
306 0.652651
308 0.657324
337 0.657565
343 0.657749
344 0.658304
359 0.661449
364 0.66302
372 0.663588
379 0.665139
385 0.665277
390 0.665605
394 0.666309
414 0.666383
424 0.666664
427 0.669432
434 0.67039
443 0.671086
448 0.671234
459 0.674845
495 0.675235
497 0.677251
541 0.677715
543 0.678217
590 0.679266
626 0.679996
628 0.682322
636 0.68235
663 0.684555
670 0.685538
698 0.688331
731 0.688586
750 0.689208
753 0.691013
768 0.691179
795 0.6921
800 0.692313
816 0.692996
849 0.694236
888 0.695553
1041 0.695978
1090 0.696171
1122 0.696822
1327 0.697043
