0 0.49301
2 0.494777
3 0.494962
5 0.496091
9 0.496945
10 0.497823
15 0.500286
16 0.506647
20 0.51226
22 0.514341
27 0.517141
28 0.520232
29 0.522193
31 0.526399
34 0.526729
41 0.528637
42 0.531312
44 0.534743
53 0.540237
58 0.540942
60 0.543347
63 0.547106
67 0.550311
69 0.551232
74 0.554632
75 0.557609
80 0.55777
82 0.561231
84 0.564508
85 0.567424
86 0.568115
90 0.56815
91 0.569114
95 0.5705
101 0.572785
104 0.573199
109 0.575317
110 0.57732
112 0.577779
116 0.579216
117 0.579619
120 0.582809
127 0.583836
129 0.587406
135 0.588639
136 0.591167
139 0.594344
142 0.597215
145 0.597898
150 0.600971
152 0.606049
157 0.608669
158 0.611802
159 0.612051
168 0.613739
169 0.614807
175 0.616925
180 0.618625
188 0.619447
193 0.61998
202 0.624968
206 0.630773
209 0.630783
212 0.633367
229 0.63447
231 0.636388
234 0.638812
235 0.641115
237 0.642656
249 0.643068
253 0.645387
254 0.646928
256 0.647224
262 0.647445
263 0.649057
266 0.651001
280 0.651509
308 0.653636
337 0.654336
338 0.656843
372 0.658452
392 0.65859
400 0.660135
407 0.661551
415 0.662985
422 0.665193
444 0.668893
454 0.672135
463 0.674144
487 0.674827
488 0.675082
491 0.677763
496 0.67838
571 0.681576
572 0.682712
585 0.684035
597 0.687049
618 0.687253
638 0.688276
649 0.690608
670 0.691979
698 0.696231
859 0.696394
934 0.69703
1044 0.697084
1111 0.698739
