0 0.491206
1 0.491553
2 0.492082
3 0.492885
5 0.495049
8 0.497203
9 0.501576
10 0.503262
12 0.507091
14 0.510681
16 0.512916
17 0.513307
18 0.519655
19 0.522145
25 0.523067
27 0.528957
28 0.535924
30 0.536118
32 0.536541
33 0.537862
36 0.540517
38 0.54052
39 0.541482
40 0.542618
41 0.54594
46 0.546668
50 0.547616
52 0.548401
58 0.551155
61 0.552598
67 0.552682
69 0.553068
71 0.553454
75 0.555174
76 0.5578
77 0.56263
79 0.563938
86 0.566423
90 0.568325
92 0.568776
95 0.570661
109 0.571819
110 0.57266
122 0.572882
126 0.573223
127 0.57505
133 0.576457
134 0.576664
137 0.579096
139 0.57951
145 0.581197
147 0.581632
151 0.582207
152 0.584023
153 0.590275
163 0.593456
164 0.59627
170 0.597178
173 0.597194
179 0.598703
181 0.600692
186 0.60141
187 0.603056
190 0.603919
193 0.606819
194 0.60899
196 0.610612
209 0.611273
210 0.611977
217 0.613251
224 0.613903
225 0.616126
226 0.617238
228 0.621111
230 0.621293
233 0.623434
234 0.623972
235 0.624237
241 0.624435
252 0.626129
256 0.628452
266 0.629491
269 0.629585
271 0.631655
273 0.632203
275 0.633335
282 0.635265
283 0.635897
294 0.638105
296 0.638243
304 0.639169
311 0.641759
312 0.647669
333 0.647671
335 0.648113
339 0.649254
349 0.650233
373 0.650731
375 0.652486
378 0.654205
386 0.656802
411 0.657373
424 0.65898
473 0.659802
484 0.664398
503 0.665585
565 0.666529
571 0.667538
577 0.671086
603 0.674065
613 0.67472
626 0.677082
637 0.678052
638 0.678273
678 0.680396
683 0.681419
718 0.681822
756 0.683854
784 0.684295
819 0.687467
825 0.688931
841 0.692107
854 0.692173
856 0.695318
901 0.699216
918 0.700076
954 0.702209
1012 0.702398
1019 0.705886
1033 0.706454
1147 0.706677
1310 0.70773
1333 0.707959
1479 0.710091
1549 0.710238
