0 0.487072
1 0.489244
3 0.490321
4 0.495154
6 0.497517
7 0.500126
8 0.502747
12 0.507184
14 0.512918
18 0.516219
19 0.51765
20 0.518375
22 0.519968
27 0.521399
30 0.521559
32 0.521971
35 0.522973
36 0.525726
39 0.526589
41 0.526906
52 0.527053
53 0.533644
60 0.535364
68 0.536315
69 0.538716
71 0.539375
72 0.5401
73 0.545269
77 0.55168
86 0.552054
88 0.552639
89 0.554755
90 0.554824
97 0.555461
102 0.55686
105 0.561941
106 0.565965
107 0.567155
112 0.56844
115 0.569435
121 0.569975
128 0.572525
133 0.57337
134 0.57455
135 0.57457
139 0.576532
140 0.580348
144 0.582724
149 0.583572
154 0.585111
159 0.585753
163 0.58598
168 0.589996
170 0.592415
172 0.59267
183 0.59716
186 0.598162
188 0.59829
190 0.598353
195 0.598491
197 0.600185
199 0.60161
201 0.602075
203 0.603794
207 0.605395
212 0.605902
216 0.607318
232 0.60801
241 0.613264
251 0.614197
258 0.616025
263 0.616089
266 0.616771
273 0.619963
282 0.620082
287 0.621685
291 0.625318
299 0.625392
309 0.627075
322 0.631092
324 0.631719
326 0.63415
332 0.634694
338 0.637071
343 0.637397
345 0.637672
351 0.638748
354 0.6409
363 0.641851
364 0.641863
410 0.642144
413 0.642296
421 0.642377
424 0.645938
426 0.649024
427 0.651397
459 0.652177
468 0.65237
471 0.652901
473 0.653783
494 0.653924
505 0.655625
564 0.658599
568 0.658611
573 0.661314
577 0.661643
615 0.66347
624 0.665533
644 0.666879
668 0.668406
703 0.669714
758 0.671726
771 0.672927
781 0.674562
801 0.675444
806 0.675537
821 0.677852
834 0.678022
841 0.678203
843 0.679207
864 0.681293
871 0.681534
880 0.683446
888 0.68703
924 0.68725
968 0.687491
991 0.688954
1042 0.689993
1128 0.692198
1173 0.692673
1176 0.692827
1205 0.694018
1208 0.694386
1294 0.694763
1358 0.695835
1368 0.697588
1382 0.699064
1420 0.699748
1499 0.70031
1627 0.702024
1694 0.702465
1811 0.70312
1889 0.704236
1978 0.704423
2184 0.705101
2255 0.705542
