0 0.487045
1 0.488615
2 0.49322
3 0.499852
4 0.500377
6 0.504071
7 0.504972
8 0.505547
10 0.507145
12 0.507628
13 0.509114
14 0.509859
15 0.510619
17 0.510844
18 0.513187
19 0.51492
20 0.5155
24 0.516098
28 0.516758
29 0.520443
30 0.523555
33 0.526004
34 0.530322
35 0.533973
37 0.535107
41 0.537211
43 0.538302
45 0.538614
46 0.539172
47 0.542563
49 0.543044
50 0.545369
51 0.545778
52 0.548683
53 0.55353
54 0.554508
57 0.554561
60 0.555533
72 0.557041
78 0.557368
82 0.557709
87 0.557742
94 0.562142
97 0.564536
99 0.56863
100 0.571739
104 0.572613
107 0.575943
108 0.57747
109 0.57957
110 0.580109
117 0.583657
120 0.588081
121 0.590371
122 0.593159
127 0.596304
130 0.597702
132 0.600833
145 0.602133
151 0.60316
156 0.606525
166 0.608049
167 0.609744
170 0.61153
175 0.613206
183 0.616845
185 0.618932
186 0.621706
199 0.621952
204 0.622813
208 0.622949
210 0.624065
212 0.625458
216 0.627057
240 0.627164
247 0.62894
250 0.63009
253 0.630218
275 0.630883
279 0.631076
294 0.631984
296 0.635077
301 0.637939
308 0.638581
311 0.638643
321 0.640091
329 0.645048
343 0.648237
344 0.649863
364 0.652262
368 0.653725
379 0.655861
381 0.656015
383 0.659876
385 0.660294
386 0.661713
394 0.664857
399 0.665829
423 0.667157
440 0.667523
449 0.669855
460 0.671052
463 0.673115
466 0.676051
468 0.679579
488 0.679613
494 0.679912
503 0.680994
528 0.682033
534 0.684682
542 0.686761
643 0.688195
670 0.689016
703 0.690726
730 0.694519
765 0.697139
880 0.698251
922 0.700409
1100 0.701126
1327 0.702187
