0 0.487261
1 0.48809
3 0.48962
4 0.492946
5 0.493791
6 0.493973
7 0.496938
9 0.49798
10 0.498175
11 0.501695
12 0.502055
13 0.505645
15 0.506888
16 0.513126
18 0.514241
20 0.515339
22 0.518777
23 0.521437
28 0.523334
29 0.525906
30 0.527333
32 0.527723
34 0.529417
35 0.533625
38 0.535899
40 0.539431
42 0.540137
43 0.54144
45 0.541808
46 0.543059
47 0.543674
49 0.544156
53 0.545193
54 0.550508
61 0.552005
67 0.55411
70 0.554299
71 0.555968
77 0.556919
80 0.557671
83 0.55799
84 0.560956
86 0.563083
87 0.563954
88 0.564298
92 0.567115
93 0.570026
94 0.570819
96 0.571358
98 0.573087
99 0.574546
102 0.578893
105 0.579186
106 0.580251
112 0.581318
114 0.582773
122 0.584871
124 0.585111
127 0.587829
131 0.588384
132 0.589275
141 0.592913
145 0.595397
148 0.596387
150 0.597263
153 0.598952
161 0.602106
165 0.603145
174 0.604597
184 0.605004
191 0.6053
194 0.605659
199 0.607535
204 0.61081
206 0.611624
213 0.612168
214 0.6133
229 0.613623
237 0.616161
250 0.616448
252 0.616788
253 0.617591
269 0.620982
272 0.622021
288 0.623174
300 0.625058
304 0.628039
309 0.631208
318 0.631259
324 0.631292
336 0.634915
337 0.635464
344 0.640275
345 0.640829
347 0.6413
384 0.643324
394 0.644121
395 0.644631
424 0.648334
435 0.64941
441 0.651341
451 0.65258
456 0.65391
460 0.655148
471 0.657705
473 0.658195
477 0.658863
479 0.660072
495 0.660173
502 0.660527
505 0.661102
507 0.662581
512 0.664103
520 0.664963
538 0.66628
552 0.666301
568 0.666538
571 0.66893
578 0.66988
581 0.671031
583 0.671412
619 0.672233
623 0.674366
629 0.677159
646 0.67789
710 0.677932
726 0.678114
748 0.680394
756 0.681859
779 0.682909
791 0.68402
836 0.68509
855 0.687723
870 0.69138
892 0.691929
894 0.693035
899 0.693886
928 0.696297
932 0.697838
938 0.700452
955 0.702559
988 0.702568
1044 0.703116
1047 0.703511
1063 0.703665
1065 0.703678
1068 0.707349
1112 0.707609
1137 0.707812
1176 0.709526
1239 0.709893
1248 0.71148
1249 0.711827
1261 0.714393
1309 0.71515
1359 0.717483
1365 0.718052
1424 0.718506
1429 0.719189
1475 0.71941
1498 0.720798
1518 0.72223
1631 0.722618
