0 0.470036
2 0.471153
4 0.473497
5 0.479127
7 0.479504
8 0.480447
11 0.482331
12 0.482978
16 0.484051
19 0.487924
20 0.492389
21 0.493527
23 0.495001
24 0.497475
25 0.498699
26 0.501765
27 0.503114
32 0.505416
34 0.513533
35 0.515335
37 0.516058
38 0.522967
42 0.523256
44 0.525709
45 0.529358
46 0.531731
47 0.532233
48 0.534698
49 0.536198
56 0.541663
58 0.543426
59 0.543898
61 0.544602
62 0.549467
63 0.55102
65 0.554882
66 0.555121
67 0.55559
71 0.556762
74 0.557336
75 0.557417
80 0.561639
82 0.56359
86 0.563883
87 0.565057
89 0.566803
97 0.56908
104 0.569128
106 0.571866
109 0.573826
115 0.573998
122 0.5745
124 0.577727
130 0.578023
149 0.580824
150 0.587293
152 0.589249
157 0.592371
160 0.594966
161 0.59651
164 0.598962
165 0.599121
173 0.601041
175 0.603331
183 0.604014
188 0.604119
189 0.608886
197 0.610294
199 0.612464
202 0.612796
206 0.615195
207 0.616669
210 0.61699
211 0.622009
214 0.623434
215 0.624473
217 0.625779
225 0.627501
229 0.627874
250 0.629604
261 0.631442
263 0.633825
270 0.635936
274 0.636511
277 0.639061
302 0.639246
303 0.640968
309 0.642635
313 0.644169
328 0.646789
361 0.646927
367 0.648065
377 0.649452
384 0.649703
400 0.652056
411 0.655007
412 0.655351
415 0.656172
418 0.660312
428 0.661428
445 0.66304
448 0.664778
454 0.664886
467 0.664891
485 0.665073
514 0.666179
564 0.667507
579 0.667641
580 0.669072
586 0.670583
589 0.673429
596 0.673954
602 0.674429
627 0.674503
649 0.677842
663 0.677983
687 0.679203
708 0.6794
725 0.680001
745 0.681958
761 0.683171
782 0.684162
802 0.687681
820 0.68859
874 0.690961
946 0.692884
950 0.693223
1038 0.693234
1068 0.693401
1076 0.695143
1079 0.695363
1142 0.69618
1226 0.697389
1270 0.697552
1286 0.698721
1348 0.703375
1477 0.703804
1593 0.704298
