0 0.504608
2 0.50673
3 0.507017
4 0.509471
5 0.509517
7 0.511747
9 0.511904
10 0.51335
13 0.514564
14 0.514809
15 0.515735
19 0.519726
23 0.521416
24 0.521659
26 0.521717
27 0.524653
28 0.52487
29 0.526681
30 0.527185
32 0.527633
37 0.530591
39 0.533835
40 0.534249
41 0.536798
42 0.536915
43 0.541175
44 0.542916
50 0.547937
52 0.551731
57 0.554942
59 0.555053
65 0.555131
66 0.561744
67 0.564862
76 0.565725
79 0.568274
83 0.568467
85 0.570966
92 0.574514
100 0.575887
101 0.576361
102 0.577203
119 0.578823
125 0.580481
126 0.588477
127 0.590167
128 0.592796
129 0.593887
137 0.595383
142 0.595912
145 0.59812
147 0.598929
150 0.599376
154 0.59954
161 0.600656
165 0.601806
172 0.604676
184 0.609281
191 0.611267
192 0.612861
193 0.617225
194 0.62037
197 0.621905
213 0.630402
218 0.632344
219 0.634815
220 0.635002
250 0.635532
251 0.636963
258 0.640325
259 0.641104
283 0.642681
285 0.64439
286 0.645298
312 0.645984
318 0.646256
335 0.650358
348 0.653345
385 0.65429
386 0.656072
389 0.656679
400 0.657401
429 0.659352
439 0.66039
462 0.667379
488 0.669462
491 0.671065
522 0.672024
538 0.673177
540 0.673447
547 0.673517
558 0.675913
592 0.677189
602 0.679972
607 0.680429
642 0.682089
645 0.682118
670 0.683115
671 0.684459
699 0.684595
703 0.684706
710 0.685109
714 0.688954
716 0.69065
722 0.691301
761 0.693232
770 0.693997
815 0.694752
915 0.69526
921 0.695541
927 0.696685
971 0.697345
1134 0.69754
1242 0.699369
1384 0.70138
1585 0.703492
1718 0.703553
1939 0.703879
