0 0.511005
1 0.512446
3 0.514655
4 0.520749
7 0.521568
9 0.523495
12 0.524001
13 0.525067
14 0.525398
15 0.52583
19 0.52956
22 0.537085
24 0.538167
30 0.539307
31 0.540095
32 0.541212
33 0.54252
36 0.544573
37 0.546231
38 0.546688
42 0.546941
44 0.550101
45 0.550931
48 0.551898
50 0.553779
52 0.554993
53 0.556892
57 0.557919
58 0.561353
63 0.563162
66 0.565349
71 0.5673
81 0.57075
83 0.57608
84 0.580374
89 0.581353
90 0.583222
94 0.584356
96 0.586483
97 0.586695
110 0.589745
119 0.591173
120 0.596137
130 0.59861
134 0.599139
143 0.600502
144 0.60308
153 0.605283
168 0.610266
170 0.611009
171 0.611093
173 0.611811
177 0.615236
182 0.618491
185 0.620068
186 0.621959
191 0.623784
195 0.627043
206 0.628321
207 0.629182
219 0.630781
232 0.632091
236 0.634532
240 0.63506
243 0.63678
249 0.638883
250 0.643666
258 0.645879
269 0.647788
278 0.649916
281 0.65033
284 0.651948
303 0.652137
306 0.655774
309 0.656595
313 0.658846
321 0.658889
342 0.66206
345 0.662555
346 0.662825
375 0.665144
386 0.669239
409 0.669242
413 0.670105
415 0.67286
419 0.673325
428 0.674564
438 0.675364
445 0.676121
464 0.676402
498 0.678785
552 0.679161
622 0.682065
638 0.684547
644 0.686025
668 0.687577
686 0.689122
696 0.693279
703 0.693745
730 0.693897
752 0.69418
756 0.694621
782 0.696979
793 0.697282
832 0.698544
847 0.699073
848 0.703061
927 0.703389
959 0.703552
971 0.7045
1002 0.706595
1065 0.707638
1312 0.708059
