0 0.520528
3 0.524047
5 0.525935
6 0.530365
8 0.532457
9 0.533953
12 0.537212
14 0.538551
16 0.539412
24 0.541623
26 0.541835
33 0.544429
36 0.547586
37 0.547903
38 0.549121
39 0.553216
44 0.554491
46 0.554525
52 0.556368
54 0.558122
56 0.55814
60 0.558363
69 0.56162
71 0.564051
72 0.564893
75 0.5662
78 0.56945
80 0.571361
81 0.572057
85 0.57206
90 0.572502
92 0.574218
106 0.574629
107 0.574703
121 0.575785
124 0.577187
125 0.577594
126 0.579134
128 0.57968
135 0.579846
137 0.580622
142 0.583041
146 0.585868
147 0.586847
156 0.587423
159 0.590308
163 0.592344
174 0.594015
179 0.597061
190 0.597369
194 0.599593
206 0.599984
210 0.601678
213 0.602778
221 0.603158
229 0.60317
237 0.603457
238 0.60431
243 0.606606
245 0.606961
249 0.609032
267 0.610632
270 0.610963
271 0.612099
274 0.613081
275 0.616651
277 0.619029
292 0.621876
302 0.626171
303 0.628699
306 0.63005
315 0.630296
323 0.632858
327 0.634367
338 0.634506
355 0.636838
365 0.638176
370 0.639584
381 0.643445
388 0.646072
392 0.649666
423 0.650753
429 0.650819
438 0.652283
445 0.657785
455 0.660488
457 0.661268
468 0.66215
495 0.662392
507 0.664392
522 0.666128
542 0.666552
550 0.668059
554 0.668158
556 0.669628
575 0.670251
596 0.671252
614 0.672121
619 0.672793
622 0.674256
631 0.67429
637 0.674511
669 0.679671
721 0.681119
761 0.681667
781 0.682735
798 0.683792
839 0.686585
846 0.690328
874 0.691008
882 0.691334
915 0.694674
959 0.695824
1009 0.696474
1049 0.69749
1050 0.699371
1073 0.700299
1137 0.700453
1155 0.702768
1159 0.703807
1246 0.705977
1435 0.706281
1561 0.708418
1583 0.70957
1769 0.71081
