0 0.493455
1 0.493728
8 0.493767
9 0.494251
11 0.49479
12 0.495476
14 0.49774
15 0.498478
16 0.500182
17 0.500263
18 0.500683
21 0.501991
23 0.502167
25 0.503442
27 0.503777
31 0.504825
33 0.505833
34 0.508309
39 0.51019
40 0.511206
42 0.515604
43 0.515731
46 0.51823
48 0.520439
49 0.523433
54 0.523763
57 0.524171
59 0.524174
61 0.525911
63 0.52647
65 0.527128
67 0.527409
73 0.52988
84 0.530602
88 0.531007
90 0.533241
92 0.536587
93 0.537136
97 0.538694
104 0.540014
107 0.542669
111 0.543707
114 0.545008
117 0.548094
118 0.549139
123 0.551297
125 0.552369
128 0.552467
131 0.552902
132 0.554794
141 0.555805
142 0.558423
147 0.561421
149 0.563792
150 0.564803
156 0.569031
159 0.57359
160 0.574823
161 0.577035
162 0.579612
163 0.585786
169 0.586794
173 0.588978
175 0.589375
176 0.592496
183 0.594929
187 0.595088
190 0.598064
195 0.599238
197 0.600384
199 0.602454
200 0.603984
203 0.605059
205 0.605622
209 0.606836
211 0.610377
212 0.611533
213 0.611727
216 0.612755
217 0.615687
239 0.616347
244 0.617624
246 0.61832
250 0.618522
253 0.620602
255 0.622733
263 0.624444
269 0.625186
271 0.625239
277 0.625956
285 0.626073
292 0.626145
298 0.626967
320 0.627889
329 0.632116
334 0.633613
346 0.637374
352 0.641668
353 0.644497
359 0.645527
365 0.645617
383 0.646698
384 0.651438
417 0.651859
418 0.652161
426 0.653069
436 0.654107
437 0.656734
461 0.658622
469 0.658758
473 0.660429
490 0.663625
504 0.663947
514 0.664287
515 0.665615
517 0.665684
520 0.666412
544 0.668732
552 0.669222
554 0.669225
581 0.67286
601 0.673899
614 0.674353
617 0.675332
631 0.676466
634 0.676835
667 0.677163
678 0.679774
748 0.681941
775 0.683056
796 0.683386
823 0.683537
827 0.683674
845 0.684362
852 0.684962
857 0.686265
865 0.68634
943 0.688473
947 0.68864
982 0.690915
1000 0.6928
1108 0.693214
1173 0.694007
1214 0.6975
1342 0.697671
1365 0.69777
1615 0.704807
1680 0.70482
