0 0.471271
1 0.471662
3 0.476221
6 0.482651
8 0.483217
9 0.483765
10 0.484882
11 0.486867
12 0.488827
14 0.492444
15 0.495608
16 0.49571
20 0.496152
21 0.498762
24 0.499586
25 0.503205
29 0.504137
30 0.505252
32 0.506794
38 0.512117
41 0.512172
45 0.512951
46 0.516613
48 0.52175
51 0.523742
54 0.523837
57 0.525798
58 0.5283
59 0.52855
61 0.530716
63 0.533124
64 0.539544
66 0.540182
67 0.545004
69 0.545408
71 0.545696
75 0.547502
78 0.557063
87 0.558542
92 0.560785
94 0.561002
96 0.561645
97 0.565079
99 0.566866
100 0.569471
104 0.573521
110 0.573936
114 0.574537
115 0.574964
116 0.575993
120 0.576095
123 0.58055
134 0.581552
135 0.582391
143 0.584176
144 0.584335
154 0.585638
163 0.586001
172 0.587099
173 0.587529
175 0.590741
184 0.593717
187 0.596688
192 0.597715
195 0.59821
197 0.599823
198 0.600335
206 0.601044
210 0.601774
211 0.601983
220 0.604776
223 0.604897
224 0.606558
233 0.609908
239 0.610809
241 0.614347
246 0.617325
255 0.617759
264 0.620263
278 0.622075
282 0.626165
286 0.628415
288 0.628551
289 0.629696
294 0.629959
301 0.63078
330 0.632046
337 0.633115
341 0.634345
348 0.638815
355 0.639498
380 0.640394
383 0.643603
404 0.643607
407 0.644154
412 0.64666
422 0.648382
426 0.648628
428 0.649764
447 0.650202
452 0.650271
456 0.652317
514 0.652511
537 0.653305
539 0.65396
558 0.65495
561 0.65628
566 0.657907
579 0.658946
584 0.658996
597 0.660716
598 0.663336
614 0.668402
633 0.670123
675 0.670984
693 0.675167
761 0.676241
764 0.676338
780 0.676552
842 0.677257
843 0.678832
856 0.680348
889 0.680751
903 0.682839
961 0.684188
973 0.685918
997 0.686899
1088 0.687651
1157 0.687792
1187 0.690377
1193 0.690428
1218 0.691668
1264 0.692133
1334 0.693599
1343 0.693763
1446 0.695127
1455 0.695758
1469 0.696199
1640 0.69867
