0 0.477521
1 0.480762
2 0.482177
4 0.483398
9 0.484863
10 0.488168
11 0.493067
17 0.493356
20 0.497014
30 0.497747
32 0.500018
37 0.500836
40 0.503183
44 0.506737
46 0.508146
47 0.511889
50 0.512861
51 0.514995
54 0.516606
55 0.517619
57 0.523057
60 0.52718
65 0.527347
66 0.529731
68 0.531718
69 0.535577
71 0.539068
72 0.541832
73 0.542349
77 0.544282
78 0.544612
79 0.546054
85 0.548792
86 0.553532
89 0.556833
97 0.56039
98 0.561094
100 0.562446
104 0.563051
112 0.564672
115 0.565335
117 0.568317
120 0.571268
122 0.573007
124 0.573275
129 0.57354
133 0.576272
134 0.580978
137 0.58327
141 0.584376
146 0.585512
152 0.589582
155 0.589936
156 0.590926
157 0.59526
164 0.595377
171 0.596329
179 0.599281
181 0.600339
183 0.600559
184 0.6014
187 0.602817
188 0.602911
189 0.603036
192 0.605163
195 0.608026
208 0.610183
214 0.610213
216 0.611412
218 0.612214
229 0.612578
233 0.613437
236 0.616464
239 0.616668
240 0.617059
244 0.619131
250 0.619427
252 0.621102
255 0.621837
259 0.62345
264 0.626932
268 0.627874
291 0.628767
293 0.628823
308 0.630611
312 0.634465
317 0.634878
322 0.642912
324 0.646674
333 0.648017
334 0.651471
342 0.652704
343 0.653234
349 0.653619
365 0.656
375 0.658832
384 0.661403
391 0.664662
405 0.665544
407 0.666592
423 0.667763
432 0.668626
433 0.669406
446 0.670142
450 0.671191
467 0.674617
473 0.675339
478 0.677883
490 0.678844
506 0.678847
527 0.682919
529 0.683224
535 0.686641
551 0.688483
552 0.688889
609 0.689123
617 0.689482
625 0.691687
658 0.693991
701 0.694319
714 0.694482
752 0.695858
781 0.697408
870 0.698547
883 0.69959
895 0.700637
933 0.702534
955 0.703356
977 0.706975
1039 0.709318
1218 0.71122
