0 0.476795
3 0.477101
5 0.478468
6 0.480549
7 0.481588
8 0.487398
10 0.490063
12 0.492137
13 0.492305
14 0.500401
16 0.502706
17 0.503729
22 0.504558
26 0.506626
27 0.509685
29 0.514357
30 0.519836
33 0.520488
35 0.523549
38 0.523921
39 0.524312
40 0.528056
43 0.528356
49 0.529556
50 0.529826
59 0.530628
61 0.532366
63 0.533792
64 0.534213
74 0.536419
76 0.536963
77 0.54058
79 0.542885
86 0.544499
89 0.54503
92 0.546943
94 0.550442
99 0.551007
101 0.551385
102 0.552812
103 0.553591
107 0.557602
113 0.562097
114 0.563106
116 0.566115
119 0.567254
120 0.56748
123 0.569015
126 0.572847
127 0.574855
129 0.578171
132 0.578945
133 0.581543
135 0.582265
138 0.582796
142 0.584712
146 0.58525
152 0.585287
155 0.58774
156 0.587864
158 0.588157
160 0.588959
161 0.594646
163 0.59653
178 0.597391
181 0.5985
183 0.600205
189 0.60169
190 0.601724
194 0.602018
195 0.603739
201 0.605147
223 0.605968
232 0.608872
233 0.61288
247 0.61331
249 0.613644
255 0.613889
271 0.616209
285 0.618746
287 0.620643
299 0.621491
300 0.621933
310 0.622324
313 0.623377
329 0.626288
335 0.626465
339 0.626696
341 0.627222
357 0.628544
359 0.628601
366 0.628874
374 0.630568
377 0.630987
384 0.631043
385 0.631364
388 0.632323
406 0.63387
410 0.636761
421 0.637398
422 0.638313
437 0.638381
444 0.641023
454 0.643189
459 0.643862
477 0.646065
480 0.647452
481 0.651036
482 0.651105
494 0.652326
508 0.652825
510 0.65329
514 0.654148
537 0.654217
548 0.65739
568 0.659869
589 0.661781
590 0.663397
603 0.665108
614 0.666659
623 0.670953
641 0.671404
653 0.674811
654 0.677422
657 0.677523
662 0.677851
669 0.680942
685 0.682156
723 0.683044
730 0.683073
737 0.684246
746 0.68561
796 0.685776
822 0.687247
891 0.687411
892 0.688215
917 0.68967
919 0.690158
970 0.690876
984 0.691898
1002 0.691952
1052 0.693688
1057 0.694966
1072 0.696082
1129 0.696775
1157 0.697004
1195 0.698284
1204 0.701945
1338 0.702937
1443 0.703887
1454 0.704935
1472 0.705715
1594 0.705827
