0 0.518392
4 0.522908
6 0.524004
14 0.525097
15 0.526494
17 0.527732
18 0.531366
19 0.535239
21 0.535742
26 0.543
27 0.544668
29 0.545718
31 0.547674
32 0.555103
33 0.556721
38 0.556986
40 0.558501
45 0.559868
46 0.562612
48 0.565323
51 0.565651
53 0.567775
54 0.570167
60 0.574088
61 0.577462
64 0.579884
65 0.580516
67 0.581877
68 0.58641
72 0.587913
75 0.590895
77 0.592596
79 0.593804
80 0.594776
86 0.597685
89 0.598356
95 0.601286
99 0.601523
102 0.605607
103 0.606488
104 0.608321
116 0.612468
119 0.613564
129 0.613756
137 0.617177
138 0.61898
146 0.621342
149 0.621436
151 0.622346
155 0.622843
164 0.62427
165 0.625966
168 0.626249
170 0.626553
173 0.627237
179 0.628942
181 0.630365
186 0.633336
187 0.633785
189 0.63504
191 0.636704
205 0.637397
213 0.638489
217 0.638734
221 0.640038
229 0.640736
246 0.641706
248 0.64216
249 0.647034
259 0.64794
266 0.650094
269 0.65072
271 0.653101
273 0.654419
290 0.654925
303 0.656165
305 0.658043
308 0.662276
313 0.665553
333 0.668163
336 0.669607
339 0.671178
346 0.671181
385 0.672758
392 0.674267
406 0.675817
415 0.679559
426 0.681519
441 0.683123
442 0.686499
483 0.687946
490 0.689097
580 0.691302
613 0.692879
619 0.693348
630 0.693871
636 0.694412
655 0.694507
681 0.69552
750 0.697582
760 0.697837
767 0.700676
810 0.7025
851 0.703673
890 0.704869
1002 0.707341
1164 0.709182
1268 0.709571
1279 0.709575
1378 0.709903
1631 0.71313
1830 0.71329
