0 0.484499
4 0.486716
5 0.486988
6 0.490099
7 0.492841
10 0.493713
12 0.495495
13 0.496806
14 0.497718
17 0.504046
19 0.505788
23 0.507018
24 0.507398
25 0.508948
27 0.512373
29 0.517395
32 0.519679
38 0.521591
41 0.52161
42 0.523104
43 0.526259
44 0.528753
45 0.530525
46 0.532131
47 0.538005
55 0.540905
56 0.545546
60 0.548221
63 0.549833
68 0.551454
73 0.551712
74 0.553265
79 0.555899
88 0.558519
90 0.559471
92 0.561557
94 0.561926
97 0.564591
98 0.565942
99 0.566809
104 0.567981
108 0.570266
113 0.570807
126 0.571996
129 0.573643
137 0.575252
141 0.576272
143 0.57661
147 0.577051
148 0.578371
151 0.58034
154 0.582834
156 0.584258
157 0.584405
161 0.586493
163 0.588288
166 0.590116
171 0.591843
176 0.593195
179 0.595397
185 0.595995
187 0.599563
190 0.600639
191 0.601047
192 0.60109
198 0.604209
201 0.604753
203 0.605139
209 0.605428
217 0.611245
227 0.613865
230 0.614525
234 0.615132
235 0.618748
238 0.619252
249 0.62146
250 0.623357
259 0.62496
265 0.626533
273 0.629114
276 0.632138
279 0.633405
282 0.635376
307 0.637761
311 0.641229
315 0.641773
323 0.642573
326 0.644675
339 0.648087
344 0.650915
348 0.656414
350 0.657612
352 0.659735
356 0.660264
359 0.660286
360 0.662744
383 0.663694
391 0.664344
393 0.665555
411 0.666359
422 0.66972
432 0.674283
434 0.676094
465 0.676434
466 0.678153
484 0.679228
506 0.680008
509 0.680061
554 0.685939
567 0.686861
576 0.688101
587 0.690163
601 0.690795
624 0.691411
626 0.693921
632 0.694912
637 0.696681
655 0.696978
667 0.69698
685 0.699558
705 0.70063
720 0.701698
733 0.702921
760 0.7051
799 0.705473
820 0.707001
843 0.707117
857 0.708847
894 0.709521
983 0.710493
996 0.710882
1106 0.711921
1275 0.712088
