0 0.521069
1 0.521363
2 0.524798
3 0.529922
4 0.530241
6 0.535784
10 0.53749
12 0.543855
13 0.545145
16 0.547179
17 0.549091
19 0.54912
20 0.553996
21 0.55414
22 0.555912
24 0.556754
31 0.559491
37 0.561008
44 0.561526
47 0.562934
49 0.563519
52 0.56541
53 0.566022
54 0.566563
55 0.566801
57 0.567772
59 0.570564
62 0.570645
71 0.571384
82 0.576144
84 0.578304
88 0.579211
90 0.579644
91 0.580188
94 0.581628
97 0.584611
109 0.585079
110 0.588915
117 0.592266
130 0.594469
133 0.598495
134 0.601043
141 0.603055
145 0.606546
151 0.611337
156 0.611775
157 0.615461
158 0.6162
161 0.617871
163 0.617913
169 0.619602
174 0.621303
175 0.621749
187 0.627988
189 0.628263
192 0.630058
197 0.631167
207 0.631438
208 0.633995
209 0.636356
222 0.638758
226 0.640021
228 0.640107
229 0.641698
231 0.643049
237 0.643658
242 0.643939
244 0.646446
250 0.647063
254 0.648426
255 0.649834
260 0.650965
273 0.651385
277 0.654195
281 0.655476
284 0.65841
298 0.660396
304 0.661962
306 0.665713
307 0.666049
313 0.666478
319 0.66748
322 0.66813
329 0.668873
348 0.67465
359 0.674701
378 0.677798
381 0.679513
397 0.681268
403 0.682366
412 0.684066
422 0.686623
423 0.686977
426 0.687821
436 0.689083
442 0.690709
465 0.691816
469 0.692637
478 0.693382
510 0.693517
518 0.695975
541 0.697293
554 0.698506
555 0.699604
589 0.701213
666 0.701602
673 0.702072
680 0.702619
707 0.70523
732 0.706684
749 0.707231
762 0.707652
805 0.709371
832 0.710513
833 0.714289
837 0.71601
883 0.716445
884 0.71699
949 0.717338
963 0.717993
1124 0.718434
1245 0.719101
