0 0.511402
3 0.512771
7 0.515287
16 0.516906
17 0.519346
19 0.519972
21 0.525122
22 0.525384
24 0.528495
25 0.528559
26 0.531079
27 0.535975
35 0.540469
38 0.542118
41 0.543867
42 0.544924
46 0.545162
50 0.547126
51 0.548955
53 0.550418
60 0.554053
62 0.55525
64 0.557051
67 0.55753
70 0.558583
71 0.560501
74 0.562332
75 0.566581
81 0.56909
82 0.572478
83 0.573745
90 0.574478
101 0.577114
108 0.577312
116 0.577515
126 0.584147
134 0.58415
135 0.584402
136 0.585929
141 0.589009
144 0.590487
159 0.594618
171 0.600477
177 0.602123
178 0.60306
180 0.606037
181 0.606743
183 0.606766
189 0.608511
191 0.611427
199 0.616078
201 0.616086
205 0.618527
210 0.622434
217 0.622445
218 0.623785
238 0.62868
240 0.6343
253 0.636191
261 0.636534
266 0.637748
270 0.640069
272 0.644081
273 0.645017
279 0.645348
283 0.648165
292 0.648586
295 0.649237
297 0.650554
300 0.650882
305 0.653472
323 0.654861
330 0.655653
336 0.658678
350 0.660299
352 0.661294
361 0.662866
375 0.66398
384 0.664047
395 0.666189
402 0.666876
413 0.668283
414 0.671541
424 0.67407
447 0.674431
448 0.674729
458 0.675224
469 0.675308
471 0.676933
477 0.677972
498 0.680216
522 0.681259
532 0.681689
555 0.683144
567 0.683577
607 0.684388
620 0.684779
621 0.685317
624 0.685455
655 0.685572
875 0.687387
877 0.687515
878 0.689911
879 0.689985
902 0.693324
918 0.693985
1080 0.695245
1187 0.696797
1197 0.698975
1306 0.700256
