1 3824.63
2 3810.91
3 3798.17
4 3784.1
5 3775.79
6 3763.6
7 3753.01
8 3744.86
9 3734.61
10 3726.25
11 3716.98
12 3707.94
13 3699.7
14 3689.96
15 3683.64
16 3674.28
17 3669.91
18 3663.74
19 3656.73
20 3650.82
21 3647.79
22 3644.1
23 3640.63
24 3636.54
25 3632.28
26 3628.23
27 3622.57
28 3620.06
29 3614.94
30 3611.36
31 3608.87
32 3605.43
33 3602.16
34 3597.39
35 3595.27
36 3590.46
37 3587.29
38 3582.4
39 3578.97
40 3575.7
41 3571.95
42 3569.87
43 3566.01
44 3560.06
45 3557.37
46 3554.45
47 3550.15
48 3547.84
49 3545.67
50 3542.79
51 3540.01
52 3538.63
53 3535.16
54 3533.3
55 3531.01
56 3528.34
57 3526.03
58 3522.88
59 3521.38
60 3518.58
61 3517.84
62 3516.62
63 3514.46
64 3513.26
65 3511.5
66 3509.24
67 3506.58
68 3505.49
69 3503.85
70 3501.25
71 3499.84
72 3499.16
73 3495.64
74 3494.05
75 3492.57
76 3491.02
77 3490.17
78 3488.47
79 3486.38
80 3485.09
81 3483.69
82 3480.99
83 3479.88
84 3479.1
85 3477.87
86 3475.55
87 3473.19
88 3471.69
89 3470.38
90 3469.38
91 3467.36
92 3466.26
93 3465.34
94 3463.37
95 3461.43
96 3460.53
97 3458.95
98 3457.84
99 3456.54
100 3455.16
101 3454.07
102 3453.48
103 3450.81
104 3450.11
105 3447.38
106 3445.76
107 3444.86
108 3443.48
109 3442.15
110 3441.03
111 3439.22
112 3437.39
113 3436.12
114 3435.56
115 3434.75
116 3432.76
117 3431.83
118 3430.09
119 3428.18
120 3426.73
121 3425.23
122 3423.79
123 3423.3
124 3421.49
125 3420.17
126 3419.7
127 3418.45
128 3416.86
129 3415.48
130 3414.13
131 3412.82
132 3411.74
133 3410.79
134 3409.79
135 3408.09
136 3407.25
137 3406.83
138 3405.92
139 3405.36
140 3404.93
141 3404.15
142 3403.82
143 3402.66
144 3402.45
145 3401.51
146 3400.76
147 3399.14
148 3397.31
149 3396.22
150 3395.16
151 3394.32
152 3394.03
153 3393.84
154 3393.38
155 3392.96
156 3392.42
157 3391.77
158 3391.68
159 3390.72
160 3389.88
161 3389.22
162 3388.69
163 3387.73
164 3387.5
165 3386.34
166 3385.67
167 3384.81
168 3383.69
169 3382.73
170 3381.07
171 3380.32
172 3379.64
173 3379.15
174 3378.44
175 3377.59
176 3376.79
177 3376.4
178 3376.33
179 3374.78
180 3374.57
181 3374.25
182 3373.52
183 3372.84
184 3372.11
185 3371.69
186 3371.42
187 3369.93
188 3368.96
189 3368.71
190 3367.67
191 3367.5
192 3367.12
193 3366.14
194 3366.01
195 3365.57
196 3364.69
197 3364.17
198 3364
199 3363.46
200 3361.78
201 3361.45
202 3361.26
203 3360.81
204 3360.47
205 3360.04
206 3359.58
207 3357.95
208 3357.23
209 3356.39
210 3356.1
211 3355.78
212 3355.44
213 3355.31
214 3354.97
215 3354.91
216 3354.6
217 3354.38
218 3354.17
219 3353.47
220 3353.12
221 3352.66
222 3351.94
223 3351.52
224 3350.6
225 3349.96
226 3349.23
227 3348.8
228 3348.76
229 3348.05
230 3348.03
231 3347.35
232 3346.93
234 3345.99
235 3345.73
236 3344.84
237 3344.74
238 3344.34
239 3343.91
240 3343.43
241 3342.97
242 3342.53
243 3342.39
244 3341.73
245 3341.65
246 3341.17
247 3341.05
248 3340.83
249 3340.46
250 3339.79
251 3339.56
252 3339.15
253 3338.7
254 3337.73
255 3337.23
256 3336.58
257 3336.46
258 3336.41
259 3335.67
260 3335.34
261 3334.95
262 3334.3
263 3333.85
264 3333.77
265 3333.76
266 3333.59
267 3333.04
268 3332.39
269 3332.06
270 3331.68
271 3331.13
272 3330.98
273 3330.44
274 3330.07
275 3329.83
276 3329.35
277 3328.65
278 3328.57
279 3328.42
280 3328.07
281 3327.85
282 3327.58
283 3327.46
284 3327.21
285 3326.15
286 3325.68
287 3325.44
288 3324.73
289 3324.63
290 3324.14
291 3323.54
292 3322.64
293 3322.62
294 3321.97
295 3321.3
296 3321.09
297 3320.8
298 3320.42
299 3320.33
300 3319.89
301 3319.87
302 3319.34
303 3318.92
304 3318.82
305 3318.46
306 3318.16
307 3317.87
308 3317.7
309 3317.09
310 3316.77
311 3316.62
312 3316.28
313 3315.2
314 3315.12
315 3314.91
316 3314.7
317 3314.54
318 3313.85
319 3313.71
320 3313.28
321 3313.04
322 3313
323 3312.69
324 3312.62
325 3312.18
326 3311.97
327 3311.58
328 3311.55
329 3311.54
330 3311.44
331 3311.37
332 3311.05
333 3310.9
334 3310.74
335 3310.57
336 3310.33
337 3309.7
338 3309.56
339 3309.04
340 3308.94
341 3308.61
343 3308.44
344 3308.25
345 3308.08
346 3307.89
347 3307.58
348 3307.46
350 3307.26
351 3306.18
352 3305.66
353 3305.52
354 3305.12
355 3304.96
356 3304.75
357 3304.66
358 3304.5
359 3303.94
360 3303.47
361 3303.43
362 3302.82
363 3302.57
364 3302.54
365 3302.47
366 3302.13
367 3301.97
368 3301.89
369 3301.8
370 3300.83
371 3300.81
372 3300.45
373 3300.32
374 3300.14
375 3300.02
376 3299.75
379 3299.69
382 3299.67
383 3299.4
384 3299.33
386 3299.03
387 3298.93
388 3298.89
389 3298.78
390 3298.07
391 3298.02
392 3297.66
393 3297.42
394 3297.17
395 3296.92
396 3296.78
397 3296.16
398 3296.04
399 3295.88
401 3295.66
402 3295.37
403 3295.24
404 3295.02
405 3294.6
407 3294.4
408 3294.32
409 3294.29
410 3294.09
411 3293.67
412 3293.41
413 3293.27
414 3293.14
415 3292.94
416 3292.89
417 3292.73
418 3292.67
419 3292.53
420 3292.33
421 3292.26
422 3292.18
423 3292.01
424 3291.82
425 3291.5
426 3291.46
427 3291.13
428 3290.79
429 3290.49
430 3290.43
431 3290.41
432 3290.11
433 3290.09
434 3289.83
435 3289.54
436 3289.49
437 3289.32
438 3289.19
439 3289.13
440 3289.06
441 3288.85
442 3288.84
445 3288.56
446 3288.53
447 3288.4
448 3288.26
449 3288.14
450 3288
451 3287.93
452 3287.81
453 3287.66
454 3287.49
455 3287.09
456 3286.63
457 3286.61
458 3286.18
459 3286.05
460 3285.08
462 3284.71
463 3284.47
464 3284.34
465 3284.02
466 3283.82
467 3283.78
468 3283.71
469 3283.53
470 3283.31
471 3283.19
472 3282.75
474 3282.66
475 3282.63
476 3282.54
477 3282.17
478 3282
479 3281.85
480 3281.8
481 3281.37
482 3281.19
483 3281.1
484 3280.97
485 3280.86
486 3280.7
487 3280.63
488 3280.45
489 3280.38
490 3280.25
491 3279.97
492 3279.75
493 3279.5
494 3278.98
495 3278.81
496 3278.67
497 3278.39
498 3278.22
499 3278.18
500 3278.17
502 3277.97
503 3277.91
504 3277.89
505 3277.71
506 3277.64
507 3277.44
508 3277.25
510 3277.13
511 3276.85
512 3276.74
513 3276.64
514 3276.48
515 3276.24
516 3276.22
517 3276.01
518 3275.9
519 3275.88
520 3275.72
521 3275.55
522 3275.29
523 3275.16
524 3274.88
525 3274.77
526 3274.69
527 3274.66
529 3274.57
530 3274.55
531 3274.54
533 3274.05
534 3274.01
535 3273.81
536 3273.52
537 3273.5
538 3273.4
539 3273.32
541 3273.09
542 3272.79
543 3272.39
544 3272.18
545 3272.03
546 3271.68
548 3271.63
549 3271.5
550 3271.38
551 3270.94
552 3270.91
553 3270.84
554 3270.77
555 3270.43
556 3270.33
558 3270.08
559 3270.07
560 3269.91
561 3269.9
562 3269.67
563 3269.63
565 3269.5
566 3269.11
567 3268.85
568 3268.46
569 3268.38
570 3268.32
571 3268.23
572 3268.07
573 3268.06
574 3267.98
575 3267.69
576 3267.67
577 3267.56
578 3267.25
579 3267.08
581 3266.98
582 3266.93
583 3266.68
584 3266.54
585 3266.48
586 3266.19
587 3266.07
588 3265.98
589 3265.91
590 3265.67
591 3265.52
593 3265.45
594 3265.15
595 3265.04
596 3265.03
598 3264.72
599 3264.49
601 3264.46
602 3264.37
604 3264.29
605 3264.1
606 3264.09
607 3264.01
608 3263.46
609 3262.91
610 3262.41
611 3262.36
612 3262.2
613 3262.1
614 3261.85
615 3261.52
616 3261.49
617 3261.22
618 3260.92
619 3260.79
620 3260.57
621 3260.54
622 3260.4
623 3260.36
624 3259.98
625 3259.96
626 3259.79
627 3259.65
628 3259.38
629 3259.15
630 3259.02
631 3258.95
632 3258.61
633 3258.23
635 3258.07
636 3258.04
637 3257.4
638 3257.33
639 3257.24
640 3256.72
641 3256.56
642 3256.45
643 3256.4
644 3256.36
645 3256.17
646 3255.75
647 3255.71
648 3255.36
649 3255.25
650 3255.14
652 3255
653 3254.96
654 3254.9
655 3254.75
657 3254.55
659 3254.5
660 3254.43
661 3254.37
662 3254.2
663 3253.98
664 3253.89
665 3253.79
666 3253.63
667 3253.61
668 3253.49
669 3253.48
670 3253.41
671 3253.28
674 3253.07
675 3252.81
679 3252.63
681 3252.41
682 3252.38
683 3251.97
684 3251.9
685 3251.74
687 3251.73
688 3251.62
689 3251.48
690 3251.23
692 3250.97
693 3250.94
695 3250.67
696 3250.36
697 3250.3
698 3250.21
700 3250.16
702 3250.1
703 3250.05
708 3249.92
711 3249.67
712 3249.66
713 3249.55
715 3249.45
716 3249.28
717 3249.24
718 3249.09
719 3249
720 3248.95
721 3248.74
723 3248.6
724 3248.56
725 3248.48
726 3248.42
728 3248.3
729 3248.27
730 3248.17
731 3248.08
733 3248.05
735 3247.86
736 3247.75
737 3247.67
740 3247.19
741 3247.07
742 3246.86
743 3246.73
744 3246.35
745 3246.27
746 3246.03
747 3245.88
749 3245.81
751 3245.76
752 3245.66
753 3245.55
754 3245.19
755 3245.1
756 3244.81
759 3244.8
761 3244.71
764 3244.67
765 3244.63
766 3244.56
767 3244.47
768 3244.15
770 3244.12
771 3244.1
772 3244.01
773 3243.92
774 3243.75
775 3243.63
776 3243.36
777 3243.29
781 3243.2
782 3243.14
784 3242.86
785 3242.84
786 3242.73
787 3242.59
788 3242.52
789 3242.37
790 3242.34
792 3242.15
793 3241.9
794 3241.71
795 3241.69
797 3241.47
798 3241.37
799 3241.23
800 3241.16
802 3241.14
803 3240.83
804 3240.67
805 3240.61
806 3240.38
809 3239.97
810 3239.7
811 3239.59
813 3239.56
814 3239.37
815 3239.31
817 3239.2
819 3239.17
820 3239.12
821 3239.03
822 3239.02
824 3238.9
826 3238.6
828 3238.34
829 3238.3
831 3238.25
832 3237.92
833 3237.83
834 3237.74
835 3237.65
838 3237.61
839 3237.38
840 3237.28
841 3237.13
843 3237.02
844 3237
845 3236.95
846 3236.85
848 3236.83
849 3236.69
850 3236.24
852 3236.14
853 3236.02
854 3235.9
855 3235.78
857 3235.68
860 3235.42
861 3235.36
864 3235.27
869 3235.2
871 3235.14
872 3234.94
873 3234.88
874 3234.56
876 3234.38
877 3234.35
878 3234.29
879 3234.26
880 3234.11
881 3234.04
882 3234
883 3233.93
884 3233.84
885 3233.73
888 3233.72
890 3233.65
891 3233.55
892 3233.49
893 3233.39
894 3233.25
895 3233.05
896 3233.03
898 3232.94
899 3232.87
900 3232.63
901 3232.47
903 3232.34
905 3232.27
906 3231.89
907 3231.78
908 3231.68
909 3231.61
910 3231.58
911 3231.49
912 3231
913 3230.98
914 3230.82
915 3230.81
917 3230.65
918 3230.51
919 3230.46
920 3230.44
921 3230.34
922 3230.15
923 3229.85
926 3229.77
927 3229.5
928 3229.4
929 3229.36
930 3229.21
931 3229.16
933 3229
934 3228.96
935 3228.94
937 3228.89
938 3228.86
939 3228.85
941 3228.81
942 3228.78
943 3228.77
944 3228.7
945 3228.68
946 3228.66
947 3228.5
948 3228.4
949 3228.28
952 3228.08
955 3228.04
956 3227.93
957 3227.7
960 3227.65
961 3227.53
963 3227.39
964 3227.33
966 3227.24
967 3227.11
968 3227.01
969 3226.79
970 3226.66
972 3226.59
973 3226.48
974 3226.39
976 3226.33
980 3226.23
981 3226.17
983 3226.16
984 3226.01
985 3225.99
987 3225.85
989 3225.83
990 3225.53
991 3225.44
992 3225.39
993 3225.38
994 3225.35
996 3225.29
997 3225.21
998 3225.14
999 3225.11
1000 3225.07
1002 3225.04
1003 3224.84
1004 3224.83
1006 3224.79
1007 3224.68
1008 3224.47
1009 3224.4
1010 3224.36
1012 3224.26
1013 3224.23
1014 3224.04
1015 3224.02
1018 3223.98
1019 3223.94
1020 3223.88
1021 3223.82
1022 3223.76
1024 3223.62
1025 3223.43
1026 3223.18
1027 3222.97
1028 3222.58
1029 3222.57
1030 3222.45
1031 3222.35
1032 3222.32
1034 3222.28
1035 3222.1
1036 3222.04
1038 3221.9
1040 3221.82
1042 3221.78
1043 3221.7
1045 3221.67
1048 3221.57
1049 3221.54
1052 3221.53
1053 3221.45
1056 3221.44
1058 3221.25
1060 3221.19
1062 3221.16
1063 3221.07
1065 3220.97
1066 3220.92
1068 3220.89
1069 3220.84
1070 3220.77
1071 3220.75
1073 3220.71
1074 3220.68
1079 3220.63
1080 3220.62
1081 3220.53
1082 3220.52
1084 3220.25
1085 3220.11
1086 3220.03
1087 3219.95
1088 3219.82
1089 3219.57
1090 3219.54
1091 3219.28
1092 3219.21
1093 3219.15
1096 3219.09
1098 3218.98
1099 3218.92
1102 3218.78
1104 3218.52
1105 3218.4
1107 3218.29
1108 3218.12
1111 3218.1
1112 3218
1116 3217.96
1117 3217.9
1121 3217.8
1123 3217.78
1124 3217.59
1129 3217.58
1130 3217.53
1131 3217.48
1132 3217.47
1134 3217.39
1135 3217.36
1138 3217.35
1139 3217.34
1143 3217.2
1144 3217.11
1145 3217.04
1149 3216.97
1151 3216.84
1153 3216.83
1154 3216.76
1157 3216.67
1158 3216.63
1160 3216.57
1162 3216.5
1163 3216.47
1165 3216.46
1166 3216.41
1168 3216.23
1169 3216.2
1170 3216.05
1174 3216.03
1176 3216.01
1178 3215.92
1179 3215.85
1180 3215.81
1183 3215.78
1186 3215.76
1189 3215.74
1190 3215.7
1191 3215.68
1192 3215.63
1196 3215.6
1197 3215.55
1198 3215.43
1202 3215.25
1203 3215.21
1205 3215.2
1208 3215.19
1211 3215.14
1212 3215.04
1213 3215.02
1214 3215.01
1216 3214.97
1218 3214.88
1219 3214.79
1221 3214.74
1223 3214.63
1224 3214.27
1225 3214.26
1226 3214.22
1227 3213.96
1229 3213.95
1230 3213.86
1231 3213.7
1235 3213.61
1236 3213.59
1238 3213.54
1239 3213.47
1241 3213.36
1242 3213.27
1243 3213.21
1245 3213.19
1246 3213.1
1247 3213.02
1248 3212.97
1249 3212.9
1250 3212.81
1251 3212.74
1253 3212.61
1254 3212.52
1255 3212.47
1256 3212.4
1257 3212.29
1260 3212.28
1261 3212.2
1263 3212.14
1264 3212.08
1265 3212.03
1268 3211.93
1269 3211.58
1270 3211.52
1271 3211.46
1272 3211.28
1274 3211.12
1275 3211.08
1277 3211.05
1279 3210.97
1280 3210.93
1282 3210.83
1283 3210.81
1285 3210.78
1287 3210.55
1288 3210.54
1289 3210.53
1294 3210.41
1302 3210.32
1303 3210.28
1306 3210.22
1308 3210.19
1309 3210.17
1310 3210.12
1311 3209.98
1313 3209.94
1315 3209.86
1318 3209.74
1319 3209.59
1320 3209.5
1321 3209.45
1322 3209.4
1323 3209.39
1324 3209.23
1325 3209.19
1326 3209.17
1327 3209.16
1328 3209.06
1329 3209.05
1335 3209
1343 3208.95
1344 3208.69
1345 3208.55
1346 3208.42
1347 3208.35
1348 3208.34
1349 3208.29
1350 3208.28
1353 3208.26
1355 3208.25
1356 3208.24
1357 3208.23
1358 3208.19
1360 3208.13
1362 3208.11
1363 3208.09
1366 3208.08
1367 3207.94
1368 3207.91
1370 3207.9
1372 3207.82
1373 3207.71
1374 3207.7
1376 3207.66
1378 3207.65
1380 3207.57
1381 3207.51
1383 3207.49
1384 3207.36
1390 3207.27
1398 3207.22
1404 3207.18
1406 3207.16
1407 3207.02
1408 3206.86
1409 3206.69
1410 3206.66
1412 3206.61
1413 3206.58
1414 3206.55
1415 3206.35
1416 3206.26
1417 3206.22
1420 3206.18
1421 3206.16
1422 3206.15
1423 3206.1
1426 3206.09
1428 3206.05
1432 3206.03
1437 3205.84
1438 3205.55
1440 3205.53
1442 3205.39
1443 3205.36
1447 3205.29
1448 3205.25
1449 3205.22
1450 3205.1
1456 3205.09
1457 3205.08
1459 3205.04
1465 3204.9
1466 3204.84
1467 3204.74
1468 3204.69
1469 3204.59
1470 3204.48
1474 3204.41
1476 3204.38
1477 3204.35
1482 3204.34
1485 3204.31
1486 3204.29
1487 3204.23
1489 3204.21
1494 3204.11
1496 3204.06
1498 3204
1501 3203.98
1502 3203.9
1503 3203.65
1506 3203.63
1508 3203.52
1509 3203.44
1512 3203.42
1513 3203.37
1515 3203.36
1516 3203.26
1519 3203.23
1520 3203.19
1521 3203
1524 3202.73
1525 3202.71
1527 3202.69
1528 3202.66
1534 3202.57
1535 3202.54
1536 3202.51
1537 3202.38
1541 3202.33
1543 3202.19
1545 3201.95
1547 3201.94
1550 3201.93
1553 3201.9
1559 3201.77
1561 3201.76
1562 3201.75
1563 3201.65
1564 3201.64
1565 3201.56
1567 3201.52
1568 3201.51
1570 3201.48
1571 3201.39
1572 3201.28
1574 3201.21
1575 3201.16
1576 3201.11
1577 3201.05
1579 3200.98
1580 3200.91
1583 3200.87
1584 3200.78
1586 3200.77
1587 3200.68
1588 3200.61
1589 3200.6
1590 3200.59
1593 3200.58
1597 3200.38
1600 3200.32
1605 3200.25
1606 3200.2
1612 3200.17
1614 3200.14
1617 3200
1619 3199.7
1620 3199.69
1621 3199.59
1622 3199.55
1624 3199.53
1628 3199.48
1633 3199.18
1634 3199.17
1637 3199.11
1638 3199.03
1640 3198.94
1642 3198.92
1646 3198.89
1649 3198.88
1651 3198.7
1652 3198.68
1653 3198.46
1655 3198.44
1659 3198.39
1660 3198.35
1662 3198.32
1665 3198.29
1666 3198.17
1670 3198.16
1672 3198.14
1673 3198.1
1674 3198.06
1675 3198.02
1682 3198.01
1684 3197.87
1687 3197.86
1691 3197.83
1702 3197.79
1704 3197.67
1706 3197.55
1707 3197.42
1708 3197.21
1709 3197.15
1710 3197.1
1712 3197.09
1714 3197.02
1715 3197.01
1716 3196.68
1721 3196.65
1722 3196.61
1723 3196.49
1724 3196.29
1725 3196.16
1728 3196.12
1729 3196.08
1732 3196.07
1740 3195.98
1742 3195.91
1743 3195.84
1744 3195.8
1747 3195.76
1748 3195.66
1750 3195.6
1752 3195.57
1754 3195.45
1755 3195.43
1757 3195.42
1758 3195.39
1759 3195.37
1760 3195.31
1763 3195.23
1764 3195.2
1765 3195.18
1767 3194.98
1770 3194.97
1771 3194.95
1772 3194.9
1774 3194.82
1775 3194.76
1782 3194.71
1786 3194.68
1787 3194.57
1789 3194.55
1790 3194.48
1793 3194.47
1795 3194.46
1798 3194.43
1799 3194.38
1800 3194.32
1801 3194.24
1803 3193.92
1805 3193.91
1807 3193.75
1809 3193.72
1813 3193.66
1814 3193.65
1815 3193.61
1818 3193.54
1822 3193.45
1826 3193.37
1828 3193.31
1829 3193.13
1830 3193
1831 3192.92
1832 3192.83
1833 3192.73
1835 3192.63
1836 3192.6
1840 3192.57
1845 3192.52
1846 3192.51
1847 3192.45
1849 3192.42
1851 3192.39
1856 3192.21
1857 3192.09
1858 3192
1859 3191.92
1864 3191.91
1865 3191.75
1868 3191.51
1871 3191.45
1872 3191.42
1880 3191.33
1883 3191.3
1888 3191.26
1889 3191.24
1890 3191.17
1891 3191.16
1898 3191.08
1901 3191.07
1903 3191.06
1905 3190.79
1910 3190.68
1911 3190.61
1918 3190.59
1921 3190.33
1922 3190.29
1925 3190.27
1928 3190.23
1932 3190.17
1935 3190.05
1940 3189.93
1941 3189.89
1943 3189.86
1944 3189.76
1947 3189.71
1953 3189.66
1956 3189.62
1959 3189.61
1960 3189.54
1961 3189.44
1967 3189.4
1970 3189.38
1973 3189.34
1975 3189.3
1979 3189.27
1983 3189.1
1985 3189.06
1986 3189.04
1988 3189.01
1989 3188.94
1991 3188.92
1992 3188.9
1993 3188.88
1996 3188.87
1997 3188.84
1999 3188.74
2002 3188.73
2004 3188.71
2005 3188.7
2006 3188.68
2008 3188.66
2010 3188.61
2011 3188.45
2012 3188.41
2019 3188.36
2022 3188.34
2024 3188.32
2025 3188.25
2030 3188.24
2037 3188.16
2040 3188.14
2041 3188.06
2043 3188.01
2044 3187.9
2051 3187.88
2052 3187.85
2053 3187.76
2054 3187.73
2055 3187.72
2056 3187.65
2057 3187.57
2058 3187.53
2059 3187.5
2063 3187.45
2065 3187.43
2067 3187.42
2068 3187.4
2069 3187.38
2070 3187.25
2072 3187.21
2074 3187.16
2077 3187.14
2081 3186.99
2085 3186.97
2088 3186.94
2094 3186.84
2095 3186.79
2096 3186.72
2097 3186.7
2098 3186.68
2101 3186.56
2103 3186.46
2106 3186.43
2110 3186.23
2111 3186.19
2113 3186.17
2114 3186.11
2118 3186.1
2125 3185.98
2127 3185.95
2130 3185.92
2131 3185.88
2142 3185.83
2143 3185.73
2146 3185.72
2147 3185.71
2150 3185.68
2153 3185.61
2154 3185.6
2155 3185.58
2156 3185.56
2160 3185.44
2164 3185.39
2165 3185.33
2166 3185.28
2167 3185.23
2168 3185.22
2178 3185.2
2179 3185.13
2181 3184.97
2182 3184.93
2183 3184.85
2186 3184.84
2187 3184.83
2195 3184.66
2196 3184.65
2197 3184.56
2198 3184.55
2200 3184.51
2202 3184.48
2209 3184.43
2211 3184.41
2212 3184.4
2215 3184.36
2218 3184.32
2220 3184.26
2221 3184.14
2224 3184.1
2225 3183.93
2228 3183.77
2232 3183.65
2233 3183.6
2234 3183.54
2240 3183.53
2243 3183.51
2246 3183.39
2251 3183.38
2252 3183.35
2258 3183.31
2259 3183.28
2261 3183.26
2263 3183.19
2265 3183.17
2272 3183.14
2273 3183.11
2276 3183.1
2280 3183.05
2281 3182.96
2291 3182.92
2292 3182.73
2295 3182.69
2297 3182.65
2301 3182.63
2303 3182.62
2306 3182.53
2308 3182.44
2311 3182.32
2313 3182.29
2319 3182.25
2320 3182.24
2325 3182.09
2327 3182.04
2328 3182.02
2337 3181.82
2338 3181.8
2346 3181.76
2354 3181.65
2355 3181.61
2361 3181.57
2364 3181.53
2366 3181.5
2370 3181.42
2373 3181.35
2379 3181.26
2383 3181.12
2386 3181.08
2390 3181.05
2400 3181.03
2406 3180.98
2412 3180.89
2418 3180.85
2424 3180.79
2431 3180.76
2436 3180.75
2441 3180.74
2447 3180.69
2450 3180.68
2453 3180.64
2454 3180.59
2456 3180.36
2457 3180.3
2462 3180.26
2463 3180.23
2465 3180.2
2481 3180.1
2490 3180.06
2492 3180.05
2495 3179.93
2498 3179.89
2500 3179.87
2512 3179.82
2514 3179.77
2516 3179.76
2518 3179.71
2519 3179.67
2520 3179.64
2524 3179.6
2529 3179.56
2532 3179.37
2533 3179.33
2536 3179.31
2537 3179.29
2538 3179.25
2539 3179.22
2541 3179.21
2543 3179.18
2544 3179.12
2546 3179.09
2549 3178.93
2553 3178.86
2554 3178.84
2556 3178.83
2557 3178.81
2561 3178.76
2564 3178.75
2567 3178.74
2573 3178.72
2574 3178.66
2575 3178.65
2576 3178.64
2580 3178.62
2586 3178.58
2590 3178.55
2595 3178.51
2599 3178.47
2600 3178.44
2601 3178.4
2603 3178.36
2605 3178.31
2606 3178.3
2609 3178.26
2610 3178.24
2613 3178.22
2616 3178.2
2617 3178.11
2618 3178.1
2620 3178.04
2639 3178.01
2640 3177.98
2641 3177.9
2643 3177.84
2646 3177.75
2647 3177.72
2653 3177.7
2654 3177.69
2658 3177.64
2659 3177.59
2667 3177.56
2668 3177.55
2672 3177.5
2678 3177.46
2685 3177.4
2693 3177.34
2695 3177.33
2702 3177.32
2704 3177.22
2708 3177.2
2710 3177.16
2713 3177.06
2717 3177.01
2722 3176.93
2724 3176.87
2726 3176.82
2729 3176.77
2737 3176.73
2744 3176.69
2748 3176.65
2753 3176.64
2756 3176.63
2757 3176.56
2766 3176.54
2771 3176.51
2772 3176.31
2784 3176.29
2787 3176.26
2788 3176.22
2793 3176.2
2795 3176.19
2799 3176.18
2801 3176.16
2802 3176.13
2804 3176.08
2806 3176.03
2808 3175.98
2814 3175.96
2815 3175.87
2818 3175.71
2819 3175.66
2820 3175.64
2821 3175.58
2824 3175.57
2831 3175.41
2843 3175.4
2850 3175.33
2854 3175.3
2855 3175.25
2857 3175.13
2858 3175.11
2859 3175.09
2861 3174.98
2862 3174.94
2866 3174.91
2872 3174.83
2876 3174.8
2879 3174.78
2885 3174.76
2888 3174.69
2892 3174.4
2893 3174.39
2896 3174.37
2901 3174.35
2903 3174.29
2905 3174.28
2913 3174.2
2929 3174.17
2934 3173.95
2935 3173.91
2936 3173.86
2937 3173.83
2939 3173.81
2942 3173.76
2955 3173.55
2957 3173.48
2961 3173.4
2962 3173.36
2964 3173.35
2978 3173.34
2979 3173.31
2981 3173.29
2982 3173.26
2983 3173.24
2984 3173.22
2993 3173.15
2999 3173.11
3003 3173.08
3008 3173.04
3009 3172.93
3010 3172.92
3011 3172.91
3012 3172.86
3023 3172.66
3025 3172.63
3026 3172.56
3031 3172.47
3039 3172.4
3041 3172.21
3046 3172.05
3050 3172.03
3051 3171.98
3055 3171.95
3066 3171.85
3083 3171.75
3086 3171.73
3089 3171.72
3094 3171.67
3103 3171.63
3109 3171.61
3111 3171.54
3114 3171.11
3116 3171.05
3120 3171.03
3126 3171
3128 3170.98
3129 3170.88
3138 3170.87
3140 3170.82
3145 3170.67
3149 3170.65
3151 3170.63
3160 3170.45
3174 3170.32
3192 3170.31
3200 3170.13
3204 3170.08
3205 3170.06
3210 3169.96
3219 3169.92
3220 3169.85
3224 3169.73
3228 3169.7
3231 3169.67
3232 3169.63
3239 3169.57
3253 3169.56
3258 3169.54
3264 3169.52
3265 3169.51
3277 3169.5
3278 3169.48
3279 3169.47
3286 3169.46
3293 3169.45
3294 3169.44
3297 3169.41
3311 3169.34
3315 3169.3
3317 3169.26
3319 3169.23
3327 3169.1
3329 3169.04
3330 3168.99
3331 3168.98
3332 3168.97
3333 3168.88
3335 3168.87
3338 3168.84
3339 3168.82
3340 3168.78
3341 3168.75
3349 3168.71
3365 3168.51
3367 3168.5
3372 3168.49
3373 3168.47
3374 3168.38
3379 3168.29
3383 3168.23
3388 3168.2
3393 3168.15
3403 3168.14
3406 3167.99
3408 3167.98
3418 3167.97
3419 3167.93
3422 3167.91
3423 3167.8
3429 3167.78
3433 3167.77
3436 3167.55
3451 3167.37
3452 3167.36
3458 3167.33
3461 3167.27
3463 3167.26
3465 3167.2
3467 3167.18
3468 3166.98
3472 3166.97
3475 3166.95
3476 3166.93
3484 3166.79
3488 3166.73
3494 3166.72
3495 3166.68
3501 3166.66
3511 3166.62
3520 3166.61
3527 3166.58
3529 3166.55
3536 3166.53
3564 3166.44
3574 3166.42
3584 3166.36
3586 3166.35
3587 3166.31
3588 3166.28
3591 3166.25
3598 3166.19
3610 3166.18
3616 3166.12
3624 3166.08
3627 3166.04
3630 3166.02
3631 3165.98
3636 3165.97
3637 3165.88
3639 3165.81
3642 3165.64
3643 3165.61
3646 3165.58
3661 3165.57
3663 3165.48
3664 3165.47
3665 3165.46
3678 3165.44
3685 3165.41
3687 3165.31
3688 3165.28
3700 3165.25
3701 3165.22
3703 3165.2
3706 3165.19
3720 3165.15
3722 3164.88
3723 3164.78
3727 3164.75
3732 3164.69
3733 3164.66
3740 3164.6
3743 3164.55
3753 3164.54
3756 3164.51
3758 3164.47
3762 3164.45
3774 3164.42
3783 3164.28
3790 3164.26
3791 3164.25
3795 3164
3802 3163.99
3811 3163.94
3813 3163.9
3823 3163.89
3828 3163.81
3831 3163.76
3837 3163.59
3848 3163.56
3850 3163.55
3851 3163.44
3859 3163.42
3862 3163.36
3875 3163.21
3896 3163.08
3909 3163.07
3914 3162.99
3920 3162.98
3923 3162.97
3929 3162.95
3931 3162.94
3935 3162.93
3936 3162.92
3941 3162.8
3945 3162.79
3948 3162.75
3950 3162.68
3960 3162.63
3970 3162.6
3975 3162.5
3984 3162.43
3994 3162.42
4000 3162.38
4007 3162.36
4020 3162.34
4024 3162.28
4028 3162.2
4031 3162.09
4034 3162.05
4039 3161.98
4045 3161.86
4047 3161.8
4059 3161.79
4061 3161.78
4062 3161.77
4071 3161.75
4074 3161.74
4087 3161.71
4091 3161.69
4102 3161.66
4108 3161.62
4110 3161.61
4118 3161.51
4119 3161.49
4125 3161.48
4128 3161.47
4130 3161.32
4132 3161.27
4134 3161.26
4138 3161.11
4140 3161.1
4143 3161.06
4146 3160.9
4153 3160.89
4156 3160.8
4158 3160.73
4160 3160.72
4168 3160.71
4171 3160.65
4182 3160.55
4183 3160.52
4185 3160.44
4198 3160.42
4205 3160.35
4209 3160.34
4210 3160.33
4211 3160.3
4218 3160.29
4221 3160.27
4225 3160.21
4233 3160.19
4239 3160.18
4243 3160.11
4250 3160.07
4253 3160.01
4262 3159.96
4264 3159.93
4269 3159.9
4272 3159.85
4286 3159.83
4288 3159.79
4295 3159.73
4299 3159.66
4302 3159.58
4305 3159.54
4307 3159.53
4310 3159.47
4313 3159.44
4314 3159.41
4316 3159.18
4318 3159.14
4320 3159.09
4321 3159.08
4322 3159.07
4327 3159.04
4341 3159.03
4350 3159
4353 3158.98
4361 3158.85
4363 3158.82
4375 3158.81
4376 3158.75
4378 3158.74
4382 3158.72
4384 3158.57
4396 3158.56
4407 3158.53
4423 3158.44
4425 3158.28
4429 3158.26
4432 3158.22
4435 3158.21
4437 3158.16
4450 3158.14
4458 3158.12
4462 3158.09
4465 3157.84
4468 3157.83
4470 3157.81
4473 3157.73
4474 3157.72
4477 3157.68
4480 3157.66
4484 3157.64
4487 3157.63
4489 3157.61
4491 3157.58
4495 3157.52
4498 3157.42
4500 3157.39
4509 3157.34
4513 3157.31
4514 3157.3
4522 3157.27
4525 3157.25
4528 3157.2
4530 3157.09
4532 3157.06
4534 3157.03
4537 3157
4542 3156.99
4543 3156.95
4548 3156.9
4550 3156.81
4557 3156.72
4558 3156.7
4560 3156.65
4563 3156.63
4564 3156.62
4567 3156.61
4568 3156.44
4573 3156.42
4576 3156.41
4588 3156.36
4593 3156.32
4599 3156.3
4602 3156.26
4603 3156.25
4605 3156.19
4610 3156.1
4612 3156.05
4615 3155.95
4620 3155.91
4621 3155.88
4625 3155.87
4628 3155.85
4631 3155.83
4632 3155.79
4636 3155.66
4643 3155.56
4645 3155.54
4646 3155.5
4649 3155.48
4651 3155.43
4668 3155.4
4673 3155.38
4682 3155.35
4685 3155.33
4688 3155.31
4704 3155.28
4708 3155.25
4709 3155.22
4714 3155.21
4721 3155.17
4732 3155.14
4740 3155.12
4742 3155.03
4746 3155
4747 3154.93
4755 3154.92
4764 3154.82
4774 3154.76
4778 3154.69
4784 3154.68
4789 3154.65
4797 3154.64
4800 3154.63
4801 3154.52
4812 3154.5
4815 3154.47
4819 3154.45
4821 3154.33
4822 3154.3
4832 3154.26
4833 3154.22
4834 3154.21
4843 3154.2
4851 3154.15
4861 3154.12
4862 3154.08
4863 3154.03
4868 3154.02
4873 3153.96
4883 3153.85
4886 3153.84
4888 3153.82
4894 3153.76
4895 3153.67
4901 3153.66
4906 3153.55
4913 3153.54
4914 3153.53
4923 3153.41
4941 3153.37
4950 3153.33
4954 3153.28
4955 3153.23
4956 3153.22
4957 3153.16
4963 3153.12
4966 3153.05
4971 3153.01
4975 3153
4983 3152.97
4986 3152.92
5009 3152.91
5014 3152.88
5015 3152.8
5016 3152.76
5031 3152.74
5032 3152.7
5056 3152.69
5066 3152.66
5067 3152.64
5077 3152.62
5083 3152.57
5088 3152.56
5094 3152.55
5098 3152.53
5101 3152.52
5119 3152.49
5124 3152.43
5127 3152.37
5131 3152.26
5133 3152.2
5135 3152.07
5138 3152.03
5143 3152
5148 3151.98
5149 3151.89
5161 3151.77
5172 3151.74
5198 3151.71
5207 3151.65
5208 3151.63
5214 3151.55
5217 3151.45
5219 3151.44
5233 3151.33
5242 3151.17
5243 3151.12
5246 3151.07
5259 3151.04
5269 3151.01
5283 3150.96
5289 3150.9
5292 3150.87
5296 3150.85
5315 3150.84
5335 3150.82
5346 3150.8
5355 3150.76
5366 3150.71
5369 3150.69
5392 3150.66
5393 3150.64
5400 3150.61
5406 3150.54
5409 3150.53
5417 3150.46
5422 3150.45
5460 3150.42
5466 3150.38
5468 3150.37
5470 3150.36
5478 3150.35
5482 3150.32
5486 3150.3
5489 3150.24
5494 3150.19
5497 3150.15
5503 3150.13
5510 3150.08
5512 3150.03
5522 3149.97
5529 3149.96
5541 3149.88
5557 3149.85
5566 3149.82
5578 3149.74
5593 3149.73
5632 3149.63
5675 3149.62
5706 3149.6
5711 3149.54
5713 3149.48
5714 3149.45
5716 3149.43
5717 3149.4
5719 3149.32
5724 3149.3
5753 3149.21
5765 3149.2
5784 3149.07
5796 3149.05
5797 3148.99
5807 3148.98
5820 3148.97
5842 3148.96
5843 3148.91
5850 3148.88
5867 3148.85
5870 3148.82
5872 3148.75
5879 3148.65
5883 3148.64
5888 3148.6
5902 3148.55
5915 3148.53
5939 3148.52
5940 3148.49
5952 3148.47
5970 3148.36
5990 3148.32
6006 3148.28
6019 3148.27
6025 3148.19
6035 3148.13
6041 3148.11
6075 3148.1
6084 3148.04
6103 3148.01
6110 3148
6161 3147.95
6170 3147.92
6176 3147.83
6181 3147.79
6184 3147.6
6194 3147.43
6219 3147.42
6249 3147.4
6259 3147.38
6273 3147.37
6287 3147.34
6293 3147.28
6303 3147.19
6327 3147.16
6342 3147.1
6352 3147.06
6371 3147.04
6394 3146.99
6409 3146.98
6420 3146.83
6421 3146.81
6422 3146.75
6434 3146.72
6436 3146.63
6452 3146.62
6459 3146.56
6477 3146.53
6499 3146.52
6504 3146.43
6514 3146.39
6522 3146.38
6552 3146.37
6563 3146.36
6571 3146.19
6572 3146.18
6574 3146.16
6582 3146.13
6586 3146.09
6596 3146.07
6601 3146.06
6629 3146.05
6630 3146.02
6642 3145.92
6653 3145.9
6659 3145.87
6669 3145.83
6697 3145.78
6701 3145.7
6712 3145.67
6731 3145.57
6748 3145.55
6774 3145.51
6788 3145.5
6790 3145.48
6798 3145.45
6801 3145.43
6835 3145.39
6870 3145.35
6930 3145.26
6987 3145.25
6996 3145.24
6999 3145.23
7020 3145.19
7031 3145.16
7078 3145.15
7085 3145.12
7086 3145.1
7092 3144.98
7122 3144.97
7142 3144.95
7172 3144.93
7192 3144.9
7194 3144.86
7247 3144.82
7254 3144.8
7256 3144.64
7268 3144.58
7295 3144.57
7343 3144.43
7350 3144.36
7353 3144.27
7369 3144.23
7370 3144.21
7438 3144.2
7440 3144.19
7454 3144.18
7500 3144.17
7510 3144.16
7547 3144.15
7551 3144.13
7565 3144.09
7593 3144.08
7638 3144.01
7665 3144
7675 3143.98
7682 3143.97
7688 3143.94
7705 3143.85
7722 3143.84
7723 3143.83
7732 3143.77
7762 3143.76
7764 3143.75
7787 3143.74
7820 3143.71
7865 3143.67
7872 3143.64
7874 3143.63
7884 3143.52
7885 3143.47
7889 3143.46
7892 3143.44
7903 3143.43
7918 3143.42
7922 3143.36
7953 3143.33
7959 3143.29
7961 3143.22
7972 3143.17
7992 3143.11
8021 3143.09
8065 3143.08
8083 3143.06
8086 3143.05
8094 3143.04
8122 3143.01
8134 3143
8135 3142.94
8139 3142.92
8186 3142.91
8194 3142.81
8231 3142.79
8393 3142.67
8404 3142.66
8423 3142.64
8453 3142.62
8470 3142.61
8473 3142.6
8492 3142.57
8529 3142.46
8577 3142.4
8582 3142.39
8585 3142.38
8607 3142.32
8710 3142.3
8732 3142.27
8733 3142.21
8747 3142.14
8782 3142.13
8797 3142.07
8805 3142.03
8852 3141.92
8866 3141.9
8896 3141.88
8905 3141.83
8911 3141.82
8918 3141.8
8930 3141.76
8961 3141.71
9100 3141.67
9186 3141.65
9272 3141.63
9407 3141.61
9429 3141.59
9442 3141.55
9470 3141.51
9482 3141.49
9534 3141.39
9593 3141.36
9605 3141.34
9614 3141.33
9623 3141.27
9682 3141.25
9685 3141.2
9753 3141.19
9797 3141.17
9828 3141.16
9837 3141.05
9916 3141.03
10111 3141.02
10178 3140.96
10189 3140.94
10226 3140.89
10278 3140.88
10530 3140.87
10548 3140.8
10724 3140.74
10778 3140.71
10815 3140.7
10883 3140.66
10888 3140.62
10947 3140.59
11083 3140.52
11118 3140.47
11176 3140.4
11251 3140.36
11401 3140.32
11592 3140.31
12012 3140.29
12116 3140.25
13186 3140.23
13433 3140.22
