128 0.50539996039604
256 0.51762364356436
384 0.52853414851485
512 0.53856085148515
640 0.54788998019802
768 0.55641979207921
896 0.56452064356436
1024 0.57219851485149
1152 0.57956191089109
1280 0.58655499009901
1408 0.59311145544554
1536 0.59942146534653
1664 0.60541054455446
1792 0.61111593069307
1920 0.61665600990099
2048 0.62177838613861
2176 0.62681435643564
2304 0.63146282178218
2432 0.63602867326733
2560 0.64037051485149
2688 0.64441332673267
2816 0.64819092079208
2944 0.65203882178218
3072 0.6557160990099
3200 0.65899411881188
3328 0.66205668316832
3456 0.66494059405941
3584 0.66775284158416
3712 0.6704891980198
3840 0.67314527722772
3968 0.67539464356436
4096 0.67789410891089
4224 0.68005065346535
4352 0.68210147524752
4480 0.68397500990099
4608 0.68576400990099
4736 0.68730342574257
4864 0.68878038613861
4992 0.69020911881188
5120 0.69149933663366
5248 0.69260505940594
5376 0.69386855445545
5504 0.69485717821782
5632 0.6958536039604
5760 0.69681395049505
5888 0.69752443564356
6016 0.69821547524753
6144 0.69856479207921
6272 0.69915043564356
6400 0.69958837623762
6528 0.69994261386139
6656 0.70027200990099
6784 0.70047494059406
6912 0.70061074257426
7040 0.70070348514851
7168 0.70080598019802
7296 0.70096434653465
7424 0.7011187029703
7552 0.70116554455446
