0 0.490142
128 0.501903
256 0.513663
384 0.524537
512 0.535068
640 0.544692
768 0.554173
896 0.563451
1024 0.572729
1152 0.581033
1280 0.59148
1408 0.598503
1536 0.604944
1664 0.611068
1792 0.616643
1920 0.622191
2048 0.627458
2176 0.632009
2304 0.638641
2432 0.64281
2560 0.650245
2688 0.656891
2816 0.660738
2944 0.664387
3072 0.667467
3200 0.672139
3328 0.675086
3456 0.677633
3584 0.680063
3712 0.683335
3840 0.685397
3968 0.687355
4096 0.689075
4224 0.690776
4352 0.692025
4480 0.694861
4608 0.695925
4736 0.697273
4864 0.698521
4992 0.699464
5120 0.700595
5248 0.701963
5376 0.7029
5504 0.703337
5632 0.70373
5760 0.703835
5888 0.703873
6016 0.70494
6144 0.705548
6272 0.707579
