0 0.461885
128 0.477038
256 0.488908
384 0.498919
512 0.508752
640 0.518213
768 0.52667
896 0.534779
1024 0.543973
1152 0.555399
1280 0.563048
1408 0.570336
1536 0.577571
1664 0.586001
1792 0.592184
1920 0.599486
2048 0.605415
2176 0.610694
2304 0.615028
2432 0.619037
2560 0.622879
2688 0.626613
2816 0.630312
2944 0.633887
3072 0.63739
3200 0.641325
3328 0.64458
3456 0.647631
3584 0.650472
3712 0.656935
3840 0.659467
3968 0.661966
4096 0.664277
4224 0.66739
4352 0.669673
4480 0.673018
4608 0.67653
4736 0.678586
4864 0.680706
4992 0.682507
5120 0.684242
5248 0.685861
5376 0.687358
5504 0.688833
5632 0.690233
5760 0.691891
5888 0.69403
6016 0.694967
6144 0.695529
6272 0.700439
6400 0.704076
6528 0.710254
6656 0.710352
