0 0.484616
128 0.498649
256 0.511841
384 0.524859
512 0.536238
640 0.544943
768 0.552854
896 0.5606
1024 0.567272
1152 0.57379
1280 0.58234
1408 0.588029
1536 0.593307
1664 0.598542
1792 0.605232
1920 0.610142
2048 0.614807
2176 0.619221
2304 0.62354
2432 0.62742
2560 0.631238
2688 0.634804
2816 0.638312
2944 0.644473
3072 0.650056
3200 0.653037
3328 0.655576
3456 0.658085
3584 0.663049
3712 0.665501
3840 0.671415
3968 0.673738
4096 0.675979
4224 0.677914
4352 0.683389
4480 0.685307
4608 0.687542
4736 0.689292
4864 0.692132
4992 0.693707
5120 0.694751
5248 0.695692
5376 0.696552
5504 0.697389
5632 0.69815
5760 0.698812
5888 0.699386
6016 0.699519
