0 0.49993
128 0.512464
256 0.523714
384 0.532757
512 0.54144
640 0.549967
768 0.558441
896 0.566766
1024 0.574568
1152 0.58194
1280 0.588613
1408 0.595259
1536 0.601821
1664 0.609342
1792 0.615303
1920 0.62098
2048 0.626551
2176 0.632098
2304 0.637585
2432 0.64589
2560 0.650997
2688 0.655638
2816 0.660039
2944 0.664462
3072 0.668761
3200 0.672608
3328 0.67625
3456 0.679563
3584 0.682768
3712 0.685129
3840 0.688594
3968 0.690845
4096 0.693062
4224 0.695259
4352 0.697162
4480 0.698324
4608 0.699357
4736 0.700751
4864 0.702813
4992 0.703511
5120 0.704956
5248 0.708011
5376 0.711116
5504 0.711804
5632 0.712306
5760 0.712401
