0 0.522179
128 0.536952
256 0.549539
384 0.560169
512 0.569791
640 0.579012
768 0.587059
896 0.595031
1024 0.602411
1152 0.612498
1280 0.619786
1408 0.626571
1536 0.633309
1664 0.639057
1792 0.645741
1920 0.651149
2048 0.65626
2176 0.660839
2304 0.665254
2432 0.670223
2560 0.67342
2688 0.676584
2816 0.679689
2944 0.682391
3072 0.684424
3200 0.686298
3328 0.687918
3456 0.689393
3584 0.690608
3712 0.691802
3840 0.6928
3968 0.694129
4096 0.695155
4224 0.695853
4352 0.696195
4480 0.696537
4608 0.696838
4736 0.698035
4864 0.700417
4992 0.702318
5120 0.702554
5248 0.70265
5376 0.702732
5504 0.705328
