0 0.489476
128 0.502775
256 0.515235
384 0.529112
512 0.541519
640 0.553077
768 0.563809
896 0.574078
1024 0.584234
1152 0.592872
1280 0.599843
1408 0.606796
1536 0.613613
1664 0.619657
1792 0.624977
1920 0.629945
2048 0.634597
2176 0.638931
2304 0.643223
2432 0.650253
2560 0.654066
2688 0.657657
2816 0.663745
2944 0.667096
3072 0.669993
3200 0.672834
3328 0.675509
3456 0.677659
3584 0.679733
3712 0.681602
3840 0.683462
3968 0.684384
4096 0.685217
4224 0.688472
4352 0.689572
4480 0.690251
4608 0.690913
4736 0.691487
4864 0.692041
4992 0.694517
5120 0.694952
5248 0.695169
5376 0.696101
5504 0.700031
5632 0.700094
