0 0.489739
128 0.504429
256 0.517347
384 0.529785
512 0.541826
640 0.551235
768 0.560023
896 0.5684
1024 0.576555
1152 0.583284
1280 0.589735
1408 0.59617
1536 0.602592
1664 0.607263
1792 0.611704
1920 0.617147
2048 0.620906
2176 0.624371
2304 0.627834
2432 0.631031
2560 0.63356
2688 0.635963
2816 0.638332
2944 0.640293
3072 0.647665
3200 0.649458
3328 0.650922
3456 0.652188
3584 0.653347
3712 0.654504
3840 0.658498
3968 0.659438
4096 0.664045
4224 0.670021
4352 0.673658
4480 0.675026
4608 0.675963
4736 0.676853
4864 0.678594
4992 0.680757
5120 0.689075
5248 0.690306
5376 0.694119
5504 0.696259
5632 0.697825
5760 0.698487
5888 0.69888
6016 0.6989
