0 0.518711
128 0.535629
256 0.546917
384 0.557557
512 0.56526
640 0.573379
768 0.581056
896 0.588705
1024 0.595648
1152 0.602204
1280 0.608365
1408 0.614116
1536 0.619921
1664 0.625491
1792 0.63131
1920 0.636752
2048 0.641895
2176 0.646847
2304 0.651688
2432 0.656005
2560 0.660232
2688 0.663869
2816 0.66709
2944 0.672088
3072 0.67525
3200 0.678226
3328 0.681481
3456 0.684793
3584 0.688636
3712 0.691339
3840 0.693651
3968 0.697464
4096 0.699668
4224 0.701621
4352 0.703381
4480 0.704785
4608 0.706029
4736 0.707245
4864 0.708289
4992 0.708925
5120 0.709141
5248 0.711185
5376 0.712107
