0 0.527403
128 0.541059
256 0.553334
384 0.562901
512 0.572189
640 0.581074
768 0.589881
896 0.597543
1024 0.60578
1152 0.612951
1280 0.619689
1408 0.626335
1536 0.632877
1664 0.639213
1792 0.645374
1920 0.65057
2048 0.655649
2176 0.660337
2304 0.664905
2432 0.668749
2560 0.672155
2688 0.675476
2816 0.678748
2944 0.681918
3072 0.684815
3200 0.686981
3328 0.689131
3456 0.69117
3584 0.693205
3712 0.69508
3840 0.696814
3968 0.698472
4096 0.700062
4224 0.701617
4352 0.70301
4480 0.70574
4608 0.707069
4736 0.70839
4864 0.709416
4992 0.710395
5120 0.713449
5248 0.714327
5376 0.717166
5504 0.717828
5632 0.718065
