0 0.463239
128 0.48304
256 0.500088
384 0.513217
512 0.525945
640 0.53639
768 0.546321
896 0.557313
1024 0.567049
1152 0.576739
1280 0.58413
1408 0.590934
1536 0.597096
1664 0.602733
1792 0.608363
1920 0.613838
2048 0.619247
2176 0.624525
2304 0.629663
2432 0.638518
2560 0.643546
2688 0.64821
2816 0.652289
2944 0.656211
3072 0.663625
3200 0.667447
3328 0.671146
3456 0.674308
3584 0.677302
3712 0.680192
3840 0.682254
3968 0.684218
4096 0.686126
4224 0.688006
4352 0.692186
4480 0.693912
4608 0.695532
4736 0.6969
4864 0.698248
4992 0.699198
5120 0.702701
5248 0.703471
5376 0.704233
5504 0.704895
5632 0.705482
5760 0.706056
5888 0.70661
6016 0.706952
6144 0.708251
6272 0.710927
6400 0.713402
6528 0.713696
6656 0.714617
6784 0.714729
