0 0.495752
128 0.510897
256 0.524208
384 0.536236
512 0.547317
640 0.559631
768 0.570095
896 0.579976
1024 0.589645
1152 0.59797
1280 0.60605
1408 0.611875
1536 0.617618
1664 0.623027
1792 0.628113
1920 0.634321
2048 0.639764
2176 0.64473
2304 0.648958
2432 0.652595
2560 0.656001
2688 0.658696
2816 0.665329
2944 0.669825
3072 0.676682
3200 0.679224
3328 0.681548
3456 0.684703
3584 0.68675
3712 0.688795
3840 0.69076
3968 0.692494
4096 0.694129
4224 0.69566
4352 0.697064
4480 0.698382
4608 0.699558
4736 0.700841
4864 0.70151
4992 0.706972
5120 0.711052
5248 0.713618
5376 0.714237
5504 0.714739
5632 0.720228
