0 0.484521
128 0.497366
256 0.508745
384 0.519994
512 0.531183
640 0.541321
768 0.551
896 0.559959
1024 0.568667
1152 0.577041
1280 0.585213
1408 0.592872
1536 0.600286
1664 0.606978
1792 0.613625
1920 0.61993
2048 0.626204
2176 0.631892
2304 0.637475
2432 0.64256
2560 0.647631
2688 0.652647
2816 0.657635
2944 0.661893
3072 0.665736
3200 0.669302
3328 0.672623
3456 0.67582
3584 0.679006
3712 0.681978
3840 0.684777
3968 0.687373
4096 0.688924
4224 0.690083
4352 0.691147
4480 0.691582
4608 0.691975
4736 0.692219
4864 0.692325
4992 0.692345
