0 0.485733
128 0.500039
256 0.512958
384 0.525771
512 0.537576
640 0.548153
768 0.558336
896 0.567099
1024 0.575432
1152 0.583561
1280 0.590545
1408 0.596482
1536 0.60232
1664 0.608067
1792 0.613416
1920 0.624878
2048 0.63002
2176 0.635099
2304 0.639523
2432 0.643602
2560 0.647502
2688 0.651349
2816 0.655171
2944 0.658984
3072 0.66239
3200 0.665311
3328 0.668152
3456 0.670991
3584 0.673533
3712 0.675868
3840 0.678192
3968 0.680239
4096 0.681703
4224 0.683032
4352 0.686187
4480 0.687453
4608 0.688716
4736 0.690784
4864 0.691446
4992 0.692083
5120 0.692568
5248 0.692784
5376 0.693077
