0 0.513444
128 0.525414
256 0.536994
384 0.545879
512 0.554658
640 0.562747
768 0.56977
896 0.576192
1024 0.582353
1152 0.588476
1280 0.594473
1408 0.600178
1536 0.605621
1664 0.610856
1792 0.615329
1920 0.61973
2048 0.623959
2176 0.629038
2304 0.633617
2432 0.637462
2560 0.640974
2688 0.644322
2816 0.647577
2944 0.650636
3072 0.65363
3200 0.656354
3328 0.659057
3456 0.661555
3584 0.66398
3712 0.666054
3840 0.668087
3968 0.669936
4096 0.678645
4224 0.680447
4352 0.682071
4480 0.683691
4608 0.685088
4736 0.686456
4864 0.687435
4992 0.688285
5120 0.689003
5248 0.689345
5376 0.6896
5504 0.69229
5632 0.692504
5760 0.692807
5888 0.692831
6016 0.692851
