0 0.516836
128 0.526316
256 0.535156
384 0.543887
512 0.551481
640 0.558506
768 0.565279
896 0.571928
1024 0.57835
1152 0.584655
1280 0.590309
1408 0.595588
1536 0.600191
1664 0.604925
1792 0.609409
1920 0.613643
2048 0.617467
2176 0.621201
2304 0.626302
2432 0.629806
2560 0.633741
2688 0.636834
2816 0.639722
2944 0.64252
3072 0.645234
3200 0.647936
3328 0.65051
3456 0.655953
3584 0.659165
3712 0.663703
3840 0.666256
3968 0.669361
4096 0.671885
4224 0.674102
4352 0.675963
4480 0.677765
4608 0.67934
4736 0.683666
4864 0.685059
4992 0.686326
5120 0.687574
5248 0.688554
5376 0.689491
5504 0.690329
5632 0.691018
5760 0.69168
5888 0.692326
6016 0.692719
6144 0.693061
6272 0.694758
6400 0.694931
6528 0.695881
6656 0.702122
