0 0.417712
128 0.432633
256 0.44697
384 0.459328
512 0.471283
640 0.482858
768 0.493975
896 0.503654
1024 0.512539
1152 0.521421
1280 0.529614
1408 0.537786
1536 0.544767
1664 0.55144
1792 0.55999
1920 0.565829
2048 0.571434
2176 0.576905
2304 0.582314
2432 0.587487
2560 0.592553
2688 0.597412
2816 0.605513
2944 0.6102
3072 0.614601
3200 0.618935
3328 0.623042
3456 0.626977
3584 0.63082
3712 0.634645
3840 0.63797
3968 0.645259
4096 0.649189
4224 0.652755
4352 0.655902
4480 0.658857
4608 0.661658
4736 0.664232
4864 0.669675
4992 0.672228
5120 0.675332
5248 0.677857
5376 0.680089
5504 0.685773
5632 0.689064
5760 0.691126
5888 0.692653
6016 0.697901
6144 0.704492
6272 0.705863
6400 0.70713
6528 0.708067
6656 0.708584
6784 0.713691
6912 0.714126
7040 0.714428
7168 0.716389
7296 0.719119
7424 0.72098
