0 0.488691
128 0.508666
256 0.523717
384 0.53849
512 0.550682
640 0.561615
768 0.570639
896 0.579146
1024 0.587096
1152 0.594573
1280 0.601862
1408 0.608552
1536 0.615142
1664 0.621729
1792 0.629031
1920 0.63428
2048 0.638967
2176 0.643639
2304 0.648261
2432 0.652109
2560 0.655741
2688 0.659193
2816 0.662246
2944 0.664979
3072 0.667388
3200 0.670504
3328 0.672904
3456 0.675226
3584 0.677469
3712 0.679428
3840 0.680698
3968 0.683035
4096 0.689083
4224 0.690242
4352 0.691315
4480 0.692313
4608 0.693219
4736 0.693907
4864 0.694544
4992 0.694937
5120 0.695545
5248 0.697576
5376 0.699013
5504 0.699526
5632 0.699835
5760 0.701164
5888 0.703268
