0 0.47092
128 0.483277
256 0.493401
384 0.502492
512 0.511
640 0.519059
768 0.527021
896 0.534749
1024 0.541804
1152 0.548629
1280 0.554881
1408 0.56093
1536 0.566972
1664 0.572933
1792 0.578847
1920 0.584381
2048 0.589698
2176 0.594777
2304 0.5997
2432 0.604504
2560 0.609186
2688 0.613815
2816 0.618156
2944 0.625313
3072 0.629494
3200 0.633592
3328 0.637443
3456 0.641248
3584 0.64476
3712 0.648212
3840 0.65156
3968 0.654831
4096 0.661649
4224 0.664904
4352 0.667801
4480 0.670532
4608 0.673223
4736 0.675652
4864 0.678924
4992 0.681208
5120 0.682684
5248 0.684303
5376 0.684738
5504 0.685131
5632 0.685739
5760 0.688515
5888 0.690546
6016 0.69057
