0 0.491651
128 0.503248
256 0.514408
384 0.522824
512 0.530848
640 0.538729
768 0.545925
896 0.553066
1024 0.559805
1152 0.569748
1280 0.576421
1408 0.583067
1536 0.589228
1664 0.594967
1792 0.599842
1920 0.604566
2048 0.609207
2176 0.613834
2304 0.621039
2432 0.62552
2560 0.631497
2688 0.635472
2816 0.639838
2944 0.644601
3072 0.648176
3200 0.651735
3328 0.654694
3456 0.65718
3584 0.659427
3712 0.661624
3840 0.663454
3968 0.665979
4096 0.667735
4224 0.669355
4352 0.670866
4480 0.672103
4608 0.67476
4736 0.675947
4864 0.67714
4992 0.678078
5120 0.678776
5248 0.68022
5376 0.683644
5504 0.684645
5632 0.685334
5760 0.685749
5888 0.686092
6016 0.687916
6144 0.694379
6272 0.694677
6400 0.694789
