0 0.499412
128 0.510269
256 0.520909
384 0.530577
512 0.540198
640 0.549461
768 0.557542
896 0.564643
1024 0.571679
1152 0.578622
1280 0.585359
1408 0.591669
1536 0.597859
1664 0.60402
1792 0.609939
1920 0.61544
2048 0.622411
2176 0.629685
2304 0.635094
2432 0.639888
2560 0.649229
2688 0.653386
2816 0.657453
2944 0.661253
3072 0.667059
3200 0.670708
3328 0.674247
3456 0.67758
3584 0.680826
3712 0.683624
3840 0.685867
3968 0.687579
4096 0.689199
4224 0.690729
4352 0.692134
4480 0.693397
4608 0.694612
4736 0.695656
4864 0.696531
4992 0.698748
5120 0.699573
5248 0.700059
5376 0.700303
5504 0.70054
5632 0.70065
5760 0.70415
5888 0.704246
6016 0.704266
