0 0.511029
128 0.522057
256 0.53227
384 0.540358
512 0.548128
640 0.55563
768 0.562781
896 0.571156
1024 0.57819
1152 0.585006
1280 0.591428
1408 0.597589
1536 0.603568
1664 0.609447
1792 0.617555
1920 0.622924
2048 0.628173
2176 0.633301
2304 0.638744
2432 0.643431
2560 0.647995
2688 0.652021
2816 0.655952
2944 0.65947
3072 0.66231
3200 0.665012
3328 0.667373
3456 0.669682
3584 0.671966
3712 0.677
3840 0.680292
3968 0.682615
4096 0.684832
4224 0.686906
4352 0.688967
4480 0.690684
4608 0.692165
4736 0.695578
4864 0.698195
4992 0.699196
5120 0.704239
5248 0.705176
5376 0.705838
5504 0.706497
5632 0.706999
5760 0.707434
5888 0.707737
6016 0.707974
6144 0.708147
6272 0.709097
6400 0.709202
6528 0.709222
