0 0.491699
128 0.507453
256 0.520537
384 0.531862
512 0.542178
640 0.55143
768 0.560218
896 0.567393
1024 0.574428
1152 0.581439
1280 0.588088
1408 0.593337
1536 0.598414
1664 0.603414
1792 0.608385
1920 0.613141
2048 0.617709
2176 0.621944
2304 0.625879
2432 0.629516
2560 0.632867
2688 0.635676
2816 0.64085
2944 0.643648
3072 0.646172
3200 0.648246
3328 0.650212
3456 0.652885
3584 0.660324
3712 0.662192
3840 0.666863
3968 0.668724
4096 0.670344
4224 0.671777
4352 0.675589
4480 0.678265
4608 0.679348
4736 0.680427
4864 0.684841
4992 0.685778
5120 0.68644
5248 0.686942
5376 0.687378
5504 0.687771
5632 0.688121
