0 0.460743
128 0.4721
256 0.481182
384 0.489556
512 0.497748
640 0.507713
768 0.51584
896 0.523864
1024 0.531695
1152 0.539282
1280 0.547378
1408 0.55468
1536 0.561341
1664 0.567641
1792 0.573826
1920 0.579869
2048 0.585632
2176 0.591109
2304 0.596453
2432 0.601712
2560 0.606862
2688 0.611807
2816 0.616035
2944 0.620234
3072 0.62433
3200 0.628345
3328 0.632227
3456 0.63607
3584 0.639892
3712 0.643705
3840 0.64704
3968 0.650355
4096 0.653519
4224 0.660105
4352 0.665071
4480 0.668051
4608 0.670457
4736 0.672857
4864 0.67518
4992 0.680343
5120 0.682552
5248 0.684702
5376 0.686742
5504 0.688602
5632 0.68997
5760 0.691219
5888 0.692426
6016 0.697048
6144 0.698234
6272 0.69918
6400 0.699842
6528 0.700344
6656 0.700547
6784 0.700651
6912 0.700762
7040 0.703911
7168 0.706553
7296 0.706623
7424 0.713085
7552 0.713655
