0 0.522957
128 0.535245
256 0.546454
384 0.55875
512 0.569926
640 0.578608
768 0.585012
896 0.591335
1024 0.597495
1152 0.603608
1280 0.609016
1408 0.614386
1536 0.621654
1664 0.630415
1792 0.634432
1920 0.638674
2048 0.642768
2176 0.646586
2304 0.65271
2432 0.656222
2560 0.658913
2688 0.66082
2816 0.662622
2944 0.664391
3072 0.666126
3200 0.667591
3328 0.674475
3456 0.675522
3584 0.676459
3712 0.677063
3840 0.678412
3968 0.678772
4096 0.679114
4224 0.679926
4352 0.680457
4480 0.682979
4608 0.686706
4736 0.690641
4864 0.69092
4992 0.693547
5120 0.693792
5248 0.694005
5376 0.695707
5504 0.695772
5632 0.697834
5760 0.698702
