0 0.484704
128 0.49901
256 0.510642
384 0.521312
512 0.531611
640 0.538948
768 0.546236
896 0.553283
1024 0.560003
1152 0.566281
1280 0.572441
1408 0.578478
1536 0.584509
1664 0.590515
1792 0.596475
1920 0.602243
2048 0.607812
2176 0.613061
2304 0.617765
2432 0.622387
2560 0.626884
2688 0.631299
2816 0.635062
2944 0.639867
3072 0.643544
3200 0.648687
3328 0.651942
3456 0.655139
3584 0.658092
3712 0.660498
3840 0.662458
3968 0.665719
4096 0.66758
4224 0.669382
4352 0.671116
4480 0.672567
4608 0.675672
4736 0.677693
4864 0.67896
4992 0.680208
5120 0.681146
5248 0.681978
5376 0.682667
5504 0.68306
5632 0.683668
5760 0.686989
5888 0.688352
6016 0.688694
6144 0.688911
6272 0.689843
6400 0.692501
6528 0.692613
6656 0.695146
