0 0.526341
128 0.547065
256 0.558598
384 0.568179
512 0.577211
640 0.586205
768 0.595174
896 0.602869
1024 0.609623
1152 0.616257
1280 0.622418
1408 0.628185
1536 0.633768
1664 0.639013
1792 0.64414
1920 0.649062
2048 0.653703
2176 0.657515
2304 0.660973
2432 0.664309
2560 0.666631
2688 0.668781
2816 0.670577
2944 0.674609
3072 0.680119
3200 0.683399
3328 0.686974
3456 0.689796
3584 0.691497
3712 0.692905
3840 0.696164
3968 0.697569
4096 0.698784
4224 0.699446
4352 0.700066
4480 0.700667
4608 0.701045
4736 0.703521
4864 0.705381
4992 0.705756
5120 0.70609
5248 0.706306
5376 0.706418
5504 0.708458
5632 0.708504
5760 0.709787
5888 0.710289
6016 0.713309
6144 0.713327
