0 0.453563
128 0.480255
256 0.4938
384 0.505491
512 0.517148
640 0.528035
768 0.538244
896 0.54841
1024 0.55827
1152 0.569455
1280 0.579191
1408 0.588067
1536 0.595724
1664 0.601981
1792 0.607791
1920 0.613558
2048 0.619196
2176 0.624605
2304 0.62963
2432 0.634153
2560 0.640391
2688 0.644607
2816 0.648686
2944 0.652531
3072 0.656353
3200 0.660166
3328 0.663485
3456 0.666612
3584 0.669451
3712 0.672023
3840 0.675295
3968 0.677771
4096 0.680094
4224 0.682367
4352 0.688206
4480 0.690268
4608 0.692324
4736 0.694185
4864 0.695919
4992 0.69761
5120 0.69923
5248 0.70036
5376 0.701728
5504 0.702431
5632 0.705578
5760 0.706516
5888 0.707214
6016 0.709901
6144 0.711249
6272 0.711823
6400 0.712117
6528 0.712229
