0 0.503906
128 0.520072
256 0.531648
384 0.541592
512 0.551514
640 0.560446
768 0.5686
896 0.576532
1024 0.583205
1152 0.589668
1280 0.595359
1408 0.602393
1536 0.607808
1664 0.615457
1792 0.620805
1920 0.62589
2048 0.630566
2176 0.634772
2304 0.638843
2432 0.642894
2560 0.646811
2688 0.649975
2816 0.652951
2944 0.658394
3072 0.661399
3200 0.66652
3328 0.66948
3456 0.672032
3584 0.674444
3712 0.676506
3840 0.67853
3968 0.680398
4096 0.682259
4224 0.683526
4352 0.684697
4480 0.68862
4608 0.689622
4736 0.690559
4864 0.691069
4992 0.691554
5120 0.691989
5248 0.692095
5376 0.692115
