0 0.528889
128 0.546792
256 0.558655
384 0.569057
512 0.579236
640 0.589115
768 0.597183
896 0.604351
1024 0.611082
1152 0.618085
1280 0.624371
1408 0.630532
1536 0.636356
1664 0.641605
1792 0.646475
1920 0.651139
2048 0.655781
2176 0.659852
2304 0.663699
2432 0.667544
2560 0.671366
2688 0.674957
2816 0.678062
2944 0.680136
3072 0.682101
3200 0.683835
3328 0.685555
3456 0.68696
3584 0.688308
3712 0.689489
3840 0.690564
3968 0.69262
4096 0.693687
4224 0.695295
4352 0.69636
4480 0.697282
4608 0.697869
4736 0.698443
4864 0.698894
4992 0.699287
5120 0.699895
5248 0.703216
5376 0.703559
5504 0.7037
5632 0.703812
