0 0.496953
128 0.511717
256 0.526362
384 0.538017
512 0.548714
640 0.558288
768 0.567859
896 0.576891
1024 0.585592
1152 0.593718
1280 0.601367
1408 0.608503
1536 0.61552
1664 0.621287
1792 0.626538
1920 0.631076
2048 0.635612
2176 0.639889
2304 0.643701
2432 0.646806
2560 0.649797
2688 0.655416
2816 0.658396
2944 0.661195
3072 0.663964
3200 0.666667
3328 0.669499
3456 0.671931
3584 0.674254
3712 0.67618
3840 0.678087
3968 0.679853
4096 0.68213
4224 0.68829
4352 0.690266
4480 0.691924
4608 0.697108
4736 0.698727
4864 0.699913
4992 0.700914
5120 0.701399
5248 0.702683
5376 0.703689
5504 0.70419
5632 0.705889
5760 0.706282
5888 0.70689
6016 0.70985
6144 0.710087
6272 0.717192
6400 0.717977
6528 0.718727
6656 0.719776
6784 0.72185
6912 0.722512
7040 0.722624
