0 0.490033
128 0.508658
256 0.520837
384 0.530618
512 0.540212
640 0.549341
768 0.557559
896 0.564663
1024 0.571666
1152 0.57758
1280 0.583344
1408 0.588787
1536 0.594202
1664 0.601378
1792 0.606627
1920 0.611728
2048 0.616452
2176 0.624907
2304 0.629404
2432 0.637124
2560 0.640946
2688 0.644537
2816 0.647892
2944 0.652052
3072 0.655395
3200 0.658545
3328 0.662369
3456 0.66535
3584 0.667751
3712 0.669807
3840 0.673065
3968 0.677413
4096 0.679147
4224 0.680871
4352 0.682189
4480 0.683437
4608 0.684674
4736 0.685881
4864 0.690503
4992 0.691547
5120 0.692232
5248 0.693024
5376 0.69511
5504 0.696004
5632 0.698918
5760 0.699198
5888 0.700464
6016 0.700484
