0 0.489854
128 0.50114
256 0.511859
384 0.522569
512 0.532979
640 0.543066
768 0.552845
896 0.562317
1024 0.571771
1152 0.580766
1280 0.58837
1408 0.595276
1536 0.601813
1664 0.607773
1792 0.61369
1920 0.618769
2048 0.623714
2176 0.628609
2304 0.633022
2432 0.637356
2560 0.641421
2688 0.645154
2816 0.648873
2944 0.6524
3072 0.655904
3200 0.659839
3328 0.663187
3456 0.6665
3584 0.67467
3712 0.677925
3840 0.680182
3968 0.682043
4096 0.683844
4224 0.685464
4352 0.686861
4480 0.688744
4608 0.69004
4736 0.691226
4864 0.693007
4992 0.694183
5120 0.694872
5248 0.694984
5376 0.697517
5504 0.697583
5632 0.699645
