0 0.4811
128 0.495909
256 0.507878
384 0.518839
512 0.529387
640 0.539368
768 0.548717
896 0.557593
1024 0.565682
1152 0.57341
1280 0.581059
1408 0.588347
1536 0.59529
1664 0.601452
1792 0.606769
1920 0.611958
2048 0.617037
2176 0.621947
2304 0.626752
2432 0.631542
2560 0.636165
2688 0.640664
2816 0.644832
2944 0.650166
3072 0.653979
3200 0.657431
3328 0.660779
3456 0.664025
3584 0.66714
3712 0.669954
3840 0.672752
3968 0.675443
4096 0.677765
4224 0.679827
4352 0.681859
4480 0.683125
4608 0.684278
4736 0.685276
4864 0.686673
4992 0.68761
5120 0.688451
5248 0.69265
5376 0.693596
5504 0.694285
5632 0.69472
5760 0.69508
5888 0.695136
6016 0.69516
