0 0.500054
128 0.521185
256 0.536082
384 0.548197
512 0.560121
640 0.56855
768 0.576803
896 0.584597
1024 0.595778
1152 0.603155
1280 0.609759
1408 0.616221
1536 0.62264
1664 0.628793
1792 0.634657
1920 0.640404
2048 0.645775
2176 0.65074
2304 0.654651
2432 0.660699
2560 0.66567
2688 0.669514
2816 0.673336
2944 0.676327
3072 0.683036
3200 0.685834
3328 0.687836
3456 0.692477
3584 0.694097
3712 0.695656
3840 0.699382
3968 0.700777
4096 0.702125
4224 0.703069
4352 0.7042
4480 0.705568
4608 0.706318
4736 0.707366
4864 0.70944
4992 0.710103
5120 0.710711
5248 0.712742
5376 0.714777
5504 0.715152
5632 0.715264
