0 0.545895
128 0.558599
256 0.569615
384 0.580431
512 0.590658
640 0.598988
768 0.605037
896 0.611015
1024 0.616891
1152 0.622638
1280 0.628327
1408 0.635819
1536 0.641449
1664 0.646417
1792 0.651381
1920 0.656313
2048 0.660648
2176 0.664885
2304 0.669042
2432 0.672736
2560 0.676297
2688 0.679444
2816 0.682342
2944 0.684815
3072 0.687226
3200 0.689261
3328 0.691281
3456 0.693199
3584 0.695434
3712 0.697573
3840 0.69948
3968 0.700178
4096 0.701996
4224 0.703344
4352 0.703919
4480 0.704444
4608 0.707283
4736 0.707718
4864 0.708061
