0 0.506316
128 0.520062
256 0.532354
384 0.544497
512 0.553745
640 0.562981
768 0.57027
896 0.577464
1024 0.583886
1152 0.590025
1280 0.596069
1408 0.601945
1536 0.607434
1664 0.612843
1792 0.617707
1920 0.622466
2048 0.627222
2176 0.631556
2304 0.635568
2432 0.639412
2560 0.643148
2688 0.650624
2816 0.654893
2944 0.660072
3072 0.665621
3200 0.669212
3328 0.673598
3456 0.677439
3584 0.682546
3712 0.685818
3840 0.689031
3968 0.69466
4096 0.6975
4224 0.700153
4352 0.702215
4480 0.704229
4608 0.706303
4736 0.707922
4864 0.709453
4992 0.710519
5120 0.71147
5248 0.712413
5376 0.713544
5504 0.714301
5632 0.714963
5760 0.715058
5888 0.715121
6016 0.716139
6144 0.717491
6272 0.723258
6400 0.723277
6528 0.723279
