0 0.468883
128 0.484186
256 0.496013
384 0.507588
512 0.518707
640 0.52874
768 0.538221
896 0.547111
1024 0.555436
1152 0.563609
1280 0.571149
1408 0.578438
1536 0.585111
1664 0.590554
1792 0.595358
1920 0.600035
2048 0.604676
2176 0.612469
2304 0.616656
2432 0.622653
2560 0.626588
2688 0.630504
2816 0.634308
2944 0.637859
3072 0.641137
3200 0.644171
3328 0.647127
3456 0.65008
3584 0.65277
3712 0.655004
3840 0.656881
3968 0.658741
4096 0.660545
4224 0.662246
4352 0.663866
4480 0.665304
4608 0.674611
4736 0.676024
4864 0.677499
4992 0.678847
5120 0.679784
5248 0.68064
5376 0.684339
5504 0.685028
5632 0.685636
5760 0.688595
5888 0.689958
6016 0.690533
6144 0.691017
6272 0.692634
6400 0.694436
6528 0.695502
6656 0.696929
6784 0.69962
6912 0.700055
7040 0.70015
7168 0.700168
7296 0.703518
