0 0.46946
128 0.483164
256 0.496419
384 0.509141
512 0.521123
640 0.532635
768 0.544131
896 0.553779
1024 0.563418
1152 0.572437
1280 0.582977
1408 0.591149
1536 0.599237
1664 0.607148
1792 0.61409
1920 0.620908
2048 0.62758
2176 0.63414
2304 0.640381
2432 0.64642
2560 0.652453
2688 0.6577
2816 0.662785
2944 0.666628
3072 0.670269
3200 0.673581
3328 0.676709
3456 0.679548
3584 0.682382
3712 0.68738
3840 0.689409
3968 0.691202
4096 0.692936
4224 0.694571
4352 0.69618
4480 0.702037
4608 0.703918
4736 0.704864
4864 0.705801
4992 0.706499
5120 0.709186
5248 0.710534
5376 0.711223
5504 0.711885
5632 0.71246
5760 0.712852
5888 0.712948
6016 0.713165
6144 0.714097
6272 0.718027
6400 0.718047
