0 0.513403
128 0.529972
256 0.542694
384 0.552283
512 0.560911
640 0.56827
768 0.575021
896 0.581351
1024 0.587541
1152 0.593702
1280 0.599772
1408 0.605215
1536 0.610628
1664 0.615894
1792 0.621143
1920 0.626241
2048 0.631168
2176 0.636038
2304 0.640336
2432 0.644481
2560 0.651245
2688 0.655089
2816 0.658913
2944 0.662735
3072 0.666547
3200 0.671394
3328 0.677031
3456 0.679707
3584 0.682182
3712 0.684505
3840 0.686567
3968 0.688569
4096 0.690219
4224 0.691854
4352 0.693222
4480 0.694539
4608 0.695391
4736 0.702842
4864 0.703692
4992 0.705854
5120 0.710391
5248 0.711196
5376 0.711865
5504 0.7139
5632 0.714132
5760 0.714265
