0 0.47909
128 0.4907
256 0.501729
384 0.511835
512 0.521853
640 0.531431
768 0.540219
896 0.548544
1024 0.556768
1152 0.564898
1280 0.57157
1408 0.578079
1536 0.584408
1664 0.590569
1792 0.596564
1920 0.602514
2048 0.608236
2176 0.613783
2304 0.619042
2432 0.624184
2560 0.62915
2688 0.633942
2816 0.638586
2944 0.643221
3072 0.647795
3200 0.651639
3328 0.655423
3456 0.659065
3584 0.662624
3712 0.666153
3840 0.668519
3968 0.670669
4096 0.672743
4224 0.674603
4352 0.6761
4480 0.67907
4608 0.681046
4736 0.682279
4864 0.683466
4992 0.684532
5120 0.685512
5248 0.686371
5376 0.692833
5504 0.697395
5632 0.698093
5760 0.701014
5888 0.704069
6016 0.705418
6144 0.706106
6272 0.706768
6400 0.70727
6528 0.707573
6656 0.707685
6784 0.707767
6912 0.707829
