0 0.488568
128 0.505899
256 0.521576
384 0.536909
512 0.548759
640 0.560426
768 0.571959
896 0.582895
1024 0.591683
1152 0.597488
1280 0.603254
1408 0.610292
1536 0.615893
1664 0.621302
1792 0.62661
1920 0.631737
2048 0.636702
2176 0.640714
2304 0.644557
2432 0.64837
2560 0.651961
2688 0.654914
2816 0.657812
2944 0.660667
3072 0.663313
3200 0.667131
3328 0.669454
3456 0.671697
3584 0.673663
3712 0.680417
3840 0.684287
3968 0.686246
4096 0.68924
4224 0.691101
4352 0.692894
4480 0.694514
4608 0.696085
4736 0.697615
4864 0.699027
4992 0.700914
5120 0.702262
5248 0.703199
5376 0.704121
5504 0.70481
5632 0.705429
5760 0.705931
5888 0.711419
6016 0.711856
6144 0.711997
