0 0.489695
128 0.507184
256 0.519427
384 0.531002
512 0.542177
640 0.551776
768 0.559034
896 0.565681
1024 0.572063
1152 0.578273
1280 0.585614
1408 0.591537
1536 0.596945
1664 0.602295
1792 0.610395
1920 0.616166
2048 0.623275
2176 0.629612
2304 0.634733
2432 0.639823
2560 0.644395
2688 0.648219
2816 0.652041
2944 0.655854
3072 0.659558
3200 0.662894
3328 0.666041
3456 0.6691
3584 0.672003
3712 0.675847
3840 0.678645
3968 0.680598
4096 0.686623
4224 0.688406
4352 0.690064
4480 0.692591
4608 0.695266
4736 0.697742
4864 0.699361
4992 0.700758
5120 0.70182
5248 0.702657
5376 0.703462
5504 0.704267
5632 0.704777
5760 0.705212
5888 0.705592
6016 0.706836
6144 0.707097
6272 0.707115
6400 0.713157
6528 0.713288
