0 0.490881
128 0.5039
256 0.515556
384 0.527167
512 0.536962
640 0.545792
768 0.554166
896 0.56249
1024 0.570617
1152 0.577673
1280 0.584715
1408 0.591658
1536 0.598425
1664 0.605097
1792 0.610899
1920 0.616616
2048 0.621723
2176 0.62658
2304 0.632437
2432 0.637155
2560 0.641837
2688 0.645908
2816 0.649862
2944 0.65547
3072 0.659282
3200 0.662538
3328 0.665685
3456 0.669067
3584 0.671904
3712 0.674703
3840 0.677299
3968 0.679826
4096 0.682501
4224 0.684977
4352 0.687056
4480 0.688858
4608 0.690477
4736 0.691937
4864 0.6933
4992 0.695833
5120 0.697103
5248 0.698041
5376 0.698619
5504 0.700817
5632 0.702073
5760 0.70961
5888 0.711684
6016 0.712015
6144 0.71349
6272 0.714676
