0 0.493366
128 0.5065
256 0.517022
384 0.527025
512 0.536723
640 0.545272
768 0.553433
896 0.561345
1024 0.569128
1152 0.576536
1280 0.583664
1408 0.590707
1536 0.596737
1664 0.602698
1792 0.608588
1920 0.615531
2048 0.621113
2176 0.626556
2304 0.631805
2432 0.636478
2560 0.641052
2688 0.64528
2816 0.649244
2944 0.653188
3072 0.657037
3200 0.660855
3328 0.66466
3456 0.668265
3584 0.671777
3712 0.675032
3840 0.677735
3968 0.680431
4096 0.684927
4224 0.688271
4352 0.690441
4480 0.693422
4608 0.695469
4736 0.69733
4864 0.699158
4992 0.700713
5120 0.702183
5248 0.70345
5376 0.704255
5504 0.704492
5632 0.70814
5760 0.710551
5888 0.710663
6016 0.713197
6144 0.713217
