0 0.524296
128 0.5358
256 0.546926
384 0.55767
512 0.567466
640 0.577202
768 0.586454
896 0.594182
1024 0.601166
1152 0.608109
1280 0.61446
1408 0.620303
1536 0.626043
1664 0.631514
1792 0.63631
1920 0.641354
2048 0.646855
2176 0.650702
2304 0.654524
2432 0.658173
2560 0.661732
2688 0.665271
2816 0.668582
2944 0.671822
3072 0.67415
3200 0.679427
3328 0.681644
3456 0.683582
3584 0.685341
3712 0.686709
3840 0.688026
3968 0.68929
4096 0.690505
4224 0.69099
4352 0.691338
4480 0.691495
4608 0.691607
4736 0.691673
