0 0.436089
128 0.451391
256 0.467858
384 0.48031
512 0.492638
640 0.503658
768 0.514575
896 0.525472
1024 0.535699
1152 0.545305
1280 0.554583
1408 0.563515
1536 0.571843
1664 0.579753
1792 0.587511
1920 0.594837
2048 0.601527
2176 0.607441
2304 0.613012
2432 0.618383
2560 0.623403
2688 0.628371
2816 0.633277
2944 0.637964
3072 0.642587
3200 0.646813
3328 0.656545
3456 0.66225
3584 0.666185
3712 0.669477
3840 0.672314
3968 0.674979
4096 0.681401
4224 0.685428
4352 0.688081
4480 0.690635
4608 0.693739
4736 0.696264
4864 0.698507
4992 0.700414
5120 0.700988
5248 0.701505
5376 0.706612
5504 0.707025
5632 0.710491
5760 0.710884
5888 0.711029
6016 0.711049
