0 0.499682
128 0.516108
256 0.527912
384 0.538838
512 0.546433
640 0.553718
768 0.560761
896 0.567258
1024 0.573439
1152 0.579341
1280 0.588093
1408 0.593931
1536 0.599699
1664 0.605336
1792 0.610919
1920 0.616473
2048 0.621461
2176 0.625832
2304 0.62998
2432 0.634257
2560 0.638265
2688 0.64221
2816 0.646126
2944 0.649948
3072 0.653467
3200 0.656722
3328 0.659198
3456 0.66166
3584 0.664066
3712 0.666309
3840 0.66834
3968 0.670369
4096 0.672393
4224 0.67371
4352 0.67457
4480 0.675302
4608 0.676
4736 0.676436
4864 0.6767
4992 0.678635
5120 0.681047
5248 0.681293
5376 0.682798
5504 0.686217
5632 0.686322
5760 0.686357
5888 0.690109
6016 0.69756
