0 0.494789
128 0.50642
256 0.517979
384 0.528976
512 0.538919
640 0.5488
768 0.556889
896 0.564737
1024 0.572463
1152 0.579907
1280 0.586924
1408 0.593346
1536 0.599376
1664 0.60529
1792 0.610966
1920 0.616374
2048 0.621559
2176 0.628227
2304 0.633307
2432 0.637983
2560 0.64249
2688 0.646872
2816 0.650789
2944 0.654137
3072 0.65684
3200 0.659365
3328 0.661742
3456 0.66769
3584 0.669731
3712 0.676459
3840 0.678491
3968 0.680366
4096 0.682691
4224 0.684425
4352 0.686049
4480 0.687542
4608 0.688939
4736 0.690154
4864 0.691134
4992 0.691966
5120 0.692774
5248 0.695614
5376 0.696276
5504 0.696577
5632 0.698538
5760 0.703211
5888 0.706466
6016 0.708326
6144 0.708472
6272 0.708553
6400 0.708615
6528 0.710643
6656 0.71185
6784 0.716473
