0 0.516678
128 0.528647
256 0.5398
384 0.549498
512 0.55843
640 0.567298
768 0.574426
896 0.581449
1024 0.587912
1152 0.594035
1280 0.600122
1408 0.606152
1536 0.611823
1664 0.617371
1792 0.622867
1920 0.628046
2048 0.635413
2176 0.640184
2304 0.644856
2432 0.648724
2560 0.65305
2688 0.656611
2816 0.660158
2944 0.664881
3072 0.669135
3200 0.673363
3328 0.676882
3456 0.680375
3584 0.685395
3712 0.68865
3840 0.694188
3968 0.697027
4096 0.69958
4224 0.702685
4352 0.704902
4480 0.706964
4608 0.709043
4736 0.710436
4864 0.711804
4992 0.713152
5120 0.714386
5248 0.715602
5376 0.716669
5504 0.71767
5632 0.723075
5760 0.724012
5888 0.724587
6016 0.72489
6144 0.725002
6272 0.725083
6400 0.725103
