0 0.516982
128 0.527975
256 0.538106
384 0.546739
512 0.554999
640 0.563124
768 0.571212
896 0.57907
1024 0.586721
1152 0.593368
1280 0.599909
1408 0.605656
1536 0.610966
1664 0.61615
1792 0.621292
1920 0.626027
2048 0.630703
2176 0.635376
2304 0.639999
2432 0.644537
2560 0.648938
2688 0.65332
2816 0.657695
2944 0.661911
3072 0.666068
3200 0.670157
3328 0.674221
3456 0.677764
3584 0.681608
3712 0.685113
3840 0.688613
3968 0.691885
4096 0.697006
4224 0.700168
4352 0.703308
4480 0.706011
4608 0.707871
4736 0.709606
4864 0.711177
4992 0.712673
5120 0.713674
5248 0.714249
5376 0.714641
5504 0.715004
5632 0.71522
5760 0.715513
