0 0.457781
128 0.4723
256 0.485751
384 0.497858
512 0.509604
640 0.52103
768 0.530511
896 0.538365
1024 0.545806
1152 0.553246
1280 0.560666
1408 0.567955
1536 0.57501
1664 0.581679
1792 0.587999
1920 0.594101
2048 0.600143
2176 0.606057
2304 0.611868
2432 0.617551
2560 0.62296
2688 0.62813
2816 0.632771
2944 0.636524
3072 0.641761
3200 0.649142
3328 0.65425
3456 0.658714
3584 0.662527
3712 0.666222
3840 0.66987
3968 0.672395
4096 0.674592
4224 0.676616
4352 0.679547
4480 0.684355
4608 0.686258
4736 0.687444
4864 0.68839
4992 0.689314
5120 0.690933
5248 0.691683
5376 0.692814
5504 0.693476
5632 0.693911
5760 0.694007
5888 0.694062
