0 0.530592
128 0.542462
256 0.554209
384 0.56455
512 0.57442
640 0.582798
768 0.590791
896 0.598594
1024 0.606243
1152 0.613849
1280 0.621096
1408 0.62781
1536 0.634457
1664 0.639866
1792 0.64489
1920 0.649854
2048 0.654659
2176 0.658503
2304 0.661736
2432 0.664633
2560 0.667307
2688 0.672099
2816 0.674752
2944 0.677285
3072 0.679761
3200 0.682911
3328 0.685531
3456 0.68715
3584 0.68863
3712 0.690105
3840 0.691505
3968 0.692823
4096 0.693957
4224 0.694803
4352 0.700896
4480 0.701381
4608 0.701682
4736 0.705381
4864 0.708942
4992 0.710761
5120 0.712109
5248 0.713295
5376 0.7135
5504 0.713687
5632 0.714122
5760 0.714227
