0 0.481567
128 0.500145
256 0.512848
384 0.524288
512 0.534715
640 0.544402
768 0.553654
896 0.562297
1024 0.570514
1152 0.578609
1280 0.586613
1408 0.594485
1536 0.601807
1664 0.609115
1792 0.616149
1920 0.622763
2048 0.629499
2176 0.634634
2304 0.639232
2432 0.643666
2560 0.647531
2688 0.651688
2816 0.654585
2944 0.657383
3072 0.660086
3200 0.66216
3328 0.664071
3456 0.665868
3584 0.667591
3712 0.669103
3840 0.670578
3968 0.671973
4096 0.674007
4224 0.675211
4352 0.679558
4480 0.680533
4608 0.68368
4736 0.684554
4864 0.686771
4992 0.688326
5120 0.689015
5248 0.689357
5376 0.68966
5504 0.689959
5632 0.693515
5760 0.693761
5888 0.693906
6016 0.693971
6144 0.696033
6272 0.696053
