0 0.486226
128 0.498717
256 0.510021
384 0.520756
512 0.531072
640 0.539924
768 0.548282
896 0.556192
1024 0.567874
1152 0.575186
1280 0.581462
1408 0.587735
1536 0.594552
1664 0.600925
1792 0.606836
1920 0.612339
2048 0.622076
2176 0.62736
2304 0.632331
2432 0.637241
2560 0.641764
2688 0.648356
2816 0.651917
2944 0.655209
3072 0.658489
3200 0.661744
3328 0.665288
3456 0.669131
3584 0.672336
3712 0.675501
3840 0.681964
3968 0.684861
4096 0.687662
4224 0.690454
4352 0.693185
4480 0.695508
4608 0.697547
4736 0.699582
4864 0.701457
4992 0.703275
5120 0.705009
5248 0.70663
5376 0.707993
5504 0.709341
5632 0.710091
5760 0.712105
5888 0.714179
6016 0.714841
6144 0.715357
6272 0.720465
6400 0.72056
6528 0.720578
6656 0.72662
6784 0.72821
6912 0.728735
7040 0.731574
