0 0.49982
128 0.519204
256 0.533186
384 0.546898
512 0.556813
640 0.565547
768 0.573925
896 0.582059
1024 0.589845
1152 0.597627
1280 0.604506
1408 0.610893
1536 0.61666
1664 0.622422
1792 0.629127
1920 0.634832
2048 0.64008
2176 0.645303
2304 0.650107
2432 0.655427
2560 0.66087
2688 0.664714
2816 0.668558
2944 0.672226
3072 0.676038
3200 0.679686
3328 0.682858
3456 0.685674
3584 0.689842
3712 0.692164
3840 0.694193
3968 0.696053
4096 0.697421
4224 0.698698
4352 0.700755
4480 0.704013
4608 0.70836
4736 0.709298
4864 0.709986
4992 0.710578
5120 0.710908
5248 0.714545
