0 0.49737
128 0.511002
256 0.523219
384 0.533716
512 0.544336
640 0.554035
768 0.563704
896 0.573297
1024 0.582778
1152 0.590025
1280 0.597592
1408 0.604101
1536 0.61109
1664 0.617051
1792 0.622776
1920 0.628228
2048 0.633636
2176 0.638649
2304 0.644513
2432 0.649277
2560 0.65312
2688 0.656712
2816 0.660271
2944 0.663394
3072 0.666509
3200 0.669348
3328 0.672147
3456 0.674765
3584 0.676827
3712 0.678866
3840 0.680568
3968 0.682192
4096 0.683855
4224 0.687261
4352 0.688447
4480 0.689426
4608 0.694977
4736 0.695675
4864 0.696364
4992 0.696865
5120 0.702337
5248 0.702772
