1 0.50207192
2 0.50364115
3 0.50563593
4 0.50738437
5 0.50919697
6 0.51104679
7 0.51319596
8 0.51470538
9 0.5160052
10 0.51824939
11 0.51944275
12 0.52099123
13 0.52254339
14 0.52383717
15 0.52510409
16 0.5264624
17 0.52787649
18 0.52948884
19 0.53119416
20 0.53249038
21 0.53403112
22 0.53545433
23 0.53659168
24 0.53798226
25 0.53937308
26 0.54043095
27 0.54154867
28 0.54305987
29 0.54441633
30 0.54579643
31 0.54675253
32 0.54823272
33 0.54929497
34 0.55023051
35 0.55149454
36 0.55271189
37 0.55375218
38 0.55493481
39 0.55619368
40 0.55690012
41 0.55806163
42 0.55879061
43 0.55957574
44 0.5601731
45 0.56109349
46 0.56196386
47 0.56261959
48 0.56320969
49 0.56404143
50 0.56498785
51 0.56599806
52 0.56659835
53 0.56733954
54 0.56825183
55 0.56903928
56 0.56993418
57 0.57061765
58 0.57147138
59 0.57217502
60 0.57303266
61 0.57371322
62 0.57462953
63 0.5754556
64 0.57613283
65 0.57676004
66 0.57747713
67 0.57828392
68 0.57926196
69 0.58011814
70 0.58086651
71 0.58162081
72 0.58256476
73 0.58301324
74 0.58367532
75 0.58435556
76 0.58538432
77 0.58592085
78 0.58648189
79 0.58690756
80 0.5872685
81 0.5879844
82 0.58868555
83 0.58923217
84 0.5897536
85 0.59027248
86 0.59088249
87 0.59149699
88 0.59208789
89 0.59254394
90 0.59313461
91 0.59377493
92 0.59414103
93 0.59462245
94 0.59523363
95 0.59552853
96 0.59596914
97 0.59649317
98 0.59719882
99 0.597739
100 0.59813203
101 0.59843705
102 0.59888902
103 0.59937379
104 0.59988828
105 0.60013722
106 0.60048754
107 0.60094493
108 0.60134922
109 0.60169044
110 0.60237144
111 0.60297126
112 0.60332716
113 0.60361271
114 0.60420985
115 0.604606
116 0.60530381
117 0.6058808
118 0.60658203
119 0.6071476
120 0.60757855
121 0.60799452
122 0.60840089
123 0.60890307
124 0.60922623
125 0.60957557
126 0.6100516
127 0.61048334
128 0.61099896
129 0.6113792
130 0.61170739
131 0.61244952
132 0.61268721
133 0.61285411
134 0.61324776
135 0.61365439
136 0.61419937
137 0.61461
138 0.61494419
139 0.61540569
140 0.61570522
141 0.61598316
142 0.61622549
143 0.61665417
144 0.61693924
145 0.61732354
146 0.61787835
147 0.61819984
148 0.61856474
149 0.61880705
150 0.61894144
151 0.61930521
152 0.61957715
153 0.61991081
154 0.62029166
155 0.6207718
156 0.62116666
157 0.62131375
158 0.62160823
159 0.62199945
160 0.62225019
161 0.62257037
162 0.62278718
163 0.62301958
164 0.62324292
165 0.62361448
166 0.62399892
167 0.62434611
168 0.62456784
169 0.62499599
170 0.62540749
171 0.62566098
172 0.62615212
173 0.62656217
174 0.6268056
175 0.62697539
176 0.62717252
177 0.62745285
178 0.62774483
179 0.62819331
180 0.62872023
181 0.62895018
182 0.62915631
183 0.62933765
184 0.62947201
185 0.62975187
186 0.63012317
187 0.63058667
188 0.63073307
189 0.63098928
190 0.63132836
191 0.63159279
192 0.63177375
193 0.63205769
194 0.63240423
195 0.63258035
196 0.63282201
197 0.63309132
198 0.63336236
199 0.6335313
200 0.63371382
201 0.63424922
202 0.63443162
203 0.63466688
204 0.63497701
205 0.63517533
206 0.63543876
207 0.63575961
208 0.63596789
209 0.63626883
210 0.63651423
211 0.63671437
212 0.63690984
213 0.63713316
214 0.63731695
215 0.63756508
216 0.63771252
217 0.63806408
218 0.63833655
219 0.63855704
220 0.63869111
221 0.63884561
222 0.63902029
223 0.6392087
224 0.639419
225 0.63952285
226 0.63971425
227 0.6401592
228 0.64024652
229 0.64042992
230 0.6407217
231 0.64083371
232 0.64095705
233 0.64128569
234 0.64151221
235 0.64170306
236 0.64190086
237 0.6420548
238 0.6422268
239 0.64255816
240 0.64285713
241 0.64300663
242 0.64330526
243 0.64351303
244 0.64377102
245 0.64401191
246 0.6441461
247 0.64418434
248 0.6442883
249 0.64447829
250 0.64478314
251 0.64499266
252 0.64534547
253 0.64540803
254 0.64559632
255 0.64585922
256 0.64615906
257 0.64630856
258 0.64655442
259 0.64677781
260 0.64701374
261 0.64720905
262 0.64738876
263 0.64766325
264 0.64782934
265 0.64805452
266 0.64831915
267 0.64838492
268 0.6484391
269 0.64858693
270 0.64880324
271 0.64910906
272 0.64933896
273 0.64953516
274 0.64961286
275 0.64977576
276 0.65004239
277 0.65028072
278 0.65043342
279 0.65068891
280 0.65077585
281 0.65088255
282 0.65100026
283 0.65123507
284 0.65146307
285 0.65159012
286 0.65176761
287 0.65181596
288 0.65189684
289 0.65197321
290 0.65225484
291 0.65239355
292 0.65258209
293 0.65290987
294 0.65315205
295 0.65336696
296 0.65351869
297 0.65372198
298 0.6537954
299 0.65399928
300 0.65421532
301 0.65440645
302 0.65450728
303 0.65459247
304 0.65480139
305 0.65495574
306 0.65518639
307 0.65541672
308 0.65559697
309 0.6556685
310 0.65587155
311 0.65596561
312 0.65608499
313 0.65621727
314 0.65632583
315 0.6564425
316 0.65661196
317 0.6567407
318 0.65691749
319 0.6570723
320 0.65713919
321 0.65731771
322 0.6573749
323 0.65753759
324 0.65773228
325 0.65797854
326 0.65814183
327 0.65826117
328 0.65837553
329 0.65842213
330 0.65869
331 0.65890495
332 0.65908956
333 0.6592467
334 0.6593296
335 0.65951679
336 0.65965345
337 0.65982939
338 0.65999509
339 0.66003558
340 0.66022021
341 0.66030113
342 0.66042241
343 0.66053448
344 0.66076497
345 0.6608875
346 0.66095538
347 0.66107788
348 0.66121668
349 0.66131104
350 0.66135937
351 0.66153074
352 0.66164145
353 0.66179566
354 0.66194182
355 0.66203606
356 0.66218444
357 0.6623124
358 0.66239021
359 0.66241597
360 0.66249386
361 0.66263108
362 0.66273773
363 0.66280513
364 0.66289615
365 0.66302354
366 0.66305952
367 0.66319394
368 0.66342385
369 0.66356384
370 0.66364561
371 0.66382389
372 0.66401715
373 0.66409452
374 0.6642065
375 0.66431957
376 0.66439945
377 0.66454333
378 0.66466932
379 0.66478674
380 0.665006
381 0.66512693
382 0.6652803
383 0.66533434
384 0.66540766
385 0.66542622
386 0.66556995
387 0.66567877
388 0.66571345
389 0.66584664
390 0.66603588
391 0.66612345
392 0.66619119
393 0.66637059
394 0.66654631
395 0.6668054
396 0.6668876
397 0.66694836
398 0.66703689
399 0.6671129
400 0.66720844
401 0.66735935
402 0.66767941
403 0.66784905
404 0.66814644
405 0.66815368
406 0.6684159
407 0.66857359
408 0.66875531
409 0.66879652
410 0.66900392
411 0.66914809
412 0.66923519
413 0.66937117
414 0.66947094
415 0.66957522
416 0.66975197
417 0.66981555
418 0.66989525
419 0.67000308
420 0.67009549
421 0.6701797
422 0.67026787
423 0.67042494
424 0.67048099
425 0.6705123
426 0.67074946
427 0.67085126
428 0.67094625
429 0.67112075
430 0.67122334
431 0.67130319
432 0.67140344
433 0.67150696
434 0.67159609
435 0.67165277
436 0.67197157
437 0.6720566
438 0.67220525
439 0.67239806
440 0.67247775
441 0.67259817
442 0.67263761
443 0.67270685
444 0.67281593
445 0.67293014
446 0.67305643
447 0.67312772
448 0.67319561
449 0.67321396
450 0.67330656
451 0.67332092
452 0.67332273
453 0.67341038
454 0.67353073
455 0.67360034
456 0.67378305
457 0.67379498
458 0.67388333
459 0.67405526
460 0.67415384
461 0.67423829
462 0.67426702
463 0.67436916
464 0.674462
465 0.67465465
466 0.67471939
467 0.67489736
468 0.6749913
469 0.67509017
470 0.67523421
471 0.67535061
472 0.6754535
473 0.6755591
474 0.67575375
475 0.67576472
476 0.6760266
477 0.67611971
478 0.67620365
479 0.67626005
480 0.67635683
481 0.67642114
482 0.67652063
483 0.67653143
484 0.67658943
485 0.67665179
486 0.67670842
487 0.67685453
488 0.67693776
489 0.67707688
490 0.67707932
492 0.67712172
493 0.67725091
494 0.67736124
495 0.67745332
496 0.6774628
498 0.67752014
499 0.67760666
500 0.67776339
501 0.67779288
502 0.67785037
503 0.67789248
504 0.67796333
505 0.67812022
506 0.67822689
507 0.67831417
508 0.67843783
509 0.67850293
510 0.67859337
511 0.67860006
512 0.67861168
513 0.67870156
514 0.67876461
515 0.67881623
516 0.67881937
517 0.67890237
518 0.67907182
519 0.67910741
520 0.67913167
521 0.67922192
522 0.6793048
523 0.67940987
524 0.67942289
525 0.67950232
526 0.67960568
527 0.67961283
528 0.67971797
529 0.67982844
530 0.67987493
531 0.67996509
532 0.67999323
533 0.68010892
534 0.68017428
535 0.68026832
536 0.68043761
537 0.68047175
538 0.68052882
539 0.68063185
540 0.68069222
541 0.68080866
542 0.68090683
543 0.68090962
544 0.68096015
545 0.68112152
546 0.68122633
547 0.68128119
548 0.68145127
549 0.68155988
550 0.68162748
551 0.6816643
552 0.68177517
553 0.68183843
554 0.68187524
555 0.68189481
556 0.68198637
557 0.68209904
558 0.6821483
559 0.68221709
560 0.68227388
561 0.68230894
562 0.68239174
563 0.68252276
564 0.68258552
565 0.68267814
566 0.68276013
567 0.68280263
568 0.68290595
569 0.68297232
570 0.68301848
571 0.68312262
572 0.68318283
573 0.68334845
574 0.68338311
575 0.68338571
576 0.68348886
577 0.68356384
578 0.68361358
579 0.68372439
580 0.68384629
581 0.68391144
582 0.68397457
583 0.68409536
584 0.68421089
585 0.68421928
586 0.68435054
587 0.68436138
588 0.68444007
589 0.68445378
590 0.68449605
591 0.68461166
592 0.68476996
593 0.68480104
594 0.6848222
595 0.68487327
596 0.6848841
597 0.68493985
598 0.68509022
599 0.6851389
600 0.68528081
601 0.68545353
602 0.68548897
603 0.685505
604 0.68552169
605 0.68557437
606 0.68564872
607 0.68571242
608 0.68577355
609 0.68579128
610 0.68586953
611 0.68599542
612 0.686135
613 0.68618644
614 0.68619981
615 0.6862726
616 0.68634449
617 0.68641658
618 0.68649511
619 0.68666778
620 0.68668525
621 0.68678017
622 0.68692753
623 0.68693234
624 0.68703876
625 0.68705415
626 0.68707438
627 0.68716209
628 0.68723143
629 0.68730003
630 0.68735951
631 0.68744143
632 0.68750307
633 0.6875951
634 0.68768198
635 0.68769963
636 0.68777222
637 0.68789331
638 0.68792836
639 0.68804052
640 0.68804262
641 0.68806129
642 0.68806977
643 0.68808774
644 0.68810908
645 0.68815751
646 0.68818805
647 0.68819962
648 0.6882053
649 0.68831889
650 0.68837356
651 0.68845158
652 0.68846389
653 0.68860163
654 0.68866886
655 0.68875876
656 0.68877146
657 0.68888251
658 0.68889404
659 0.6889112
660 0.68904807
661 0.68909988
662 0.68916726
663 0.68927132
664 0.68933922
665 0.68941014
666 0.6894838
667 0.68954042
668 0.68965851
669 0.6896751
670 0.68970703
671 0.6897087
673 0.68973045
674 0.68978362
675 0.68986863
676 0.68986973
677 0.69001864
678 0.69011802
679 0.6901516
680 0.6901812
681 0.69034444
682 0.69042811
684 0.6904687
685 0.69052464
686 0.69061371
687 0.6906419
688 0.69068374
689 0.69082322
690 0.69096283
691 0.69105492
692 0.69109841
693 0.69111344
694 0.69115329
695 0.69121462
696 0.69134486
697 0.69136222
698 0.69139169
699 0.69144545
700 0.69153965
701 0.69156256
702 0.69164812
703 0.6916503
704 0.69169451
705 0.69180344
706 0.69189924
707 0.69195009
708 0.69200283
710 0.69201035
711 0.69201419
712 0.69204943
714 0.69205463
715 0.69209031
716 0.69211354
717 0.6921742
718 0.69218437
719 0.69224151
720 0.69233419
721 0.69236918
722 0.69238404
723 0.69239898
724 0.69246004
725 0.69251996
726 0.69258214
727 0.69264127
728 0.69265313
729 0.69270216
731 0.69278907
732 0.69284562
733 0.69296057
734 0.6929668
735 0.6929926
736 0.69302931
737 0.69311042
738 0.6932222
739 0.69324588
740 0.69324923
741 0.69330223
742 0.69337079
743 0.69339805
744 0.69342606
745 0.69343414
746 0.69353989
747 0.69354918
748 0.69361869
749 0.69364316
750 0.69367416
751 0.69371168
752 0.69372392
753 0.69372792
754 0.69376905
755 0.69379427
756 0.69385739
757 0.69389678
758 0.69390259
759 0.69390723
760 0.69399121
761 0.69405248
762 0.69410634
764 0.69417045
765 0.69422085
766 0.69424458
767 0.69435736
768 0.69441826
769 0.69448601
770 0.69451289
771 0.69455913
772 0.69466331
773 0.69468038
775 0.69471849
776 0.69478013
777 0.69481809
778 0.69486082
779 0.69488886
780 0.69491635
781 0.6949325
782 0.69494527
785 0.69496108
786 0.69501717
787 0.69504744
788 0.6951186
789 0.69513983
790 0.69528284
791 0.69533926
793 0.6953593
794 0.69543385
795 0.69550509
796 0.69556223
797 0.69563433
798 0.69566785
799 0.6956857
800 0.69571433
801 0.69573431
802 0.69573545
803 0.69574945
804 0.69576484
805 0.69579908
806 0.69589313
807 0.695924
808 0.69594735
809 0.69597059
810 0.69601709
811 0.69606099
812 0.69609049
813 0.69609512
814 0.69615982
815 0.69618895
816 0.69622329
817 0.69627329
818 0.69634495
819 0.69635387
820 0.69638067
821 0.69638668
822 0.69642335
823 0.6965312
824 0.69656203
825 0.69662747
826 0.69664024
827 0.69665683
828 0.69666941
829 0.69673868
831 0.69677196
832 0.69679395
833 0.6968151
834 0.69684741
835 0.69686106
836 0.69689625
837 0.69694337
838 0.69696637
839 0.69700709
840 0.69704203
841 0.69712717
843 0.6971313
844 0.69719949
845 0.69727758
846 0.69736834
847 0.69741851
848 0.6974214
849 0.69748024
850 0.69752675
851 0.69753743
852 0.69760665
853 0.69766306
854 0.69768629
855 0.69769895
856 0.69770993
857 0.69777386
858 0.69779037
859 0.69779188
860 0.6979283
862 0.69794649
863 0.69797236
864 0.69798806
865 0.69799735
866 0.69804158
867 0.6980999
868 0.69811695
869 0.69818872
870 0.69821375
871 0.69824457
872 0.69826121
873 0.69826363
874 0.69828437
875 0.698293
876 0.69830579
878 0.69831099
879 0.69832208
880 0.6983394
881 0.69839834
882 0.69841798
883 0.69845276
884 0.6984908
885 0.69850583
886 0.69851697
887 0.69854417
888 0.69862176
890 0.69865402
891 0.69867728
892 0.69872857
893 0.69880524
894 0.69886889
895 0.69891322
896 0.69896781
897 0.69896929
898 0.69897715
899 0.69899668
900 0.69901108
902 0.69906987
903 0.69915933
904 0.69916475
905 0.69923241
906 0.69923281
907 0.69927543
908 0.6992831
909 0.69930805
910 0.6993679
912 0.69938888
913 0.69940578
914 0.69945514
915 0.69948477
916 0.69949777
917 0.69958004
918 0.6996644
919 0.69967219
920 0.69969594
921 0.69972975
922 0.69980035
923 0.69982442
924 0.69988882
926 0.69995829
927 0.69998004
929 0.70003588
930 0.70010758
931 0.70012857
935 0.70014537
936 0.700187
937 0.70022355
938 0.70023461
940 0.70024412
941 0.70026646
943 0.70033193
944 0.70034324
945 0.70037202
946 0.70044556
947 0.70045629
948 0.70046997
949 0.70048357
950 0.7004867
951 0.70052181
952 0.70056947
953 0.70060896
954 0.70065724
955 0.70067503
956 0.70067988
958 0.70070564
960 0.70073934
961 0.70075638
962 0.70075741
963 0.70075989
964 0.70080359
965 0.70081551
966 0.70084217
967 0.70092831
968 0.70094782
969 0.70097796
970 0.70098208
971 0.70102907
973 0.70106675
974 0.70107665
975 0.70108862
977 0.70116058
978 0.70118084
979 0.70121644
981 0.70121905
982 0.70131238
983 0.70137012
984 0.70139409
985 0.70140307
986 0.70144821
987 0.70147299
988 0.70150739
989 0.70150924
990 0.70156878
991 0.7016129
992 0.70161769
993 0.70163487
994 0.70165572
995 0.7017122
996 0.70175897
997 0.70182945
999 0.70185548
1000 0.70187958
1001 0.70189532
1002 0.70193384
1003 0.70196025
1004 0.70201171
1005 0.70201596
1006 0.70205054
1007 0.70210647
1008 0.70213555
1009 0.70216523
1010 0.70218511
1011 0.70221487
1013 0.70223496
1014 0.70227667
1015 0.70230424
1016 0.70233399
1017 0.70236258
1018 0.70244018
1019 0.70245064
1020 0.70245619
1021 0.70247829
1022 0.70250939
1023 0.70255846
1024 0.70256278
1025 0.70257944
1026 0.70260128
1028 0.70264188
1029 0.70271524
1030 0.70272653
1031 0.70276068
1032 0.70278024
1033 0.70280394
1034 0.70286541
1037 0.70287308
1040 0.70289672
1041 0.70291294
1042 0.70292234
1044 0.70294071
1045 0.70296607
1046 0.7030049
1049 0.70304741
1050 0.70306829
1051 0.70313124
1053 0.70315983
1054 0.70317734
1055 0.70321013
1056 0.70323732
1057 0.70324721
1059 0.70327144
1060 0.70329311
1061 0.70333713
1062 0.70335608
1063 0.70340227
1064 0.70340733
1065 0.70340733
1066 0.70345421
1067 0.70346926
1069 0.70347426
1070 0.70352459
1071 0.70356535
1072 0.70357886
1075 0.70360024
1076 0.70360532
1077 0.7036366
1078 0.70367735
1079 0.70367823
1080 0.70372029
1081 0.70375866
1082 0.70383134
1083 0.70383717
1084 0.70384378
1085 0.70387527
1086 0.70392899
1087 0.70394291
1088 0.70395033
1090 0.70396663
1091 0.70397066
1092 0.70397097
1093 0.70402486
1095 0.70402697
1096 0.7040617
1098 0.70408951
1099 0.70409156
1101 0.70410228
1102 0.70416259
1103 0.70418573
1104 0.7042197
1105 0.70423724
1107 0.70427515
1108 0.7043253
1109 0.70438017
1110 0.70443124
1111 0.70445737
1112 0.70451641
1113 0.70452192
1115 0.70452506
1116 0.70454349
1117 0.70455679
1118 0.70456308
1119 0.70456327
1120 0.70456946
1121 0.70457848
1122 0.70463594
1123 0.70465259
1124 0.70465556
1126 0.70465797
1127 0.70469629
1128 0.70471123
1129 0.7047282
1130 0.70473422
1134 0.70474962
1135 0.7047915
1136 0.70480244
1137 0.70480671
1138 0.70480828
1139 0.70482698
1140 0.70483452
1143 0.70485815
1146 0.70490802
1149 0.70494109
1150 0.70499141
1152 0.70500311
1153 0.7050331
1155 0.70503664
1156 0.70506359
1157 0.70510968
1158 0.70514224
1159 0.70514483
1160 0.70517705
1161 0.70518851
1162 0.70523425
1164 0.70524665
1165 0.70527056
1166 0.70533034
1167 0.70541328
1168 0.70543144
1170 0.70551858
1171 0.70554676
1174 0.70558633
1175 0.70559033
1176 0.70563227
1178 0.7056626
1179 0.70567473
1180 0.70569753
1182 0.7057101
1183 0.705742
1185 0.7057644
1186 0.70576868
1187 0.70579701
1188 0.70585106
1189 0.70585903
1190 0.70586899
1191 0.7058753
1192 0.70591211
1193 0.70591271
1194 0.70592916
1195 0.70595155
1196 0.70596325
1197 0.70598086
1198 0.70600301
1199 0.70601541
1200 0.70604461
1202 0.706096
1204 0.70610086
1205 0.70611936
1206 0.70613631
1207 0.70615963
1208 0.70620515
1209 0.70621671
1210 0.70622694
1212 0.70623391
1213 0.70628706
1214 0.70633467
1215 0.70635088
1217 0.70636861
1218 0.70641361
1219 0.70641405
1220 0.70644482
1221 0.7064703
1222 0.70653462
1223 0.70654343
1225 0.7065591
1226 0.70656368
1228 0.70660029
1229 0.70661273
1230 0.70665521
1231 0.70667184
1232 0.70671658
1233 0.70682819
1234 0.70684818
1235 0.7068803
1237 0.70689854
1238 0.70695674
1239 0.70696123
1240 0.70696987
1242 0.70699292
1243 0.70700405
1244 0.7070367
1245 0.70703793
1246 0.70707865
1248 0.70708587
1249 0.70710337
1250 0.70711444
1251 0.70715374
1252 0.70717336
1253 0.70718787
1254 0.70720841
1255 0.70721383
1256 0.70727516
1257 0.70729385
1259 0.70731677
1260 0.7073303
1261 0.70736231
1262 0.70738424
1264 0.70739157
1265 0.70741359
1266 0.70741635
1267 0.70747716
1268 0.70748342
1269 0.70754294
1270 0.70755228
1271 0.70755322
1272 0.70761288
1273 0.70766983
1274 0.70767054
1275 0.70770136
1276 0.70778641
1278 0.70780274
1279 0.70781125
1280 0.70783017
1281 0.70783435
1282 0.70784517
1283 0.70784872
1285 0.70787031
1286 0.70788801
1288 0.70790143
1289 0.7079981
1291 0.70803579
1294 0.70805865
1296 0.70806657
1297 0.708076
1298 0.70808474
1299 0.70810664
1300 0.70816571
1301 0.70822082
1302 0.70826404
1303 0.70829377
1304 0.70830995
1305 0.70832919
1307 0.70833358
1308 0.70833577
1310 0.70835131
1311 0.708377
1312 0.7084128
1313 0.70842308
1314 0.70843343
1315 0.70845353
1316 0.70847583
1317 0.70850108
1318 0.7085286
1319 0.70853089
1320 0.70854536
1321 0.70856404
1322 0.70857343
1323 0.70857486
1324 0.70861517
1325 0.70861882
1326 0.70864965
1327 0.70865697
1328 0.70868648
1329 0.70869507
1330 0.70872745
1331 0.70874725
1334 0.70876022
1335 0.70882454
1336 0.7088398
1337 0.70885851
1338 0.70887174
1340 0.70887326
1341 0.70888853
1344 0.7089174
1345 0.7089317
1346 0.70894351
1347 0.70896376
1348 0.70898938
1349 0.70902113
1350 0.70904551
1351 0.70906688
1352 0.70912487
1353 0.70913576
1354 0.70917485
1355 0.70920886
1357 0.70922955
1360 0.70929224
1361 0.70930902
1364 0.70931166
1368 0.70931774
1369 0.70933172
1370 0.70938538
1371 0.70946665
1372 0.70949358
1376 0.70951185
1377 0.70953088
1378 0.70953264
1380 0.70956016
1381 0.70957906
1383 0.70960251
1385 0.70961605
1388 0.7096363
1389 0.70969035
1390 0.70970445
1392 0.70974359
1393 0.70976732
1394 0.70977714
1395 0.70978231
1397 0.70978833
1398 0.70980553
1399 0.70984362
1400 0.70987871
1403 0.70988469
1406 0.70988473
1408 0.70988738
1409 0.70988749
1410 0.70992229
1414 0.70995546
1415 0.7099783
1416 0.71000634
1417 0.71001713
1418 0.71002519
1420 0.71003127
1421 0.7100436
1422 0.71005171
1423 0.71005525
1424 0.71007703
1428 0.71013218
1429 0.71013909
1430 0.71020487
1434 0.7102163
1435 0.71021919
1436 0.71022666
1437 0.71024954
1439 0.71026781
1440 0.71031618
1441 0.71033017
1446 0.71033446
1447 0.71034392
1448 0.71037655
1449 0.71043794
1450 0.71047341
1451 0.71047633
1452 0.71050355
1453 0.71053144
1455 0.71054623
1456 0.71058641
1458 0.71059674
1459 0.71060094
1460 0.71063525
1465 0.71066964
1466 0.71067718
1468 0.71069495
1470 0.71070576
1474 0.71071301
1475 0.71071831
1476 0.71075019
1477 0.71077279
1478 0.71078103
1479 0.7108018
1480 0.71083696
1481 0.71091846
1483 0.71095555
1487 0.71096393
1488 0.71097275
1489 0.71102782
1491 0.71104807
1492 0.71105969
1493 0.71111171
1494 0.71114448
1495 0.71116065
1496 0.71117618
1498 0.71117683
1499 0.71119066
1502 0.71119828
1504 0.71126382
1508 0.7113201
1509 0.7113366
1510 0.71134137
1512 0.7113797
1513 0.71142495
1514 0.71146507
1515 0.71148161
1516 0.71148688
1517 0.71148855
1518 0.71150448
1520 0.7115129
1522 0.71151846
1523 0.71154664
1524 0.71154897
1525 0.71155095
1526 0.71155315
1527 0.71155503
1529 0.71155981
1530 0.71159264
1531 0.7116308
1534 0.71163936
1535 0.71164709
1536 0.71168094
1537 0.71170906
1538 0.71176892
1539 0.71178816
1540 0.71179177
1541 0.7117931
1542 0.71180434
1543 0.71182903
1545 0.71189933
1550 0.71194004
1552 0.71194266
1553 0.71194825
1555 0.71202026
1556 0.71202645
1557 0.71203638
1558 0.71208284
1559 0.71212928
1560 0.7121296
1561 0.71214751
1562 0.71214925
1563 0.71214947
1565 0.71214974
1567 0.71215532
1568 0.71216091
1570 0.71218725
1573 0.71221422
1576 0.71222726
1577 0.71223576
1582 0.71224082
1583 0.71226077
1584 0.7122985
1586 0.71230369
1587 0.71233117
1589 0.71233447
1592 0.71233977
1593 0.71237743
1594 0.71237877
1595 0.71238743
1598 0.71239377
1600 0.71239691
1601 0.71240242
1603 0.71241494
1605 0.71245787
1606 0.71254446
1608 0.7125583
1609 0.71258967
1610 0.71259089
1611 0.7125949
1612 0.71261354
1613 0.71263985
1614 0.71264016
1616 0.7126481
1617 0.71265514
1622 0.71267286
1625 0.71267506
1626 0.7126983
1628 0.71270875
1629 0.71270969
1633 0.71272075
1640 0.71272311
1642 0.71272714
1645 0.71273701
1647 0.71275592
1652 0.71276189
1653 0.71277285
1656 0.71277693
1658 0.7128057
1661 0.71281267
1663 0.71282039
1665 0.71282978
1668 0.71283538
1673 0.71283802
1674 0.71284745
1677 0.71285448
1678 0.71286272
1679 0.71290138
1682 0.71290315
1683 0.71290949
1685 0.71292675
1686 0.71292727
1688 0.71293671
1689 0.71296139
1691 0.71297707
1692 0.71298748
1697 0.7130324
1698 0.71304769
1699 0.7131296
1702 0.71318371
1704 0.71318603
1705 0.71320187
1710 0.71321826
1712 0.71323161
1713 0.71323348
1714 0.71326225
1716 0.71327481
1720 0.71328455
1722 0.71328532
1723 0.71328974
1724 0.71330021
1726 0.71332144
1727 0.71334615
1730 0.71338092
1731 0.71340798
1732 0.71342455
1733 0.71345843
1734 0.71346052
1735 0.71346522
1738 0.71349992
1741 0.71351129
1742 0.71353072
1743 0.71353871
1744 0.71356905
1745 0.71359571
1746 0.71365869
1750 0.71365888
1751 0.71367486
1765 0.71371145
1766 0.71374539
1767 0.71378184
1769 0.71378322
1770 0.71379881
1774 0.71380181
1775 0.71380384
1776 0.71380701
1777 0.71381343
1780 0.71383785
1781 0.71388107
1783 0.71388653
1784 0.71388658
1785 0.71390208
1786 0.71390931
1788 0.7139249
1789 0.71393525
1790 0.7139699
1791 0.71397897
1794 0.71400484
1795 0.71400713
1796 0.71401676
1798 0.71403156
1801 0.71404486
1803 0.71404669
1805 0.71405507
1806 0.71405873
1808 0.71406047
1813 0.71406917
1815 0.7140726
1821 0.71409094
1823 0.71413228
1824 0.71414802
1826 0.71415179
1828 0.71416107
1830 0.7141775
1832 0.71420133
1833 0.71421471
1834 0.71422531
1838 0.7142381
1840 0.71424456
1841 0.71425042
1843 0.71427039
1849 0.71427391
1852 0.71429956
1856 0.71433701
1858 0.71433753
1863 0.71434222
1866 0.7143446
1867 0.71436891
1871 0.71436896
1875 0.71439396
1876 0.71441422
1877 0.71441749
1879 0.71443838
1880 0.71444543
1885 0.71445924
1889 0.71446223
1890 0.71446273
1892 0.71446491
1895 0.71447962
1900 0.71448503
1902 0.71450751
1903 0.71451431
1905 0.71453961
1906 0.71454637
1907 0.71455743
1909 0.71456285
1917 0.71457463
1918 0.71458915
1922 0.71459976
1923 0.71460442
1927 0.71461727
1935 0.71462998
1937 0.71464336
1942 0.71465787
1949 0.71466576
1950 0.71467388
1955 0.71468364
1958 0.71470867
1961 0.71472192
1968 0.71476577
1969 0.71476754
1971 0.71476945
1976 0.71477509
1978 0.71477578
1986 0.71477615
1989 0.71482875
1990 0.71484853
1998 0.71486194
1999 0.71486801
2004 0.71487296
2006 0.71488708
2007 0.71489109
2010 0.7148991
2011 0.71490203
2014 0.7149352
2015 0.71494722
2018 0.71495732
2019 0.71499927
2021 0.71503568
2023 0.71504144
2024 0.71504187
2026 0.71505012
2033 0.71506863
2034 0.71506925
2037 0.71509318
2040 0.71510942
2046 0.71512147
2047 0.71517858
2049 0.71519102
2055 0.71522142
2060 0.71523486
2065 0.71525143
2071 0.71525765
2073 0.71526455
2084 0.71529007
2087 0.71529387
2108 0.7152988
2114 0.7153061
2120 0.71532736
2126 0.71536266
2128 0.71537219
2132 0.715387
2133 0.71539491
2136 0.71539796
2141 0.7154057
2143 0.715407
2148 0.71544118
2150 0.71545313
2151 0.7154832
2152 0.71550149
2155 0.71552142
2159 0.71553035
2165 0.71553801
2169 0.71554501
2170 0.71555992
2171 0.71556082
2175 0.71556841
2180 0.71560668
2182 0.71560808
2191 0.71561755
2193 0.71562571
2195 0.7156259
2200 0.71562736
2210 0.71564981
2218 0.71565737
2232 0.71570008
2238 0.71570223
2242 0.71571543
2247 0.71573478
2248 0.71580019
2250 0.71580748
2261 0.71582117
2264 0.7158501
2269 0.71587607
2274 0.71588239
2276 0.71590322
2282 0.71591365
2284 0.7159181
2294 0.71591899
2295 0.71591915
2303 0.71595296
2309 0.71598011
2312 0.71600172
2313 0.71601196
2315 0.71602906
2319 0.71603339
2325 0.71603379
2326 0.7160378
2340 0.71605502
2342 0.71605946
2370 0.71606065
2373 0.71608112
2379 0.71608444
2382 0.71609397
2402 0.71609881
2404 0.71610792
2406 0.71611417
2408 0.71612956
2424 0.71615232
2427 0.71617921
2440 0.71619084
2446 0.71619997
2448 0.71620394
2465 0.7162229
2474 0.71623439
2483 0.7162436
2492 0.71625236
2510 0.71625917
2511 0.71625976
2513 0.71627732
2519 0.71627735
2522 0.71629952
2531 0.71631236
2547 0.71633461
2570 0.71634049
2587 0.7163426
2592 0.71634828
2597 0.7163497
2627 0.71636839
2633 0.71636871
2660 0.71637128
2672 0.71638187
2687 0.71638957
2692 0.71639097
2709 0.7164155
2715 0.71642283
2725 0.71645059
2758 0.71645538
2766 0.71646124
2772 0.7164732
2774 0.71647473
2802 0.71650607
2811 0.71651737
2870 0.71651842
2880 0.71652939
2933 0.71655617
2970 0.71656443
3024 0.71656478
3222 0.71656625
