0 0.492986
2 0.493366
5 0.495661
7 0.497725
8 0.501018
9 0.501167
11 0.507769
14 0.511256
15 0.518566
20 0.518738
21 0.527153
24 0.530714
25 0.530865
29 0.534363
30 0.535456
32 0.535884
36 0.536157
37 0.538479
39 0.540886
41 0.542195
42 0.548076
43 0.548246
47 0.549738
54 0.556235
55 0.559107
57 0.560032
58 0.564928
59 0.565407
61 0.569405
68 0.570014
69 0.576193
70 0.576646
71 0.57934
73 0.57986
74 0.58829
75 0.592233
80 0.593073
82 0.598109
85 0.600338
91 0.602328
93 0.602571
99 0.60754
108 0.60862
109 0.609143
112 0.614268
119 0.61896
124 0.622088
136 0.622859
147 0.625165
153 0.627895
161 0.633189
166 0.635721
173 0.638463
181 0.639873
187 0.641648
191 0.642684
211 0.642892
215 0.64329
218 0.644362
230 0.647299
236 0.648653
245 0.649873
250 0.650421
255 0.652069
258 0.652446
274 0.652817
278 0.652858
291 0.65493
294 0.65723
295 0.657903
299 0.660846
332 0.664153
361 0.667477
366 0.667625
371 0.669413
381 0.673414
392 0.674001
406 0.676569
441 0.677107
481 0.677752
500 0.685269
611 0.685733
677 0.692209
707 0.692599
765 0.692685
766 0.693163
775 0.69442
797 0.694977
863 0.697564
865 0.697628
881 0.699671
1016 0.70129
1032 0.703145
1118 0.703297
1150 0.703665
1187 0.70511
1222 0.709274
1228 0.711099
1296 0.711891
1498 0.711956
1600 0.71227
1685 0.712434
1735 0.712904
1917 0.714082
1923 0.714548
1999 0.715155
2055 0.717089
