0 0.514437
1 0.51632
3 0.522414
4 0.525926
9 0.536572
10 0.539164
11 0.542974
12 0.543238
13 0.543349
17 0.546222
20 0.550802
24 0.556956
29 0.5595
30 0.563265
31 0.570527
36 0.572693
38 0.583147
41 0.58608
46 0.590352
50 0.5967
51 0.603525
54 0.604271
56 0.604356
58 0.604971
64 0.60535
70 0.605425
78 0.607279
82 0.607666
86 0.608817
89 0.610586
92 0.612092
98 0.614088
99 0.615538
112 0.61705
114 0.626021
129 0.626076
136 0.627365
137 0.630697
149 0.632244
176 0.633404
185 0.634935
194 0.635229
195 0.636808
201 0.638674
219 0.642412
226 0.642791
234 0.643336
237 0.643533
246 0.644394
265 0.646828
279 0.649137
283 0.650061
290 0.651927
299 0.652558
306 0.653748
311 0.65602
313 0.658618
320 0.659526
341 0.660305
359 0.660554
368 0.66434
392 0.664749
395 0.669185
403 0.674478
410 0.676978
416 0.677042
428 0.677981
444 0.679814
484 0.679938
499 0.680638
521 0.681654
559 0.683265
568 0.684754
573 0.688767
580 0.689479
598 0.696851
622 0.698778
651 0.7009
655 0.704135
699 0.70604
726 0.706359
743 0.708228
790 0.715509
799 0.716529
829 0.717562
844 0.718604
876 0.719883
896 0.721317
950 0.72163
1060 0.722188
1143 0.723219
1214 0.723711
1222 0.723886
1351 0.726023
1434 0.726194
1496 0.727747
