0 0.488245
1 0.493134
3 0.498759
6 0.5003
7 0.50212
9 0.502259
10 0.50254
11 0.504856
14 0.507323
16 0.507716
18 0.515091
19 0.520659
21 0.523274
22 0.530187
34 0.533266
35 0.537476
38 0.543206
39 0.54891
46 0.551296
47 0.554636
51 0.55775
55 0.563174
61 0.571065
64 0.572513
66 0.574652
68 0.575446
69 0.576904
70 0.577546
71 0.583619
80 0.586943
84 0.590067
89 0.593304
92 0.593637
95 0.597254
97 0.598171
102 0.599799
104 0.600758
106 0.601566
107 0.60174
115 0.610567
116 0.618777
117 0.619776
119 0.621769
135 0.623428
148 0.623562
157 0.626614
158 0.627869
163 0.628762
165 0.630951
167 0.632095
169 0.633228
177 0.634066
183 0.634546
185 0.637193
201 0.638819
202 0.641159
211 0.642725
213 0.645257
218 0.645798
224 0.650053
240 0.65076
246 0.652474
255 0.656331
266 0.657101
282 0.657767
294 0.65817
302 0.660213
303 0.661485
312 0.664934
330 0.665608
335 0.665627
337 0.666494
340 0.667086
347 0.668493
356 0.669039
367 0.669672
376 0.674183
417 0.674814
418 0.67732
450 0.682254
458 0.684549
471 0.688884
502 0.690829
565 0.691538
579 0.692491
639 0.698906
642 0.699195
677 0.699832
678 0.701091
681 0.705507
705 0.70937
790 0.711564
883 0.711837
1021 0.712304
1086 0.713072
1091 0.713475
1107 0.716029
1215 0.71765
1316 0.719587
