0 0.503887
2 0.505182
3 0.508155
4 0.517511
5 0.518818
6 0.52648
7 0.528373
8 0.528867
9 0.534
10 0.536047
12 0.542355
17 0.542458
21 0.544626
35 0.551136
39 0.554449
40 0.556313
44 0.562133
46 0.564739
50 0.56848
52 0.569997
54 0.570261
58 0.572748
60 0.57367
63 0.576348
64 0.578358
71 0.579179
74 0.581613
81 0.586495
84 0.589392
97 0.590124
107 0.590691
109 0.598886
110 0.6016
111 0.606994
112 0.609774
123 0.618774
124 0.619026
126 0.620435
131 0.625517
138 0.625716
155 0.626928
159 0.628151
167 0.629466
175 0.632425
180 0.636831
182 0.638389
201 0.642413
206 0.644927
208 0.646847
209 0.651081
210 0.653715
213 0.654643
224 0.658294
241 0.659338
268 0.661272
271 0.661338
277 0.667724
292 0.672052
343 0.674476
377 0.674525
426 0.679656
436 0.686812
456 0.689814
498 0.690242
504 0.690758
587 0.691087
601 0.694717
615 0.696094
626 0.696954
685 0.697828
690 0.700262
716 0.702285
731 0.703564
748 0.709577
800 0.712125
808 0.712255
864 0.712289
884 0.715518
943 0.718537
951 0.719022
1019 0.719725
1093 0.720958
1109 0.721037
1231 0.722258
1265 0.72261
1323 0.722753
1383 0.725098
1523 0.725356
1593 0.729122
