0 0.508503
2 0.511118
5 0.512297
7 0.515025
10 0.520164
16 0.52313
19 0.531247
20 0.532958
23 0.536591
25 0.538586
27 0.541528
29 0.549762
32 0.550125
33 0.550301
35 0.553119
37 0.556793
42 0.561027
43 0.564125
46 0.565787
53 0.566612
55 0.566735
56 0.571867
58 0.574003
62 0.580599
63 0.581984
69 0.584775
75 0.585748
76 0.589936
80 0.593498
82 0.59504
94 0.596853
99 0.6012
115 0.605476
117 0.606335
118 0.609567
121 0.613372
126 0.616127
132 0.61746
141 0.618534
142 0.619376
146 0.619994
149 0.622419
151 0.624511
163 0.625124
172 0.626047
177 0.631116
201 0.634031
202 0.634559
209 0.639607
243 0.64173
252 0.645697
255 0.648112
259 0.654806
266 0.656809
283 0.663481
308 0.66907
334 0.669643
337 0.67103
338 0.674486
340 0.675293
345 0.680181
356 0.682017
396 0.683707
403 0.686897
414 0.688278
433 0.690527
509 0.691224
522 0.691435
528 0.695606
553 0.698221
576 0.701437
619 0.702517
692 0.703801
700 0.705255
845 0.708902
992 0.709381
1166 0.709523
1189 0.709751
1253 0.711201
1269 0.715747
1341 0.716721
1380 0.719473
1437 0.720027
1440 0.72324
1534 0.724096
1769 0.724234
2004 0.724729
2018 0.725739
2084 0.728291
2126 0.731821
2218 0.732577
2303 0.732699
2382 0.733652
2519 0.733655
2627 0.735524
