0 0.520874
4 0.524122
6 0.526289
9 0.528935
10 0.529483
13 0.532358
17 0.534044
18 0.537056
21 0.542146
32 0.547296
36 0.549565
38 0.555865
40 0.555918
41 0.559815
47 0.561091
57 0.563458
60 0.564759
65 0.5657
66 0.566238
67 0.573536
81 0.580345
89 0.583965
109 0.584617
116 0.588287
121 0.589855
123 0.590132
130 0.593495
138 0.597346
143 0.599363
152 0.599454
154 0.605362
159 0.607111
160 0.609437
163 0.612345
166 0.612368
179 0.615668
181 0.617249
192 0.619262
196 0.620322
201 0.622544
229 0.623771
234 0.624815
238 0.625081
255 0.62682
263 0.628817
271 0.631578
281 0.632757
300 0.635007
345 0.635212
385 0.635242
394 0.640158
401 0.640599
402 0.645978
415 0.646007
425 0.647463
431 0.647549
459 0.650862
470 0.651355
472 0.653217
481 0.655031
495 0.657387
533 0.659723
560 0.660035
592 0.662117
611 0.662525
617 0.662699
641 0.662756
652 0.663811
685 0.664531
706 0.667345
718 0.668362
761 0.669283
764 0.66992
771 0.672922
824 0.673847
831 0.674044
837 0.675628
866 0.678323
899 0.679152
910 0.679236
945 0.680628
946 0.682723
996 0.682725
1146 0.684221
1188 0.689626
1221 0.691509
1261 0.692408
1299 0.694052
1460 0.697483
1536 0.698673
1539 0.700597
1612 0.702195
1742 0.703114
1774 0.703414
1824 0.704302
1927 0.705587
2047 0.711298
