0 0.515135
1 0.515222
3 0.520922
5 0.522043
6 0.525604
7 0.526826
10 0.526988
11 0.531036
12 0.53468
13 0.54168
16 0.544781
17 0.54695
18 0.549066
19 0.553757
22 0.553905
23 0.556018
24 0.556128
26 0.561871
35 0.5661
38 0.566822
40 0.567955
41 0.568539
51 0.56937
52 0.572315
53 0.578521
55 0.579449
56 0.584848
57 0.586955
58 0.588028
60 0.592071
64 0.592692
74 0.593475
77 0.596583
80 0.597121
82 0.600863
92 0.602826
95 0.603069
96 0.604393
97 0.605958
100 0.608185
102 0.608593
125 0.609589
128 0.612888
138 0.616393
148 0.617238
156 0.619778
161 0.62287
167 0.623673
174 0.626007
178 0.627822
187 0.630588
191 0.631119
196 0.63244
208 0.634487
209 0.636322
221 0.637119
230 0.640134
233 0.641342
235 0.641538
237 0.644898
242 0.645851
254 0.646199
258 0.646738
261 0.648123
263 0.653936
264 0.655431
266 0.656167
269 0.656569
282 0.65821
293 0.658428
299 0.65967
304 0.662543
307 0.662956
310 0.663067
375 0.665477
406 0.667915
409 0.668369
426 0.672224
429 0.673584
453 0.673626
459 0.674278
464 0.676233
470 0.681815
494 0.68386
506 0.684619
536 0.687139
554 0.688239
560 0.690067
597 0.690238
608 0.690337
716 0.690346
741 0.692082
759 0.692546
802 0.69266
852 0.697242
864 0.697595
879 0.698704
892 0.700999
905 0.703022
916 0.703796
971 0.706472
994 0.707601
1065 0.707601
1071 0.709738
1256 0.715198
1259 0.715236
1360 0.718648
1495 0.719735
1565 0.719762
1628 0.720807
1741 0.721557
1789 0.722592
1815 0.722935
1885 0.724316
1906 0.724979
1969 0.725156
2023 0.725732
2071 0.726354
2152 0.728183
2269 0.73078
2424 0.733056
2474 0.734205
