0 0.505873
2 0.511994
4 0.513427
5 0.515076
6 0.520871
8 0.526646
9 0.527151
12 0.529569
17 0.530437
20 0.530536
21 0.534292
28 0.542277
30 0.543571
32 0.545153
35 0.54643
40 0.548262
42 0.554686
52 0.555384
53 0.56057
63 0.562748
64 0.564834
65 0.566111
73 0.574462
83 0.574929
88 0.577124
90 0.578876
91 0.579458
94 0.580375
98 0.582219
99 0.587347
103 0.587496
106 0.592208
107 0.597253
109 0.59734
115 0.597495
119 0.597602
120 0.600456
121 0.603616
124 0.604542
137 0.605231
148 0.606254
155 0.61187
159 0.618129
165 0.618205
169 0.619273
177 0.620427
186 0.622962
198 0.626449
200 0.627583
202 0.632313
204 0.632976
207 0.633899
222 0.637971
226 0.638883
263 0.639694
265 0.640608
270 0.647275
277 0.650407
285 0.653411
297 0.653715
301 0.654235
317 0.657276
326 0.662662
331 0.664968
335 0.665698
343 0.666096
354 0.667831
365 0.669377
380 0.669484
381 0.670129
393 0.674144
397 0.674641
413 0.67615
445 0.679033
460 0.679581
465 0.681228
493 0.682806
499 0.684069
505 0.684521
513 0.686982
587 0.687254
591 0.689477
643 0.690691
677 0.691348
722 0.691373
742 0.691967
782 0.692502
801 0.692807
837 0.693195
869 0.694872
1040 0.697236
1120 0.697855
1213 0.699159
1270 0.699246
1474 0.699971
1570 0.700031
1608 0.701415
1626 0.703554
1714 0.706431
1786 0.707154
1833 0.708492
1875 0.710533
1906 0.710546
2015 0.711748
2040 0.713372
2171 0.713462
2193 0.714278
2303 0.717537
2312 0.719698
2448 0.720095
2660 0.720352
2672 0.721411
2709 0.723864
2715 0.724597
2933 0.727275
