0 0.512239
2 0.519025
3 0.519591
9 0.522306
14 0.526677
15 0.530412
18 0.530483
21 0.534322
24 0.537242
29 0.537397
34 0.538872
37 0.540799
41 0.540914
43 0.547453
45 0.54903
50 0.551078
52 0.551299
55 0.55248
57 0.553891
58 0.557182
62 0.557379
64 0.565104
66 0.566361
68 0.573666
70 0.57504
79 0.575108
80 0.58249
82 0.583199
84 0.584001
101 0.5885
110 0.594722
112 0.599533
128 0.600547
133 0.604009
140 0.605009
142 0.606382
167 0.60901
170 0.610941
172 0.614118
176 0.615588
177 0.616316
179 0.617454
195 0.6193
199 0.625723
201 0.626705
207 0.629309
221 0.630458
223 0.634441
225 0.634975
237 0.635729
240 0.636493
248 0.639073
259 0.639256
260 0.642504
263 0.643212
266 0.644203
270 0.646311
286 0.649074
293 0.650556
300 0.651016
328 0.651592
341 0.655302
378 0.657052
379 0.661834
389 0.665498
453 0.666632
460 0.67029
461 0.672155
467 0.676962
481 0.677382
489 0.678258
511 0.678395
532 0.681037
535 0.681389
570 0.681391
668 0.683421
684 0.685661
746 0.68601
824 0.688168
834 0.689692
843 0.690105
891 0.690706
924 0.694419
979 0.695829
1051 0.696508
1164 0.697333
1214 0.700022
1226 0.70048
1276 0.700863
1336 0.702389
1354 0.703679
1385 0.70418
1449 0.706934
1495 0.707464
1520 0.708306
1536 0.709712
1683 0.710346
1766 0.71374
1830 0.715383
2021 0.717115
