0 0.514924
3 0.516608
4 0.519099
6 0.523229
7 0.526318
9 0.527302
12 0.527511
14 0.535563
15 0.535726
20 0.540181
22 0.540638
25 0.545791
26 0.551139
32 0.55461
36 0.555519
40 0.557081
42 0.558521
43 0.560999
49 0.562747
54 0.570688
61 0.572912
63 0.57606
66 0.578742
72 0.583492
73 0.58358
75 0.583992
76 0.586871
79 0.589159
85 0.593519
89 0.599498
96 0.59953
102 0.599962
108 0.602353
111 0.610612
119 0.610939
126 0.614547
128 0.616469
144 0.621013
156 0.623102
164 0.626853
187 0.633237
189 0.635724
190 0.637767
194 0.637962
205 0.643571
215 0.64406
227 0.651388
235 0.652091
293 0.654039
297 0.658012
307 0.659983
314 0.663783
319 0.664172
321 0.664263
330 0.666172
342 0.670172
396 0.672619
406 0.676951
427 0.677136
433 0.678424
443 0.678545
512 0.678766
564 0.680378
599 0.680565
676 0.680675
733 0.682706
746 0.683432
790 0.686975
816 0.686996
836 0.687356
844 0.689486
888 0.691179
929 0.69176
968 0.693118
983 0.694591
1014 0.696183
1062 0.698078
1083 0.698195
1111 0.700808
1240 0.701672
1267 0.70557
1318 0.707463
1327 0.708195
1372 0.708224
1446 0.708653
1502 0.709415
1531 0.709898
1567 0.710456
1716 0.711463
1770 0.713022
1961 0.714347
