0 0.503165
1 0.508658
2 0.511376
3 0.513984
4 0.514622
7 0.515145
11 0.517474
12 0.521262
14 0.523769
15 0.526067
19 0.533464
20 0.535703
21 0.538414
22 0.545501
29 0.546251
30 0.549104
35 0.550216
37 0.551285
42 0.552294
45 0.553465
46 0.553853
48 0.553879
49 0.556042
52 0.556518
54 0.55772
55 0.558232
60 0.563484
62 0.567593
67 0.569319
70 0.570982
72 0.575134
76 0.577993
78 0.578879
84 0.579369
86 0.581429
87 0.584923
90 0.585735
92 0.588618
95 0.590787
113 0.591607
116 0.59943
130 0.599939
140 0.600497
147 0.602463
151 0.602934
155 0.604652
158 0.60592
159 0.609117
163 0.609899
167 0.613375
169 0.616618
176 0.617329
177 0.618808
179 0.619106
187 0.620763
197 0.621497
198 0.625345
207 0.630281
209 0.632972
227 0.633012
236 0.635293
266 0.637906
267 0.640527
271 0.640569
276 0.641016
279 0.64464
284 0.645358
296 0.646702
325 0.647948
328 0.650814
330 0.659384
333 0.660802
362 0.663414
368 0.664455
394 0.666147
397 0.667121
400 0.668615
410 0.669652
418 0.671384
438 0.673418
477 0.676789
500 0.676862
508 0.677823
569 0.681068
588 0.681426
611 0.683194
633 0.683958
694 0.687763
776 0.688262
796 0.691123
803 0.692523
849 0.692841
868 0.693007
936 0.694436
941 0.694611
953 0.694766
996 0.696047
1000 0.697017
1009 0.697423
1014 0.698612
1015 0.699948
1046 0.703211
1050 0.703438
1146 0.703811
1208 0.707098
1212 0.707642
1335 0.707772
1344 0.709633
1350 0.711209
1481 0.717522
1560 0.717554
1576 0.71833
1724 0.719377
1732 0.721034
1767 0.724519
1978 0.724588
2232 0.728859
