0 0.477987
2 0.483533
7 0.489799
8 0.489828
9 0.495199
11 0.496481
16 0.499648
19 0.505581
20 0.507054
21 0.511243
22 0.521176
23 0.523461
28 0.526534
30 0.529294
33 0.531474
34 0.535992
38 0.539037
42 0.544718
44 0.548895
48 0.549868
55 0.552679
56 0.556401
58 0.5609
62 0.563407
63 0.566937
65 0.567274
67 0.569118
68 0.572881
75 0.579351
86 0.581893
94 0.582603
99 0.583854
101 0.585141
103 0.587277
104 0.58966
107 0.59149
109 0.595405
110 0.598078
111 0.598273
112 0.598846
115 0.598898
118 0.603162
119 0.603767
132 0.604269
134 0.604992
142 0.606366
149 0.606689
159 0.607189
160 0.607597
169 0.608094
178 0.608974
186 0.611401
192 0.613005
193 0.613038
197 0.613093
210 0.615514
212 0.615744
242 0.615985
252 0.6228
261 0.624717
264 0.624844
269 0.626543
280 0.627219
290 0.628458
295 0.630078
299 0.631503
314 0.631696
320 0.632032
323 0.634812
333 0.634862
340 0.637407
344 0.639905
350 0.640234
351 0.644226
354 0.644537
362 0.644826
374 0.644962
375 0.647913
379 0.64868
401 0.651106
402 0.657456
409 0.65814
413 0.662716
428 0.666368
449 0.668203
459 0.670876
476 0.671885
478 0.674044
504 0.674208
536 0.677254
545 0.68049
566 0.680912
581 0.683563
593 0.683852
600 0.684504
619 0.696106
636 0.696773
646 0.697389
704 0.697717
724 0.70054
747 0.700697
749 0.702682
751 0.703338
757 0.704854
762 0.706857
773 0.708041
786 0.708571
788 0.710796
810 0.712018
827 0.712798
1029 0.712983
1127 0.716185
1209 0.716778
1221 0.717173
1225 0.717491
1233 0.719542
1285 0.721701
1353 0.722158
1354 0.723182
1429 0.723299
1516 0.723826
1536 0.724615
1558 0.727147
1720 0.727256
1838 0.728535
