0 0.515428
1 0.515757
4 0.51611
8 0.51997
12 0.526623
13 0.530118
17 0.540178
18 0.540696
27 0.541171
30 0.541313
33 0.543351
36 0.544172
37 0.545851
53 0.548674
57 0.552367
61 0.555748
65 0.55671
66 0.556872
68 0.566857
69 0.567852
70 0.56944
81 0.573066
83 0.580188
86 0.585047
90 0.589266
91 0.594361
99 0.595995
108 0.598786
111 0.60072
113 0.601483
118 0.604598
119 0.609577
126 0.614516
128 0.615967
129 0.619308
132 0.620856
138 0.621242
141 0.62646
146 0.627707
152 0.631142
161 0.631384
170 0.634653
190 0.635036
193 0.640416
197 0.645596
201 0.651436
203 0.652119
204 0.654724
218 0.656259
230 0.656451
238 0.656937
254 0.657917
256 0.659004
271 0.664864
273 0.665211
274 0.665345
295 0.667628
306 0.667799
316 0.66935
318 0.670229
325 0.672898
384 0.673198
411 0.673713
431 0.675525
447 0.677452
468 0.678078
475 0.678086
516 0.6784
517 0.684191
518 0.685791
534 0.68664
547 0.68878
597 0.692632
636 0.693328
724 0.694036
725 0.695682
740 0.695927
747 0.696557
781 0.696693
782 0.697435
794 0.698873
806 0.699017
811 0.699396
826 0.699686
849 0.700698
894 0.700757
921 0.701685
982 0.7061
983 0.707537
1070 0.709511
1127 0.710141
1183 0.710659
1302 0.714981
1388 0.715103
1594 0.715237
1609 0.716445
1828 0.717373
1843 0.719053
1852 0.721618
1892 0.721836
2034 0.721898
2175 0.722657
2191 0.723604
2261 0.724973
2264 0.727866
2284 0.728311
2404 0.729222
2406 0.729847
2483 0.730768
2687 0.731538
