0 0.512371
2 0.518727
3 0.5227
7 0.531059
8 0.531682
11 0.532123
12 0.535961
18 0.541208
20 0.544654
22 0.547273
23 0.548934
24 0.556143
25 0.562031
30 0.564913
32 0.569137
38 0.572077
46 0.577031
57 0.57866
58 0.581022
60 0.582102
63 0.586528
65 0.588093
68 0.588519
72 0.590097
74 0.593331
75 0.596946
79 0.602269
82 0.602858
103 0.606136
107 0.613463
109 0.616885
120 0.617901
123 0.622717
124 0.624754
139 0.630962
146 0.63547
159 0.6396
161 0.642257
171 0.644409
180 0.647628
186 0.647719
190 0.649544
227 0.654364
233 0.656945
243 0.657766
246 0.659383
249 0.659749
250 0.664562
254 0.670723
266 0.67552
275 0.67579
284 0.67684
294 0.679059
315 0.679926
428 0.681548
487 0.684773
502 0.686831
514 0.688149
523 0.692326
529 0.692999
548 0.69329
574 0.695813
588 0.695865
699 0.695995
702 0.696629
738 0.696685
762 0.696976
772 0.699857
818 0.700938
850 0.70162
924 0.702042
1063 0.706661
1116 0.707033
1354 0.707131
