0 0.486816
1 0.488954
2 0.493692
4 0.496339
5 0.502244
6 0.507149
8 0.511195
11 0.514639
18 0.51604
19 0.520702
23 0.521317
24 0.526519
25 0.528723
26 0.534109
32 0.536036
36 0.537168
37 0.54727
39 0.55038
41 0.553832
43 0.555258
48 0.557256
50 0.558736
51 0.56134
52 0.561703
56 0.565688
57 0.567717
58 0.579175
65 0.581566
67 0.582027
69 0.587795
72 0.589795
73 0.5907
76 0.598362
83 0.598851
84 0.599635
87 0.603368
100 0.606891
106 0.609422
111 0.613911
114 0.615869
118 0.619562
127 0.619983
129 0.624
140 0.626904
157 0.629753
159 0.630349
161 0.63164
164 0.631772
174 0.634973
191 0.638704
210 0.639651
218 0.639745
220 0.640732
229 0.64486
236 0.6479
241 0.652327
256 0.6533
263 0.653921
290 0.654275
299 0.655408
301 0.656038
308 0.656829
322 0.657192
330 0.657206
353 0.658515
370 0.658551
372 0.660614
386 0.664884
388 0.66729
428 0.669047
434 0.669136
437 0.672006
441 0.674463
465 0.677134
508 0.677585
532 0.677757
533 0.680189
549 0.680224
622 0.680602
674 0.684116
678 0.68876
797 0.689831
805 0.689974
834 0.690034
885 0.691358
888 0.693415
984 0.694781
1135 0.694815
1170 0.700387
1189 0.700956
1213 0.701043
1232 0.705517
1238 0.707659
1273 0.708446
1278 0.708769
1316 0.709062
1361 0.709657
1406 0.709661
1409 0.709672
1479 0.711276
1530 0.711482
1555 0.714086
1577 0.714936
1605 0.715799
1679 0.717373
1733 0.720761
1744 0.720799
1750 0.720818
1803 0.721001
1824 0.721687
1841 0.722273
1876 0.724299
1879 0.725045
1903 0.725631
1989 0.730891
2128 0.731844
2242 0.733164
2379 0.733496
