0 0.47195
3 0.474938
4 0.483239
5 0.486056
11 0.486329
13 0.488537
14 0.493699
15 0.494836
27 0.500542
30 0.501885
31 0.516224
32 0.519039
34 0.521227
36 0.532744
38 0.534359
42 0.540037
44 0.540519
46 0.542969
52 0.54603
53 0.546265
54 0.547322
61 0.553592
64 0.556291
68 0.561398
69 0.565717
71 0.568006
78 0.568909
79 0.570423
84 0.571305
85 0.573812
86 0.574988
94 0.577583
98 0.580031
116 0.587787
124 0.592024
135 0.596717
136 0.606754
138 0.607571
139 0.610213
156 0.611602
158 0.612133
160 0.616225
168 0.616585
173 0.619414
176 0.619598
193 0.620153
194 0.621715
207 0.629222
212 0.633237
223 0.63503
229 0.638101
230 0.638597
233 0.640919
237 0.641183
238 0.643407
241 0.64386
248 0.647501
252 0.651793
260 0.652307
262 0.652597
264 0.655016
287 0.655074
330 0.655084
362 0.655569
377 0.657111
429 0.661683
440 0.662074
463 0.662535
598 0.666183
622 0.66631
673 0.666735
731 0.669113
736 0.670457
742 0.673301
883 0.676036
937 0.679004
982 0.679536
995 0.680509
1026 0.682693
1049 0.684896
1070 0.685551
1103 0.686892
1124 0.687189
1167 0.688817
1259 0.6906
1272 0.694068
1291 0.695535
1440 0.696203
1587 0.698951
1589 0.699281
1834 0.700341
1922 0.700454
