0 0.53004
1 0.538137
3 0.539444
10 0.545148
16 0.547555
23 0.549448
24 0.552059
36 0.55273
38 0.552782
40 0.557762
44 0.565654
47 0.565796
49 0.567738
53 0.568815
60 0.570505
65 0.572805
77 0.580783
78 0.588635
79 0.592487
85 0.594025
87 0.595613
97 0.598806
106 0.599811
112 0.602693
117 0.6034
124 0.603452
128 0.608988
133 0.61524
140 0.617405
146 0.624942
147 0.625527
152 0.625563
155 0.627993
159 0.628226
164 0.6289
176 0.629648
190 0.636423
207 0.638286
209 0.641784
210 0.64633
212 0.647849
214 0.648756
226 0.649057
240 0.65007
253 0.650817
291 0.651663
307 0.655068
320 0.656344
323 0.657815
331 0.661022
340 0.661515
343 0.662939
363 0.664868
381 0.668267
395 0.670535
402 0.67276
404 0.673186
445 0.675685
479 0.675759
499 0.677237
502 0.678983
508 0.680287
513 0.682923
534 0.686946
636 0.689722
690 0.691505
699 0.693695
794 0.693871
805 0.696322
819 0.696996
829 0.70289
893 0.705538
894 0.706134
952 0.706393
1102 0.710107
1160 0.711394
1174 0.712654
1248 0.712826
1437 0.714235
