0 0.472592
1 0.472841
2 0.475728
3 0.480609
5 0.482564
6 0.484376
7 0.49005
8 0.493059
10 0.49853
12 0.500349
15 0.501745
16 0.502253
19 0.503582
20 0.505385
21 0.509031
22 0.515028
25 0.516423
29 0.521689
35 0.523558
36 0.525466
37 0.525742
38 0.531769
40 0.533203
41 0.535471
46 0.538035
48 0.541436
50 0.541737
51 0.542507
54 0.544995
55 0.54563
56 0.550927
59 0.557607
65 0.560497
66 0.560995
69 0.561809
70 0.571477
76 0.575824
77 0.577351
82 0.579255
87 0.580971
101 0.581057
104 0.584463
115 0.586789
119 0.591986
131 0.596161
136 0.602194
141 0.605497
145 0.605974
146 0.611356
150 0.613702
155 0.615144
160 0.618015
173 0.618703
185 0.621341
187 0.62181
215 0.623452
217 0.6236
250 0.623696
259 0.624752
271 0.625195
272 0.62739
285 0.628304
301 0.633796
325 0.635783
330 0.637879
352 0.638436
355 0.6409
358 0.643456
367 0.643534
368 0.646989
384 0.647282
388 0.648344
395 0.651749
407 0.651766
419 0.655554
456 0.656923
459 0.661433
465 0.661955
466 0.665335
480 0.665809
481 0.669052
482 0.66914
483 0.669437
484 0.674044
540 0.674509
607 0.675918
622 0.677544
629 0.681403
650 0.684602
750 0.687261
760 0.688872
775 0.691426
791 0.693088
814 0.694815
857 0.696799
860 0.698708
902 0.704587
970 0.704999
1064 0.705034
1093 0.705984
1122 0.706655
1129 0.70759
1176 0.710416
1187 0.711804
1251 0.715734
