0 0.525319
1 0.532641
2 0.542572
6 0.543179
7 0.551847
10 0.556233
12 0.557947
19 0.564291
22 0.564295
24 0.568457
28 0.571328
32 0.577453
39 0.57771
41 0.578265
43 0.583862
45 0.590263
57 0.596205
67 0.59768
82 0.598504
90 0.602293
93 0.605193
96 0.60871
105 0.610635
106 0.61287
112 0.613804
115 0.616744
118 0.623265
119 0.624429
125 0.625565
128 0.629525
146 0.630218
149 0.63573
166 0.635775
188 0.638091
189 0.638758
194 0.641276
205 0.64427
211 0.647428
242 0.64799
262 0.650689
276 0.651282
308 0.65198
336 0.65244
343 0.653808
362 0.654481
365 0.654928
369 0.659737
372 0.661665
387 0.663869
403 0.664607
414 0.664944
431 0.666086
432 0.667124
441 0.667393
499 0.670252
504 0.671702
511 0.672234
535 0.67901
574 0.679953
596 0.680053
657 0.68376
731 0.683946
734 0.684569
765 0.6857
776 0.688549
796 0.690844
841 0.692795
952 0.695857
960 0.697721
1002 0.698419
1029 0.702639
1045 0.703958
1051 0.705227
1070 0.70581
1090 0.707365
1117 0.708526
1159 0.708785
1192 0.710889
1334 0.711985
1349 0.71244
1595 0.713306
1679 0.714327
