0 0.524204
1 0.53024
2 0.531322
6 0.536491
7 0.540563
8 0.54284
10 0.543333
11 0.543355
13 0.548527
16 0.54854
18 0.553664
21 0.561486
26 0.564415
32 0.565101
33 0.566029
35 0.56616
36 0.568774
40 0.572158
41 0.573677
42 0.574942
43 0.57545
50 0.577462
56 0.582061
62 0.58572
63 0.593133
65 0.596969
68 0.602285
70 0.603029
75 0.607656
81 0.611564
86 0.61275
96 0.614379
100 0.615597
105 0.616019
119 0.618833
121 0.620087
142 0.626793
171 0.62715
177 0.629095
190 0.630738
194 0.631155
198 0.640062
199 0.64096
200 0.643363
235 0.644396
246 0.645428
256 0.647934
261 0.648729
264 0.649238
266 0.652053
281 0.652543
283 0.656459
292 0.657397
295 0.658411
309 0.660382
311 0.663123
338 0.666663
343 0.667327
377 0.669491
394 0.670843
403 0.67102
411 0.672518
419 0.672873
450 0.67402
472 0.674223
485 0.675351
490 0.675595
500 0.675944
504 0.676989
508 0.680661
529 0.684469
537 0.685431
571 0.686802
600 0.690683
615 0.691729
619 0.693704
651 0.696226
655 0.696477
661 0.69748
686 0.697887
719 0.698091
798 0.699006
851 0.699588
903 0.707031
920 0.709257
995 0.71069
1096 0.712556
1122 0.71404
1207 0.714411
1253 0.714412
1311 0.716675
1317 0.718961
1440 0.719917
1447 0.720863
1450 0.724048
1559 0.726642
1605 0.730072
