0 0.486837
1 0.494794
5 0.50691
6 0.509629
10 0.517816
11 0.525698
12 0.529621
17 0.537807
19 0.538888
21 0.539929
22 0.541845
24 0.541981
26 0.544977
27 0.55203
28 0.554773
32 0.555768
33 0.557226
34 0.559503
36 0.561004
38 0.561893
44 0.562752
64 0.56528
71 0.566142
75 0.566572
79 0.568907
83 0.570697
88 0.574047
98 0.579392
100 0.581709
102 0.584593
103 0.589895
104 0.59329
106 0.593614
107 0.60124
109 0.601904
110 0.602128
112 0.605117
118 0.608337
122 0.610858
125 0.612952
127 0.614182
131 0.616612
142 0.621079
145 0.623314
148 0.625665
154 0.626175
190 0.627928
196 0.631401
199 0.633674
201 0.634269
203 0.636654
212 0.638062
216 0.638924
237 0.640515
244 0.646196
258 0.650361
265 0.651924
280 0.652353
285 0.655454
287 0.65672
312 0.657354
325 0.659155
389 0.659499
391 0.662271
410 0.664308
470 0.665134
500 0.671642
535 0.672321
577 0.673751
600 0.674121
603 0.674395
608 0.676849
622 0.67694
627 0.677141
664 0.683931
690 0.6932
700 0.699918
772 0.70264
812 0.704106
836 0.704755
854 0.706716
867 0.707552
895 0.710143
917 0.717028
929 0.718482
986 0.722057
1008 0.722642
1072 0.722869
1158 0.723936
1179 0.725149
1245 0.725272
1307 0.725711
1531 0.727304
