0 0.49565
1 0.49692
2 0.500383
4 0.503055
5 0.506405
7 0.509686
11 0.510236
12 0.515467
13 0.518505
16 0.523419
18 0.527167
24 0.530679
26 0.53245
27 0.533345
28 0.538674
32 0.545903
33 0.550398
34 0.554644
43 0.555864
47 0.56155
48 0.564137
49 0.565877
50 0.570135
53 0.578054
58 0.586212
60 0.589067
64 0.592558
71 0.593046
72 0.596934
79 0.598083
81 0.599784
84 0.603223
86 0.608461
89 0.611943
92 0.616559
95 0.618708
104 0.623917
108 0.624681
111 0.626206
118 0.62829
124 0.629998
152 0.634767
178 0.637736
179 0.639313
219 0.640458
227 0.643489
238 0.646914
239 0.65331
273 0.65775
276 0.658512
305 0.659169
307 0.661175
310 0.661423
315 0.669294
321 0.672547
330 0.674536
381 0.674607
390 0.676175
395 0.681515
398 0.683274
418 0.685106
432 0.68562
441 0.685933
464 0.686977
533 0.688466
568 0.688533
595 0.689399
688 0.691021
700 0.691133
707 0.691543
708 0.694566
719 0.696475
754 0.697953
809 0.699788
832 0.701987
870 0.702777
900 0.70307
924 0.703092
996 0.7049
997 0.705759
1006 0.709217
1023 0.710628
1059 0.711253
1061 0.713776
1112 0.714903
1167 0.715743
1268 0.716369
1504 0.716913
1592 0.717263
1780 0.718235
