0 0.490027
1 0.499687
2 0.500114
4 0.503246
8 0.509767
10 0.513509
12 0.517295
15 0.51985
16 0.524054
17 0.530427
24 0.531509
30 0.533773
36 0.536197
37 0.539616
40 0.54155
44 0.541563
52 0.542391
54 0.546118
56 0.547754
70 0.550096
71 0.552347
72 0.556851
76 0.556983
85 0.55818
86 0.559723
89 0.560682
90 0.561572
107 0.563846
114 0.564764
117 0.568994
118 0.569742
123 0.569773
126 0.573928
129 0.579993
131 0.58145
137 0.58153
138 0.584019
139 0.585157
142 0.585737
144 0.585877
153 0.586213
160 0.587857
165 0.592207
172 0.592213
175 0.59227
176 0.592474
182 0.592753
183 0.595196
189 0.596125
200 0.597279
205 0.598425
212 0.600218
215 0.601371
216 0.601777
222 0.604087
234 0.608434
237 0.609034
246 0.61136
253 0.613336
260 0.614909
262 0.617858
266 0.617872
271 0.618139
272 0.621098
296 0.627747
298 0.628419
323 0.631967
328 0.634944
350 0.63738
351 0.640304
367 0.64137
377 0.64527
384 0.648492
395 0.649839
402 0.654149
403 0.654388
410 0.659484
422 0.660172
448 0.661456
467 0.663731
485 0.663984
486 0.664304
518 0.668794
521 0.669216
523 0.672303
533 0.673919
596 0.674219
603 0.674897
653 0.676405
686 0.677352
762 0.680444
858 0.682095
909 0.682231
989 0.682304
1066 0.683269
1102 0.685457
1107 0.686694
1157 0.689212
1197 0.690973
1354 0.69247
1355 0.694978
1451 0.69527
1477 0.695522
1559 0.697572
1788 0.699068
1935 0.700339
2021 0.702248
2238 0.702463
2340 0.704185
2592 0.704753
