0 4885.02
1 4872.3
2 4856.4
3 4841.36
4 4830.34
5 4821.01
6 4808.63
7 4798.42
8 4788.36
9 4776.87
10 4766.61
11 4756.95
12 4750.53
13 4738.74
14 4733.31
15 4725.18
16 4718.97
17 4711.21
18 4702.28
19 4698.55
20 4691.79
21 4685.83
22 4679.91
23 4674.68
24 4667.88
25 4662.29
26 4657.56
27 4652.68
28 4648.62
29 4644.81
30 4639.38
31 4635.71
32 4631.82
33 4629.84
34 4626.35
35 4623.39
36 4618.75
37 4613.6
38 4608
39 4606.34
40 4599.86
41 4596.71
42 4592.36
43 4587.7
44 4584.94
45 4582.38
46 4579.25
47 4576.08
48 4572.82
49 4568.42
50 4564.68
51 4560.3
52 4558.03
53 4554.33
54 4550.73
55 4547.63
56 4545.48
57 4542.36
58 4538.93
59 4536.01
60 4533.47
61 4531.57
62 4529.51
63 4527.14
64 4524.56
65 4521.33
66 4517.67
67 4515.44
68 4513.91
69 4511.31
70 4508.18
71 4506.22
72 4502.71
73 4501.12
74 4498.19
75 4495.88
76 4491.99
77 4490.62
78 4488.84
79 4485.91
80 4483.22
81 4480.46
82 4479.4
83 4478.53
84 4476.93
85 4474.18
86 4471.27
87 4469.74
88 4466.97
89 4465.15
90 4463.29
91 4460.78
92 4458.35
93 4456.46
94 4454.36
95 4452.36
96 4448.47
97 4447.11
98 4445.32
99 4442.59
100 4440.67
101 4439.03
102 4438.02
103 4435.82
104 4433.89
105 4432.26
106 4431.23
107 4429.78
108 4429.16
109 4427.55
110 4426.61
111 4425.24
112 4423.59
113 4422.31
114 4421.99
115 4420.92
116 4419.71
117 4418.83
118 4418.05
119 4416.75
120 4416.11
121 4415.7
122 4414.84
123 4413.73
124 4412.57
125 4411.74
126 4409.78
127 4408.86
128 4406.59
129 4405.65
130 4405.2
131 4403.9
132 4403.53
133 4402.4
134 4400.82
135 4399.67
136 4398.9
137 4397.6
138 4396.48
139 4395.77
140 4395.23
141 4394.41
142 4393.99
143 4392.73
144 4391.95
145 4389.97
146 4388.67
147 4388.21
148 4386.8
149 4384.67
150 4384.33
151 4383.54
152 4382.89
153 4381.73
154 4380.44
155 4379.7
156 4379.09
157 4378.12
158 4376.89
159 4376.17
160 4375.37
161 4373.67
162 4372.74
163 4371.72
164 4370.89
165 4370.63
166 4369.78
167 4368.95
168 4367.92
169 4367.1
170 4365.69
171 4364.57
172 4363.2
173 4362.16
174 4361.68
175 4360.8
176 4360.05
177 4359.31
178 4358.82
179 4358.21
180 4357.37
181 4356.81
182 4355.12
183 4354.13
184 4353.25
185 4353.18
186 4352.15
187 4351.75
188 4350.19
189 4349.48
190 4348.25
191 4347.72
192 4347.38
193 4346.32
194 4345.53
195 4343.57
196 4343.05
197 4341.59
198 4341.05
199 4340.67
200 4339.58
201 4339.06
202 4338.48
203 4337.99
204 4337.47
205 4336.91
206 4335.5
207 4334.1
208 4333.41
209 4332.19
210 4331.15
211 4330.61
212 4328.9
213 4328.14
214 4327.88
215 4327.42
216 4326.86
217 4326.69
218 4326.25
219 4325.5
220 4324.91
221 4324.24
222 4323.58
223 4322.82
224 4321.72
225 4321.59
226 4320.88
227 4320.14
228 4320.05
229 4319.91
230 4319.59
231 4318.87
232 4318.51
233 4318.09
234 4317.84
235 4317.22
236 4317.07
237 4315.94
238 4315.35
239 4314.79
240 4314.26
241 4314.15
242 4313.55
243 4313.08
244 4312.54
245 4312
246 4311.67
247 4311.29
248 4309.74
249 4309.24
250 4308.64
251 4308.22
252 4308.06
253 4307.36
254 4307.17
255 4306.36
256 4305.19
257 4304.87
258 4303.63
259 4302.99
260 4302.58
261 4301.63
262 4301.11
263 4300.25
264 4299.48
265 4299.3
266 4298.71
267 4297.67
268 4297.56
269 4296.88
270 4296.64
271 4296.34
272 4296.26
273 4295.35
274 4294.78
275 4294.48
276 4294.15
277 4293.45
278 4292.82
279 4292.08
280 4291.76
281 4291.58
282 4290.77
283 4290.65
284 4290.45
285 4289.73
286 4289.58
287 4289.22
288 4289.04
289 4288.63
290 4287.43
291 4286.92
292 4286.8
293 4286.33
294 4285.94
295 4285.84
296 4285.47
297 4285.15
298 4285.08
299 4285.06
300 4284.61
301 4284.45
302 4283.88
303 4283.24
304 4282.94
305 4282.7
306 4281.69
307 4281.37
308 4281.08
309 4280.76
310 4280.3
311 4279.49
312 4279.18
313 4279
314 4278.73
315 4278.51
316 4277.74
317 4277.08
318 4276.79
319 4276.42
320 4276.17
321 4276
322 4275.83
323 4275.74
324 4275.43
325 4274.9
326 4274.28
327 4274.27
328 4273.43
329 4273.01
330 4272.63
331 4272.5
332 4272.38
333 4272.15
334 4272.05
335 4271.9
336 4271.6
337 4271.21
338 4271.1
339 4270.69
340 4269.91
341 4269.84
342 4269.66
343 4269.42
344 4269.09
345 4268.74
346 4268.68
347 4267.67
348 4267.64
349 4267.46
350 4266.93
352 4266.07
353 4265.85
354 4265.17
355 4264.84
356 4264.58
357 4264.26
358 4264.06
359 4263.67
360 4263.37
361 4263.24
363 4263.13
364 4262.78
365 4262.71
366 4262.66
367 4262.43
368 4261
369 4260.83
370 4260.14
371 4259.69
372 4259.23
373 4259.15
375 4258.36
376 4257.9
377 4257.58
378 4257.42
379 4257.37
380 4256.77
381 4256.24
382 4255.74
383 4254.4
384 4254.32
385 4253.99
386 4253.67
387 4253.25
388 4252.91
389 4252.55
390 4252.35
391 4252.01
392 4250.8
393 4250.26
394 4250.09
395 4249.88
396 4249.51
397 4249.24
398 4249.23
399 4248.9
400 4248.55
401 4248.09
402 4247.85
403 4247.51
404 4247.17
405 4247.14
406 4246.61
407 4246.46
408 4245.98
409 4245.71
410 4244.91
411 4244.7
412 4244.27
413 4244.08
414 4243.73
415 4243.29
416 4242.85
417 4242.47
418 4241.68
419 4241.53
420 4241.33
421 4240.82
422 4240.44
423 4240.4
424 4240.14
425 4240.01
426 4239.9
427 4239.69
428 4239.6
429 4239.33
430 4239.08
431 4238.8
432 4238.43
433 4238.3
434 4238.29
435 4238.13
436 4237.92
437 4237.65
438 4237.55
439 4237.24
440 4236.91
441 4236.59
442 4236.38
443 4236.17
444 4235.9
445 4235.71
446 4235.59
447 4235.19
448 4234.56
449 4234.3
450 4234.2
451 4234.02
452 4233.96
453 4233.82
454 4233.76
455 4233.65
456 4233.47
457 4233.01
458 4232.48
459 4232.36
460 4232.24
461 4231.75
462 4231.72
463 4231.51
464 4230.6
465 4230.41
466 4230.34
468 4230.29
469 4230.04
470 4230.01
471 4229.49
472 4229.29
473 4229.26
474 4228.64
475 4228.38
476 4228.37
477 4227.83
478 4227.66
479 4227.6
480 4226.99
481 4226.6
482 4226.26
483 4226.03
484 4225.56
485 4225.17
486 4225
487 4224.93
488 4224.83
489 4224.81
490 4224.71
491 4224.53
492 4224.27
493 4224.03
494 4223.58
495 4223.53
496 4223.31
497 4222.94
498 4222.87
499 4222.73
500 4222.6
501 4222.21
502 4221.99
503 4221.66
504 4221.54
505 4221.44
506 4221.4
507 4221.39
508 4221.1
509 4221.08
510 4220.72
511 4220.53
512 4220.25
513 4220.04
514 4219.7
515 4219.36
516 4218.78
517 4218.61
518 4218.34
519 4217.71
520 4217.41
521 4217.4
522 4217.22
523 4216.98
524 4216.9
525 4216.78
526 4216.55
527 4216.46
529 4216.39
530 4216.14
531 4216.03
532 4215.75
533 4215.62
534 4215.4
535 4214.99
536 4214.94
537 4214.62
538 4214.53
539 4214.5
542 4214.36
544 4213.86
545 4213.81
546 4213.78
547 4213.54
548 4212.32
549 4211.7
550 4211.67
551 4211.61
552 4211.55
553 4211.29
554 4210.85
555 4210.61
556 4210.47
557 4209.88
558 4209.24
559 4209
560 4208.41
561 4208.19
562 4208.05
563 4207.75
564 4207.52
565 4207.29
566 4206.98
567 4206.73
568 4206.47
569 4206.34
570 4205.98
571 4205.9
572 4205.83
573 4205.58
574 4205.56
575 4205.07
576 4204.82
577 4204.56
578 4204.35
579 4204.07
580 4203.86
582 4203.68
583 4203.44
584 4203.37
585 4203.36
586 4203.34
588 4202.81
589 4202.77
591 4202.61
592 4202.51
593 4202.49
594 4202.44
595 4202.34
596 4202.17
597 4202.06
598 4201.92
599 4201.62
602 4201.37
603 4201.36
604 4201.3
605 4201.1
606 4200.95
607 4200.75
608 4200.55
609 4200.12
610 4199.97
611 4199.72
612 4199.64
613 4199.62
614 4199.45
615 4199.37
616 4199.1
617 4198.74
618 4198.55
619 4198.43
620 4198.41
621 4198.17
622 4198.02
623 4197.95
624 4197.84
625 4197.17
626 4197.09
627 4196.61
628 4196.24
629 4196.17
631 4195.67
632 4195.58
633 4195.4
634 4195.09
635 4194.78
636 4194.72
637 4194.42
638 4194.4
639 4194.31
640 4194.29
641 4194.27
642 4194.22
643 4194.2
644 4194.09
645 4193.79
646 4193.49
647 4193.45
648 4193.31
649 4193.3
650 4193.23
652 4193.11
653 4192.93
654 4192.71
655 4192.69
656 4192.43
657 4192.2
658 4192.12
659 4192.06
660 4191.95
661 4191.82
663 4191.6
664 4191.45
665 4191.37
666 4191.14
667 4190.69
668 4190.54
669 4190.42
670 4190.34
671 4189.89
673 4189.34
674 4188.96
676 4188.84
678 4188.79
679 4188.64
680 4188.36
681 4188.28
683 4188.23
685 4188.2
686 4188.16
687 4187.95
688 4187.74
689 4187.67
690 4187.65
691 4187.5
692 4187.07
693 4186.67
694 4186.22
695 4185.98
696 4185.55
697 4185.37
698 4185.26
699 4184.92
700 4184.54
701 4184.3
702 4184.29
703 4184.21
704 4184.14
705 4184.02
706 4183.85
708 4183.3
709 4183.07
710 4182.98
711 4182.96
712 4182.84
713 4182.59
714 4182.54
715 4182.35
716 4182.3
717 4182.18
718 4181.95
719 4181.44
720 4180.74
721 4180.7
722 4180.58
724 4180.51
725 4180.4
727 4180.39
728 4180.33
729 4180.05
730 4179.91
731 4179.82
733 4179.8
734 4179.73
735 4179.65
736 4179.59
737 4179.48
738 4179.45
739 4179.43
740 4179.37
741 4179.36
742 4179.26
743 4179.12
744 4178.85
745 4178.73
746 4178.55
747 4178.2
748 4178.1
749 4177.96
750 4177.81
751 4177.79
752 4177.34
753 4176.88
754 4176.45
755 4176.37
756 4176.09
757 4175.72
759 4175.68
760 4175.51
761 4175.43
763 4175.11
766 4175
767 4174.96
768 4174.53
769 4174.24
771 4174.21
772 4174.17
773 4174.05
774 4173.87
775 4173.71
776 4173.55
778 4173.45
779 4173.34
780 4173.09
782 4172.79
783 4172.57
784 4172.35
785 4172.31
787 4171.86
788 4171.65
789 4171.44
790 4171.25
791 4171.1
792 4170.61
793 4170.55
794 4170.48
796 4170.38
797 4170.3
798 4170.18
799 4169.89
800 4169.86
802 4169.85
803 4169.52
804 4169.47
805 4169.39
806 4169.14
807 4169
808 4168.85
809 4168.73
811 4168.71
813 4168.62
814 4168.5
815 4168.44
816 4168.33
817 4168.12
818 4167.93
819 4167.92
820 4167.9
821 4167.84
822 4167.55
823 4167.53
825 4167.28
827 4166.97
829 4166.87
830 4166.83
831 4166.74
832 4166.68
833 4166.6
834 4166.49
835 4166.28
836 4166.27
837 4166.14
838 4166.01
839 4165.81
840 4165.76
841 4165.75
842 4165.74
845 4165.73
847 4165.66
848 4165.41
849 4165.37
850 4165.29
851 4165.17
852 4164.9
853 4164.77
854 4164.7
855 4164.62
857 4164.54
858 4164.49
859 4164.48
860 4164.44
861 4164.2
862 4163.81
863 4163.77
864 4163.72
865 4163.38
867 4163.28
868 4163.17
869 4163.16
870 4163.02
871 4162.87
872 4162.8
873 4162.5
875 4162.39
876 4162.38
877 4162.3
878 4161.64
879 4161.22
880 4161.11
881 4161.1
882 4160.99
883 4160.98
884 4160.89
885 4160.84
886 4160.74
887 4160.51
888 4160.17
889 4160.07
890 4159.82
891 4159.74
892 4159.56
893 4159.44
894 4159.38
895 4159.11
896 4158.82
897 4158.81
898 4158.72
899 4158.64
900 4158.55
901 4158.36
902 4158.33
903 4158.01
904 4157.7
905 4157.61
907 4157.58
908 4157.54
909 4157.49
910 4157.22
912 4156.98
913 4156.87
914 4156.86
915 4156.77
916 4156.68
917 4156.49
918 4156.43
920 4156.41
921 4156.23
922 4156.21
924 4156
925 4155.99
926 4155.83
927 4155.82
928 4155.8
929 4155.71
930 4155.55
931 4155.46
932 4155.44
933 4155.25
934 4155.14
935 4154.69
936 4154.66
937 4154.59
938 4154.49
939 4154.28
940 4154.04
941 4153.41
943 4153.33
944 4153.29
945 4153.27
946 4153.13
947 4152.97
948 4152.86
949 4152.75
950 4152.56
951 4152.51
952 4152.5
953 4152.45
954 4152.38
955 4152.3
957 4152.23
958 4152.15
960 4152.11
961 4151.84
963 4151.69
964 4151.56
965 4151.53
967 4151.23
968 4151.22
969 4151.16
973 4151.1
974 4151
975 4150.86
976 4150.73
977 4150.67
978 4150.58
979 4150.55
980 4150.45
981 4150.33
982 4150.05
983 4149.99
984 4149.72
985 4149.7
986 4149.51
987 4148.92
988 4148.8
989 4148.69
990 4148.63
992 4148.57
993 4148.43
994 4148.36
996 4148.27
997 4148.08
998 4148.04
999 4147.99
1000 4147.95
1001 4147.73
1002 4147.67
1003 4147.62
1004 4147.47
1006 4147.38
1007 4147.18
1008 4147.1
1009 4147.07
1010 4146.93
1012 4146.53
1013 4146.45
1014 4146.26
1016 4146.13
1017 4146.05
1018 4145.78
1021 4145.74
1022 4145.37
1023 4145.22
1024 4145.1
1026 4145
1027 4144.82
1028 4144.6
1029 4144.57
1030 4144.54
1031 4144.52
1032 4144.48
1033 4144.36
1035 4144.28
1036 4144.27
1037 4143.77
1039 4143.67
1040 4143.62
1041 4143.5
1042 4143.43
1045 4143.42
1046 4143.31
1047 4143.3
1048 4143.04
1049 4142.78
1050 4142.68
1051 4142.62
1052 4142.6
1053 4142.51
1054 4142.42
1055 4142.38
1056 4142.18
1058 4142
1059 4141.77
1060 4141.61
1061 4141.51
1062 4141.5
1063 4141.48
1064 4141.45
1065 4141.32
1066 4141.31
1067 4141.07
1069 4140.39
1070 4140.21
1071 4140.15
1072 4139.82
1074 4139.8
1075 4139.57
1077 4139.5
1078 4139.25
1079 4139.19
1081 4139.03
1083 4138.91
1084 4138.84
1086 4138.83
1087 4138.82
1088 4138.69
1089 4138.67
1090 4138.52
1091 4138.32
1093 4138.18
1094 4137.97
1095 4137.94
1096 4137.81
1097 4137.74
1098 4137.55
1100 4137.36
1101 4137.3
1102 4137
1103 4136.87
1104 4136.54
1105 4136.42
1106 4136.38
1108 4136.3
1109 4136.2
1110 4136.02
1111 4136
1112 4135.86
1113 4135.81
1114 4135.68
1116 4135.66
1117 4135.5
1119 4135.14
1120 4134.99
1121 4134.78
1122 4134.42
1123 4134.24
1124 4134.19
1125 4134.1
1126 4134
1128 4133.81
1129 4133.49
1130 4133.3
1131 4133.25
1132 4133.19
1136 4133.04
1137 4132.9
1138 4132.75
1139 4132.72
1141 4132.68
1142 4132.5
1143 4132.45
1144 4132.3
1145 4132.24
1146 4132.2
1147 4132.14
1148 4131.98
1149 4131.93
1150 4131.83
1151 4131.74
1153 4131.73
1154 4131.66
1155 4131.51
1156 4131.34
1159 4131.33
1162 4131.3
1163 4131.29
1165 4131.08
1166 4131.03
1167 4131
1168 4130.6
1169 4130.51
1170 4130.47
1171 4130.21
1172 4130.19
1173 4130.17
1174 4130.1
1175 4130.01
1176 4129.99
1178 4129.97
1179 4129.96
1180 4129.72
1181 4129.67
1182 4129.36
1185 4129.32
1186 4128.97
1187 4128.77
1188 4128.64
1190 4128.47
1191 4128.41
1192 4128.19
1193 4127.98
1194 4127.86
1195 4127.81
1196 4127.75
1197 4127.73
1198 4127.72
1199 4127.69
1200 4127.68
1201 4127.37
1203 4127.36
1204 4127.33
1205 4127.1
1208 4127.03
1210 4126.75
1214 4126.69
1215 4126.64
1216 4126.49
1218 4126.48
1220 4126.35
1221 4126.28
1224 4126.22
1225 4126.1
1226 4126.02
1227 4125.93
1228 4125.71
1229 4125.59
1230 4125.57
1231 4125.51
1232 4125.41
1233 4125.4
1234 4125.31
1235 4125.27
1238 4125.21
1239 4125.08
1241 4125.06
1242 4125.03
1244 4125
1245 4124.95
1247 4124.88
1248 4124.72
1250 4124.5
1251 4124.47
1253 4124.46
1254 4124.43
1256 4124.11
1258 4124.09
1259 4123.98
1261 4123.8
1262 4123.76
1264 4123.74
1266 4123.64
1267 4123.58
1269 4123.36
1270 4123.32
1272 4123.17
1274 4123.09
1278 4123.07
1281 4123.02
1282 4122.84
1283 4122.64
1284 4122.5
1285 4122.34
1286 4122.22
1287 4122
1288 4121.88
1289 4121.87
1290 4121.78
1291 4121.72
1292 4121.56
1295 4121.43
1297 4121.36
1298 4121.29
1299 4121.17
1301 4121.01
1302 4120.9
1303 4120.85
1305 4120.8
1306 4120.72
1308 4120.63
1309 4120.48
1310 4120.47
1311 4120.25
1312 4120.16
1313 4120.11
1314 4120.08
1315 4120.07
1316 4119.81
1317 4119.77
1320 4119.76
1321 4119.69
1322 4119.54
1323 4119.41
1325 4119.38
1326 4119.35
1327 4119.1
1328 4118.95
1333 4118.82
1336 4118.8
1338 4118.75
1339 4118.71
1340 4118.43
1341 4118.4
1342 4118.24
1343 4118.2
1344 4117.94
1345 4117.86
1346 4117.77
1348 4117.76
1349 4117.72
1351 4117.67
1357 4117.57
1358 4117.56
1359 4117.49
1362 4117.43
1363 4117.36
1364 4117.14
1365 4117.03
1367 4117
1370 4116.88
1371 4116.77
1373 4116.75
1374 4116.72
1375 4116.68
1376 4116.64
1377 4116.62
1378 4116.57
1380 4116.44
1382 4116.33
1383 4116.29
1386 4116.1
1387 4116.06
1388 4116.01
1390 4115.91
1392 4115.86
1393 4115.81
1395 4115.69
1401 4115.63
1405 4115.62
1407 4115.5
1408 4115.42
1409 4115.28
1410 4115.27
1411 4114.98
1412 4114.96
1413 4114.8
1417 4114.6
1419 4114.51
1420 4114.37
1421 4114.22
1422 4114.15
1423 4114.04
1425 4113.95
1426 4113.91
1429 4113.63
1431 4113.62
1432 4113.28
1436 4113.27
1439 4113.17
1440 4113.11
1441 4113.08
1442 4113.03
1443 4112.98
1444 4112.88
1445 4112.84
1447 4112.71
1449 4112.68
1450 4112.66
1451 4112.48
1452 4112.32
1453 4112.31
1454 4112.28
1456 4112.17
1458 4112.16
1461 4112.13
1462 4112.11
1464 4112.09
1465 4112.06
1468 4111.82
1470 4111.77
1472 4111.53
1473 4111.48
1474 4111.47
1477 4111.45
1478 4111.44
1479 4111.42
1485 4111.32
1486 4111.15
1487 4111.14
1490 4111
1491 4110.96
1492 4110.84
1494 4110.83
1495 4110.77
1496 4110.73
1497 4110.65
1498 4110.61
1499 4110.51
1500 4110.41
1501 4110.31
1505 4110.06
1507 4109.95
1508 4109.94
1509 4109.9
1511 4109.84
1512 4109.78
1515 4109.75
1516 4109.73
1517 4109.7
1518 4109.56
1519 4109.55
1521 4109.53
1522 4109.49
1523 4109.39
1524 4109.36
1525 4109.34
1526 4109.27
1527 4109.2
1528 4109.03
1529 4108.97
1530 4108.8
1533 4108.72
1536 4108.68
1537 4108.65
1538 4108.54
1539 4108.31
1540 4108.26
1541 4108.1
1544 4108.06
1545 4108.04
1546 4107.93
1548 4107.57
1549 4107.52
1550 4107.39
1551 4107.38
1552 4107.37
1553 4107.36
1555 4107.26
1562 4107.16
1563 4107.14
1565 4107.13
1566 4107.08
1569 4107.02
1570 4106.9
1571 4106.83
1574 4106.72
1575 4106.56
1576 4106.51
1577 4106.5
1578 4106.46
1580 4106.36
1581 4106.3
1582 4106.28
1583 4106.19
1584 4105.86
1585 4105.76
1586 4105.73
1588 4105.61
1589 4105.53
1590 4105.51
1591 4105.43
1592 4105.41
1593 4105.31
1595 4105.26
1596 4105.17
1597 4105.16
1598 4105.07
1601 4104.97
1602 4104.96
1604 4104.71
1605 4104.67
1606 4104.63
1607 4104.56
1611 4104.53
1613 4104.5
1614 4104.4
1615 4104.35
1617 4104.23
1623 4104.21
1626 4104.09
1627 4104.07
1629 4103.84
1630 4103.67
1633 4103.56
1638 4103.19
1640 4103.18
1641 4103.07
1642 4103.05
1643 4102.87
1644 4102.68
1645 4102.66
1646 4102.43
1648 4102.29
1654 4102.21
1655 4101.83
1656 4101.8
1657 4101.74
1659 4101.71
1660 4101.64
1661 4101.62
1663 4101.55
1664 4101.53
1665 4101.46
1666 4101.4
1667 4101.31
1668 4101.3
1669 4101.28
1670 4101.11
1671 4101
1673 4100.71
1674 4100.62
1675 4100.54
1676 4100.48
1677 4100.43
1678 4100.37
1679 4100.31
1680 4100.29
1681 4100.25
1684 4100.2
1685 4100.14
1687 4100.08
1688 4099.95
1689 4099.83
1691 4099.81
1692 4099.74
1693 4099.45
1694 4099.33
1697 4099.3
1700 4099.12
1705 4099.09
1706 4099
1708 4098.89
1710 4098.82
1711 4098.77
1713 4098.74
1714 4098.39
1716 4098.26
1719 4097.91
1722 4097.89
1723 4097.83
1726 4097.82
1728 4097.63
1730 4097.62
1733 4097.59
1738 4097.43
1740 4097.33
1741 4097.14
1742 4097.1
1744 4097.08
1745 4096.97
1749 4096.91
1751 4096.89
1752 4096.86
1753 4096.78
1757 4096.74
1758 4096.57
1760 4096.42
1763 4096.34
1764 4096.25
1765 4096.21
1766 4096.08
1767 4096.05
1768 4095.86
1771 4095.7
1772 4095.63
1775 4095.51
1778 4095.44
1780 4095.39
1781 4095.35
1783 4095.21
1785 4095.12
1790 4094.96
1792 4094.95
1794 4094.93
1795 4094.85
1797 4094.84
1798 4094.83
1800 4094.82
1801 4094.77
1805 4094.57
1807 4094.53
1808 4094.41
1810 4094.4
1811 4094.37
1814 4094.25
1815 4094.2
1816 4094.19
1817 4094.1
1818 4094.06
1819 4094.04
1824 4094.02
1827 4093.92
1829 4093.89
1830 4093.83
1831 4093.73
1833 4093.59
1835 4093.57
1836 4093.5
1839 4093.48
1841 4093.4
1844 4093.38
1848 4093.26
1849 4093.25
1850 4093.13
1854 4093.06
1855 4092.96
1856 4092.91
1857 4092.85
1858 4092.84
1860 4092.68
1861 4092.61
1862 4092.57
1864 4092.54
1870 4092.49
1873 4092.43
1874 4092.35
1876 4092.33
1879 4092.32
1880 4092.31
1881 4092.28
1882 4092.21
1883 4092.19
1884 4092.15
1888 4092.01
1891 4091.99
1892 4091.94
1895 4091.93
1896 4091.9
1897 4091.79
1898 4091.7
1900 4091.66
1905 4091.6
1906 4091.5
1907 4091.13
1909 4091.08
1911 4090.94
1912 4090.75
1914 4090.72
1918 4090.64
1919 4090.63
1920 4090.6
1921 4090.5
1923 4090.47
1924 4090.46
1925 4090.36
1927 4090.34
1928 4090.26
1929 4090.23
1931 4090.18
1932 4090.13
1933 4090.12
1934 4090.07
1935 4089.95
1940 4089.69
1941 4089.62
1943 4089.42
1945 4089.38
1947 4089.36
1952 4089.33
1954 4089.29
1955 4089.25
1960 4089.16
1963 4089.14
1965 4089.11
1966 4089.01
1970 4088.82
1971 4088.8
1976 4088.78
1977 4088.64
1979 4088.52
1981 4088.45
1983 4088.43
1984 4088.39
1987 4088.37
1991 4088.34
1993 4088.29
1994 4088.22
1997 4088.12
2000 4088.05
2001 4087.93
2002 4087.92
2004 4087.63
2005 4087.57
2006 4087.47
2007 4087.4
2008 4087.22
2011 4087.21
2014 4087.13
2015 4087.09
2021 4087.08
2022 4087.05
2024 4087.01
2029 4087
2030 4086.99
2031 4086.67
2036 4086.66
2040 4086.65
2041 4086.59
2042 4086.58
2045 4086.49
2049 4086.48
2050 4086.41
2053 4086.38
2057 4086.37
2060 4086.23
2061 4086.17
2063 4086
2065 4085.97
2069 4085.88
2070 4085.85
2071 4085.67
2075 4085.58
2077 4085.49
2079 4085.39
2081 4085.3
2082 4085.24
2083 4085.22
2086 4085.14
2087 4085.12
2088 4084.99
2090 4084.92
2092 4084.89
2095 4084.84
2096 4084.78
2098 4084.58
2102 4084.53
2104 4084.51
2106 4084.49
2107 4084.4
2108 4084.38
2110 4084.28
2112 4084.14
2113 4084.11
2115 4084.09
2122 4083.94
2124 4083.8
2127 4083.7
2128 4083.65
2129 4083.49
2132 4083.43
2138 4083.38
2139 4083.33
2142 4083.29
2146 4083.19
2147 4083.18
2151 4083.14
2152 4083.03
2154 4082.85
2163 4082.81
2164 4082.8
2166 4082.74
2169 4082.73
2170 4082.62
2171 4082.6
2174 4082.59
2176 4082.57
2178 4082.53
2182 4082.48
2183 4082.41
2184 4082.38
2186 4082.34
2187 4082.2
2189 4082.19
2190 4081.95
2192 4081.88
2194 4081.83
2195 4081.82
2197 4081.79
2198 4081.62
2199 4081.6
2202 4081.56
2203 4081.5
2204 4081.38
2207 4081.1
2209 4081.09
2212 4081.06
2213 4080.99
2216 4080.95
2221 4080.92
2225 4080.88
2226 4080.85
2229 4080.83
2231 4080.77
2232 4080.68
2234 4080.62
2236 4080.6
2237 4080.56
2240 4080.55
2241 4080.52
2242 4080.32
2243 4080.25
2245 4080.11
2246 4080.08
2250 4079.95
2251 4079.87
2252 4079.85
2256 4079.6
2257 4079.53
2258 4079.47
2261 4079.44
2265 4079.34
2270 4079.29
2271 4079.22
2274 4079.09
2276 4078.99
2277 4078.95
2278 4078.78
2279 4078.59
2280 4078.57
2282 4078.44
2283 4078.31
2287 4078.24
2288 4078.21
2289 4078.13
2290 4078.12
2292 4078.09
2300 4077.96
2301 4077.91
2303 4077.89
2304 4077.77
2305 4077.59
2307 4077.55
2309 4077.49
2310 4077.42
2311 4077.38
2313 4077.37
2320 4077.29
2322 4077.12
2324 4077.08
2329 4077.02
2331 4076.99
2334 4076.95
2338 4076.93
2341 4076.91
2342 4076.9
2343 4076.89
2345 4076.78
2349 4076.72
2350 4076.64
2360 4076.61
2362 4076.58
2365 4076.45
2366 4076.42
2369 4076.41
2370 4076.33
2372 4076.3
2373 4076.26
2375 4076.17
2376 4076.1
2378 4076.09
2381 4076.08
2383 4076.06
2386 4076.02
2391 4075.97
2393 4075.95
2395 4075.86
2396 4075.78
2397 4075.73
2401 4075.63
2402 4075.61
2403 4075.48
2407 4075.47
2413 4075.4
2414 4075.38
2417 4075.3
2418 4075.18
2419 4075.07
2420 4075.04
2421 4074.99
2422 4074.86
2433 4074.79
2435 4074.7
2439 4074.63
2441 4074.51
2443 4074.45
2446 4074.38
2451 4074.34
2452 4074.28
2453 4074.22
2456 4074.1
2457 4074.08
2459 4073.85
2461 4073.79
2462 4073.69
2463 4073.56
2467 4073.44
2468 4073.41
2472 4073.23
2478 4073.22
2480 4073.17
2481 4073.06
2483 4073.05
2484 4073.02
2486 4072.99
2487 4072.97
2490 4072.91
2492 4072.9
2495 4072.85
2496 4072.73
2498 4072.68
2499 4072.64
2502 4072.55
2503 4072.54
2504 4072.42
2505 4072.4
2508 4072.36
2517 4072.25
2518 4072.22
2522 4072.17
2523 4072.09
2525 4072.07
2528 4071.94
2530 4071.68
2535 4071.66
2539 4071.65
2541 4071.6
2542 4071.52
2548 4071.45
2552 4071.32
2554 4071.24
2555 4071.19
2556 4071.17
2559 4071.15
2560 4071.12
2567 4071.11
2568 4071.09
2571 4071.06
2572 4071.01
2573 4071
2589 4070.89
2590 4070.85
2592 4070.77
2593 4070.69
2596 4070.66
2597 4070.56
2602 4070.48
2603 4070.42
2609 4070.34
2611 4070.3
2615 4070.25
2626 4070.16
2632 4070.06
2634 4070.05
2641 4070.04
2648 4070.03
2651 4070.02
2652 4070.01
2653 4069.97
2657 4069.9
2659 4069.81
2660 4069.75
2661 4069.7
2662 4069.65
2665 4069.63
2669 4069.53
2670 4069.44
2671 4069.43
2674 4069.39
2676 4069.36
2677 4069.21
2678 4069.15
2680 4069.12
2681 4069.03
2683 4068.99
2686 4068.96
2689 4068.94
2690 4068.9
2691 4068.86
2692 4068.85
2697 4068.78
2698 4068.76
2700 4068.75
2701 4068.72
2702 4068.7
2703 4068.68
2706 4068.53
2709 4068.49
2710 4068.46
2713 4068.32
2719 4068.31
2728 4068.27
2729 4068.22
2730 4068.18
2731 4068.07
2732 4068.06
2734 4068.03
2739 4067.98
2742 4067.96
2744 4067.88
2750 4067.83
2751 4067.8
2753 4067.78
2756 4067.74
2757 4067.7
2763 4067.68
2766 4067.58
2768 4067.54
2772 4067.52
2774 4067.5
2775 4067.43
2781 4067.3
2782 4067.29
2783 4067.26
2790 4067.25
2792 4067.04
2794 4066.88
2795 4066.86
2796 4066.85
2797 4066.79
2801 4066.74
2802 4066.71
2803 4066.63
2804 4066.55
2805 4066.49
2809 4066.45
2815 4066.44
2816 4066.35
2817 4066.24
2819 4066.19
2820 4066.15
2821 4066.08
2823 4066.07
2825 4066.03
2828 4066.02
2830 4066.01
2831 4065.95
2833 4065.9
2835 4065.87
2842 4065.35
2844 4065.34
2858 4065.33
2860 4065.29
2861 4065.25
2862 4065.24
2865 4065.23
2868 4065.21
2869 4065.18
2871 4065
2874 4064.99
2875 4064.94
2880 4064.89
2881 4064.83
2882 4064.69
2883 4064.68
2886 4064.66
2888 4064.59
2891 4064.55
2892 4064.54
2893 4064.53
2897 4064.52
2901 4064.51
2904 4064.49
2907 4064.45
2908 4064.4
2913 4064.35
2914 4064.3
2924 4064.29
2925 4064.25
2927 4064.04
2929 4064.01
2933 4063.91
2935 4063.84
2938 4063.83
2939 4063.81
2941 4063.58
2942 4063.51
2943 4063.48
2948 4063.41
2950 4063.31
2951 4063.21
2953 4063.19
2955 4063.13
2956 4063.08
2963 4063.01
2967 4062.98
2971 4062.89
2975 4062.87
2980 4062.77
2981 4062.66
2982 4062.62
2984 4062.51
2991 4062.39
2992 4062.36
2996 4062.31
3001 4062.26
3002 4062.2
3003 4062.17
3007 4062.14
3008 4062.11
3009 4061.92
3013 4061.89
3015 4061.86
3016 4061.83
3019 4061.81
3021 4061.78
3022 4061.77
3023 4061.76
3025 4061.7
3027 4061.63
3029 4061.62
3030 4061.59
3031 4061.5
3036 4061.3
3037 4061.29
3038 4061.28
3039 4061.26
3044 4061.24
3045 4061.23
3048 4061.17
3050 4061.1
3052 4061.02
3057 4060.99
3058 4060.9
3064 4060.86
3069 4060.85
3070 4060.82
3075 4060.8
3076 4060.79
3092 4060.69
3106 4060.66
3107 4060.52
3110 4060.49
3114 4060.47
3119 4060.32
3122 4060.27
3130 4060.18
3131 4060.06
3135 4059.98
3136 4059.92
3137 4059.91
3138 4059.86
3141 4059.81
3142 4059.77
3143 4059.68
3146 4059.63
3156 4059.59
3157 4059.58
3162 4059.53
3166 4059.52
3167 4059.49
3177 4059.41
3179 4059.33
3181 4059.32
3182 4059.25
3188 4059.18
3193 4059.02
3198 4058.99
3203 4058.94
3206 4058.9
3208 4058.89
3211 4058.82
3215 4058.75
3217 4058.73
3219 4058.62
3226 4058.58
3227 4058.54
3229 4058.51
3231 4058.5
3232 4058.46
3233 4058.41
3239 4058.37
3245 4058.28
3248 4058.26
3250 4058.25
3251 4058.21
3252 4058.19
3255 4058.17
3258 4058.16
3259 4057.98
3262 4057.94
3265 4057.89
3268 4057.88
3274 4057.85
3276 4057.78
3280 4057.64
3289 4057.48
3296 4057.21
3302 4057.02
3303 4057
3306 4056.88
3307 4056.87
3308 4056.76
3309 4056.74
3310 4056.66
3317 4056.65
3327 4056.64
3328 4056.55
3330 4056.52
3334 4056.51
3339 4056.5
3344 4056.46
3348 4056.41
3350 4056.39
3352 4056.33
3353 4056.23
3356 4056.15
3358 4056.1
3360 4056.08
3365 4056.02
3371 4056.01
3375 4056
3380 4055.98
3381 4055.97
3384 4055.8
3386 4055.6
3390 4055.58
3399 4055.56
3400 4055.49
3401 4055.34
3412 4055.31
3414 4055.24
3419 4055.15
3421 4055.11
3424 4055.05
3437 4055.04
3438 4054.99
3441 4054.88
3443 4054.87
3444 4054.66
3445 4054.64
3447 4054.54
3451 4054.52
3452 4054.44
3453 4054.43
3460 4054.4
3468 4054.38
3471 4054.33
3472 4054.29
3474 4054.27
3475 4054.18
3478 4054.15
3479 4054.12
3480 4054.09
3482 4054.02
3485 4053.99
3490 4053.97
3496 4053.95
3497 4053.92
3499 4053.91
3502 4053.9
3504 4053.78
3505 4053.73
3506 4053.65
3507 4053.53
3508 4053.5
3510 4053.49
3514 4053.47
3515 4053.43
3516 4053.39
3519 4053.36
3523 4053.34
3526 4053.31
3529 4053.27
3530 4053.26
3532 4053.16
3534 4053.13
3535 4053.11
3540 4052.98
3542 4052.96
3546 4052.93
3547 4052.91
3553 4052.87
3562 4052.85
3565 4052.81
3566 4052.8
3570 4052.73
3574 4052.71
3577 4052.51
3582 4052.43
3584 4052.41
3590 4052.36
3591 4052.14
3592 4052.12
3598 4052.11
3599 4052.07
3605 4052.04
3609 4051.92
3610 4051.9
3615 4051.83
3618 4051.74
3622 4051.65
3624 4051.64
3625 4051.61
3627 4051.59
3628 4051.57
3629 4051.54
3635 4051.51
3636 4051.48
3637 4051.45
3641 4051.4
3643 4051.38
3644 4051.37
3646 4051.36
3647 4051.34
3648 4051.33
3649 4051.2
3654 4051.13
3661 4051.04
3662 4050.98
3670 4050.96
3672 4050.73
3680 4050.63
3684 4050.6
3686 4050.59
3687 4050.54
3690 4050.47
3691 4050.39
3693 4050.28
3695 4050.25
3696 4050.13
3697 4050
3699 4049.98
3708 4049.92
3712 4049.74
3716 4049.71
3718 4049.69
3720 4049.67
3722 4049.51
3741 4049.49
3744 4049.46
3747 4049.45
3751 4049.44
3752 4049.39
3753 4049.31
3755 4049.24
3763 4049.2
3770 4049.16
3771 4049.06
3773 4049.05
3774 4049.01
3780 4048.92
3781 4048.82
3782 4048.73
3793 4048.62
3794 4048.59
3797 4048.53
3798 4048.52
3799 4048.5
3807 4048.38
3808 4048.37
3812 4048.34
3816 4048.33
3817 4048.3
3818 4048.27
3819 4047.99
3820 4047.91
3825 4047.89
3828 4047.87
3840 4047.86
3843 4047.75
3856 4047.69
3858 4047.68
3861 4047.66
3862 4047.65
3864 4047.64
3866 4047.6
3882 4047.58
3883 4047.5
3895 4047.41
3897 4047.37
3898 4047.36
3902 4047.32
3905 4047.28
3913 4047.25
3918 4047.24
3925 4047.22
3930 4047.2
3931 4047.16
3939 4047.14
3946 4047.01
3947 4046.94
3954 4046.92
3956 4046.78
3957 4046.71
3960 4046.66
3962 4046.5
3963 4046.49
3965 4046.47
3967 4046.44
3970 4046.34
3971 4046.3
3978 4046.18
3979 4046.11
3982 4046.1
3983 4046.09
3986 4046.07
3988 4046.02
3992 4046.01
3994 4045.92
3996 4045.85
4004 4045.79
4005 4045.78
4006 4045.71
4016 4045.7
4020 4045.68
4032 4045.65
4039 4045.59
4041 4045.54
4044 4045.5
4046 4045.47
4047 4045.41
4048 4045.4
4055 4045.38
4069 4045.18
4073 4045.16
4076 4045.13
4080 4045.03
4081 4044.98
4084 4044.95
4087 4044.94
4090 4044.86
4091 4044.8
4092 4044.77
4096 4044.76
4097 4044.74
4102 4044.72
4104 4044.66
4108 4044.58
4113 4044.53
4118 4044.52
4120 4044.46
4122 4044.42
4123 4044.4
4129 4044.34
4130 4044.32
4131 4044.3
4136 4044.23
4138 4044.22
4140 4044.2
4142 4044.16
4146 4044.08
4150 4044.05
4159 4043.94
4162 4043.91
4163 4043.77
4164 4043.68
4169 4043.64
4173 4043.63
4174 4043.62
4176 4043.61
4178 4043.6
4194 4043.57
4201 4043.56
4204 4043.55
4206 4043.51
4207 4043.43
4209 4043.42
4216 4043.4
4224 4043.31
4227 4043.29
4231 4043.28
4239 4043.21
4249 4043.16
4250 4043.12
4255 4043.11
4257 4043.1
4261 4042.94
4271 4042.92
4273 4042.84
4274 4042.8
4276 4042.78
4277 4042.76
4281 4042.74
4282 4042.58
4284 4042.56
4285 4042.55
4286 4042.44
4291 4042.4
4297 4042.39
4305 4042.38
4307 4042.3
4311 4042.25
4315 4042.21
4316 4042.2
4318 4042.14
4321 4042.12
4333 4042.03
4336 4042
4338 4041.99
4340 4041.96
4343 4041.92
4345 4041.85
4350 4041.78
4360 4041.76
4364 4041.75
4370 4041.59
4376 4041.54
4377 4041.41
4378 4041.37
4379 4041.34
4380 4041.23
4381 4041.21
4387 4041.2
4388 4041.05
4392 4041.03
4395 4040.99
4397 4040.98
4401 4040.86
4403 4040.75
4407 4040.66
4416 4040.61
4423 4040.6
4427 4040.59
4429 4040.57
4431 4040.56
4432 4040.53
4434 4040.52
4435 4040.46
4437 4040.4
4439 4040.34
4442 4040.33
4445 4040.32
4447 4040.3
4458 4040.29
4461 4040.28
4463 4040.23
4464 4040.22
4466 4040.15
4471 4040.06
4472 4040
4474 4039.97
4475 4039.91
4481 4039.87
4486 4039.78
4487 4039.73
4489 4039.68
4494 4039.65
4501 4039.64
4504 4039.45
4506 4039.31
4517 4039.23
4519 4039.16
4524 4039.11
4527 4039.1
4533 4039.09
4535 4039.06
4536 4039.02
4538 4039.01
4540 4038.95
4541 4038.9
4543 4038.89
4546 4038.85
4547 4038.77
4550 4038.73
4551 4038.72
4552 4038.71
4558 4038.66
4560 4038.64
4564 4038.6
4569 4038.52
4571 4038.48
4576 4038.37
4578 4038.34
4582 4038.29
4590 4038.22
4592 4038.19
4593 4038.12
4595 4038.1
4597 4037.99
4599 4037.96
4604 4037.92
4607 4037.88
4611 4037.79
4612 4037.76
4621 4037.73
4624 4037.72
4629 4037.7
4632 4037.69
4645 4037.68
4646 4037.64
4648 4037.6
4650 4037.54
4651 4037.48
4661 4037.43
4663 4037.39
4665 4037.29
4668 4037.28
4672 4037.26
4680 4037.16
4681 4037.15
4684 4037.08
4686 4037.03
4688 4036.78
4689 4036.69
4691 4036.65
4692 4036.62
4703 4036.55
4704 4036.53
4712 4036.27
4713 4036.26
4720 4036.23
4728 4036.2
4729 4036.17
4730 4036.14
4731 4036.01
4738 4035.99
4742 4035.87
4743 4035.85
4746 4035.72
4750 4035.69
4754 4035.66
4762 4035.65
4776 4035.6
4789 4035.58
4794 4035.56
4795 4035.54
4805 4035.53
4814 4035.47
4817 4035.43
4820 4035.42
4832 4035.41
4833 4035.35
4836 4035.34
4837 4035.17
4846 4035.16
4855 4035.09
4858 4035.01
4859 4034.89
4863 4034.87
4864 4034.83
4865 4034.76
4867 4034.71
4868 4034.62
4873 4034.58
4880 4034.57
4889 4034.46
4894 4034.34
4912 4034.07
4913 4034.06
4921 4034.05
4923 4034.04
4926 4034.03
4931 4033.9
4935 4033.89
4937 4033.8
4939 4033.79
4944 4033.75
4951 4033.7
4952 4033.69
4956 4033.67
4961 4033.6
4964 4033.57
4971 4033.54
4975 4033.51
4978 4033.49
4984 4033.47
4988 4033.46
4989 4033.43
4999 4033.39
5006 4033.38
5008 4033.33
5009 4033.31
5012 4033.3
5016 4033.27
5020 4033.23
5022 4033.19
5024 4033.16
5026 4033.12
5035 4033.02
5041 4032.98
5049 4032.91
5054 4032.83
5056 4032.82
5059 4032.74
5060 4032.64
5063 4032.62
5076 4032.54
5079 4032.52
5083 4032.5
5084 4032.47
5090 4032.27
5091 4032.2
5093 4032.11
5097 4032.1
5101 4032.08
5107 4032.06
5108 4031.97
5112 4031.94
5114 4031.82
5122 4031.79
5125 4031.63
5129 4031.58
5131 4031.53
5132 4031.48
5133 4031.47
5139 4031.44
5143 4031.42
5144 4031.4
5150 4031.31
5153 4031.19
5159 4031.18
5172 4031.16
5173 4031.12
5175 4031.1
5176 4031.06
5177 4031.01
5180 4030.94
5184 4030.86
5188 4030.76
5189 4030.71
5190 4030.62
5204 4030.6
5208 4030.57
5209 4030.41
5214 4030.33
5215 4030.3
5218 4030.28
5219 4030.26
5220 4030.25
5221 4030.23
5229 4030.21
5231 4030.2
5234 4030.17
5242 4029.98
5246 4029.96
5257 4029.91
5258 4029.84
5270 4029.83
5271 4029.82
5276 4029.6
5284 4029.59
5288 4029.57
5289 4029.55
5292 4029.52
5294 4029.49
5309 4029.42
5326 4029.36
5332 4029.34
5335 4029.21
5337 4029.16
5344 4029.15
5353 4029.13
5358 4029.09
5362 4029.06
5363 4028.96
5367 4028.87
5368 4028.86
5371 4028.79
5378 4028.76
5379 4028.74
5381 4028.69
5382 4028.68
5400 4028.65
5402 4028.62
5406 4028.57
5415 4028.55
5427 4028.54
5433 4028.5
5439 4028.43
5444 4028.42
5445 4028.41
5468 4028.33
5485 4028.29
5486 4028.28
5490 4028.27
5499 4028.26
5514 4028.25
5516 4028.24
5543 4028.23
5547 4028.13
5553 4028.1
5558 4028.07
5562 4028.04
5578 4027.8
5579 4027.78
5582 4027.7
5584 4027.66
5592 4027.65
5597 4027.63
5599 4027.55
5609 4027.54
5617 4027.52
5619 4027.51
5623 4027.5
5631 4027.48
5632 4027.47
5635 4027.41
5636 4027.38
5645 4027.33
5648 4027.29
5661 4027.27
5662 4027.26
5676 4027.2
5682 4027.1
5684 4026.99
5689 4026.98
5700 4026.96
5701 4026.95
5703 4026.94
5719 4026.92
5723 4026.89
5728 4026.85
5734 4026.84
5740 4026.82
5742 4026.79
5743 4026.73
5751 4026.71
5763 4026.58
5786 4026.44
5788 4026.43
5820 4026.37
5823 4026.36
5828 4026.32
5839 4026.3
5840 4026.24
5874 4026.17
5877 4026.14
5884 4026.1
5886 4026.08
5888 4026.04
5891 4026.02
5896 4025.95
5915 4025.92
5923 4025.91
5924 4025.9
5927 4025.89
5930 4025.87
5931 4025.74
5943 4025.71
5944 4025.68
5948 4025.65
5951 4025.64
5953 4025.63
5955 4025.61
5957 4025.6
5976 4025.58
5978 4025.56
5979 4025.48
6003 4025.41
6009 4025.32
6026 4025.31
6046 4025.25
6060 4025.24
6061 4025.23
6067 4025.19
6068 4025.16
6079 4025.12
6082 4025.06
6083 4025.05
6094 4025.01
6101 4025
6103 4024.93
6122 4024.91
6131 4024.89
6132 4024.88
6134 4024.86
6140 4024.85
6149 4024.83
6155 4024.72
6157 4024.69
6158 4024.62
6159 4024.61
6179 4024.6
6181 4024.55
6186 4024.54
6190 4024.52
6192 4024.49
6193 4024.48
6197 4024.41
6204 4024.37
6205 4024.27
6206 4024.21
6207 4024.18
6210 4024.17
6211 4024.09
6220 4024.07
6221 4024.04
6223 4024.01
6229 4024
6234 4023.99
6238 4023.98
6248 4023.95
6255 4023.93
6258 4023.87
6260 4023.84
6261 4023.81
6262 4023.78
6265 4023.75
6266 4023.64
6268 4023.63
6290 4023.53
6296 4023.51
6303 4023.46
6308 4023.4
6311 4023.35
6321 4023.3
6339 4023.28
6344 4023.27
6345 4023.24
6347 4023.21
6350 4023.2
6356 4023.19
6366 4023.17
6372 4023.16
6386 4023.09
6396 4023.06
6405 4022.98
6407 4022.95
6409 4022.86
6421 4022.83
6432 4022.77
6439 4022.7
6443 4022.58
6453 4022.46
6458 4022.41
6480 4022.35
6481 4022.34
6486 4022.33
6489 4022.28
6490 4022.21
6498 4022.17
6502 4022.15
6517 4022.1
6521 4022.06
6524 4021.94
6528 4021.91
6529 4021.9
6534 4021.89
6535 4021.87
6541 4021.72
6547 4021.69
6552 4021.63
6553 4021.62
6555 4021.59
6559 4021.49
6564 4021.44
6574 4021.42
6576 4021.39
6589 4021.37
6596 4021.31
6602 4021.28
6611 4021.27
6625 4021.24
6639 4021.22
6640 4021.2
6661 4021.15
6665 4021.14
6666 4021.11
6668 4021
6669 4020.87
6671 4020.69
6679 4020.67
6686 4020.62
6688 4020.6
6690 4020.58
6702 4020.57
6704 4020.56
6706 4020.54
6707 4020.49
6710 4020.46
6724 4020.37
6727 4020.36
6735 4020.31
6744 4020.29
6752 4020.28
6760 4020.26
6765 4020.23
6767 4020.13
6769 4020.1
6778 4020.02
6790 4019.98
6794 4019.96
6796 4019.95
6800 4019.91
6801 4019.85
6805 4019.81
6815 4019.78
6821 4019.66
6824 4019.62
6833 4019.56
6840 4019.4
6849 4019.38
6850 4019.35
6869 4019.27
6879 4019.2
6882 4019.18
6884 4019.16
6894 4019.08
6903 4019.04
6924 4019.02
6941 4018.99
6943 4018.96
6947 4018.92
6948 4018.9
6954 4018.88
6957 4018.78
6960 4018.72
6968 4018.58
6981 4018.56
6985 4018.52
6987 4018.48
6992 4018.43
6995 4018.42
6997 4018.41
6998 4018.36
7000 4018.29
7001 4018.26
7003 4018.23
7011 4018.21
7013 4018.2
7027 4018.17
7035 4018.15
7042 4018.14
7043 4018.1
7049 4018.01
7058 4017.99
7059 4017.94
7063 4017.92
7064 4017.89
7069 4017.88
7102 4017.85
7108 4017.83
7119 4017.82
7128 4017.81
7139 4017.79
7152 4017.76
7157 4017.73
7161 4017.7
7169 4017.62
7179 4017.6
7181 4017.59
7184 4017.58
7189 4017.53
7191 4017.45
7196 4017.38
7219 4017.37
7222 4017.36
7230 4017.27
7231 4017.22
7237 4017.2
7238 4017.07
7247 4016.95
7255 4016.94
7256 4016.89
7276 4016.88
7280 4016.84
7286 4016.8
7292 4016.79
7304 4016.75
7310 4016.67
7311 4016.63
7326 4016.6
7338 4016.59
7348 4016.57
7356 4016.55
7358 4016.54
7365 4016.5
7368 4016.48
7386 4016.44
7390 4016.41
7410 4016.4
7419 4016.38
7424 4016.35
7457 4016.34
7465 4016.28
7475 4016.24
7477 4016.23
7485 4016.19
7487 4016.15
7496 4016.13
7510 4016.12
7514 4016.1
7516 4016.04
7519 4016.03
7537 4016.02
7541 4015.98
7547 4015.96
7550 4015.94
7553 4015.92
7557 4015.91
7559 4015.9
7572 4015.88
7576 4015.86
7590 4015.82
7595 4015.75
7596 4015.67
7607 4015.62
7609 4015.59
7614 4015.56
7620 4015.54
7625 4015.53
7633 4015.49
7639 4015.48
7640 4015.43
7641 4015.42
7661 4015.41
7667 4015.4
7684 4015.39
7701 4015.32
7704 4015.31
7705 4015.27
7720 4015.26
7746 4015.23
7763 4015.22
7774 4015.18
7785 4015.17
7788 4015.16
7796 4015.07
7801 4015.02
7803 4015
7805 4014.97
7808 4014.86
7810 4014.85
7828 4014.78
7836 4014.76
7838 4014.67
7839 4014.64
7846 4014.61
7849 4014.58
7858 4014.57
7859 4014.5
7865 4014.47
7871 4014.45
7879 4014.43
7881 4014.41
7895 4014.39
7896 4014.38
7901 4014.36
7904 4014.33
7906 4014.31
7915 4014.3
7919 4014.21
7929 4014.2
7932 4014.18
7937 4014.11
7940 4014.02
7942 4014.01
7955 4013.99
7967 4013.94
7979 4013.82
7982 4013.81
7992 4013.8
7999 4013.76
8006 4013.69
8038 4013.65
8054 4013.63
8058 4013.61
8062 4013.59
8069 4013.5
8082 4013.45
8085 4013.44
8088 4013.42
8089 4013.39
8096 4013.36
8114 4013.28
8120 4013.27
8138 4013.24
8146 4013.13
8148 4013.11
8150 4013.09
8168 4013.05
8182 4013.02
8184 4012.99
8193 4012.96
8196 4012.93
8204 4012.9
8206 4012.87
8211 4012.84
8225 4012.83
8230 4012.82
8239 4012.74
8242 4012.73
8253 4012.72
8261 4012.71
8264 4012.66
8270 4012.61
8273 4012.6
8274 4012.58
8278 4012.51
8286 4012.49
8298 4012.41
8311 4012.36
8322 4012.32
8324 4012.27
8343 4012.24
8345 4012.21
8357 4012.19
8362 4012.1
8368 4012.07
8375 4012.05
8389 4012.03
8394 4012.02
8400 4012.01
8408 4012
8423 4011.98
8426 4011.95
8434 4011.92
8441 4011.87
8455 4011.81
8464 4011.72
8470 4011.54
8503 4011.52
8507 4011.51
8510 4011.42
8521 4011.38
8539 4011.37
8540 4011.36
8546 4011.34
8556 4011.32
8559 4011.3
8568 4011.26
8578 4011.21
8584 4011.18
8585 4011.14
8596 4011.13
8600 4011.12
8603 4011.07
8655 4011.05
8658 4011
8661 4010.94
8673 4010.88
8674 4010.86
8676 4010.83
8685 4010.81
8691 4010.79
8712 4010.73
8719 4010.71
8736 4010.69
8742 4010.68
8744 4010.67
8748 4010.64
8802 4010.63
8811 4010.61
8852 4010.56
8872 4010.54
8886 4010.48
8890 4010.47
8906 4010.46
8907 4010.43
8911 4010.41
8924 4010.4
8930 4010.37
8934 4010.34
8939 4010.32
8948 4010.2
8953 4010.12
8956 4010.11
8958 4009.93
8962 4009.91
8967 4009.88
8968 4009.83
8969 4009.82
8989 4009.77
8996 4009.63
9001 4009.56
9014 4009.55
9021 4009.54
9028 4009.45
9032 4009.4
9033 4009.34
9038 4009.25
9052 4009.22
9060 4009.19
9061 4009.18
9070 4009.17
9072 4009.16
9075 4009.11
9090 4009.09
9111 4009.08
9112 4008.99
9113 4008.9
9118 4008.86
9123 4008.85
9129 4008.8
9133 4008.72
9142 4008.62
9156 4008.57
9159 4008.48
9183 4008.36
9186 4008.34
9189 4008.31
9195 4008.29
9214 4008.28
9215 4008.25
9224 4008.12
9231 4008.11
9251 4008.08
9254 4008.07
9267 4007.87
9278 4007.85
9290 4007.84
9291 4007.82
9295 4007.81
9299 4007.79
9305 4007.76
9318 4007.72
9333 4007.68
9340 4007.66
9342 4007.64
9360 4007.62
9386 4007.61
9418 4007.59
9419 4007.58
9431 4007.56
9465 4007.51
9472 4007.48
9485 4007.45
9488 4007.42
9497 4007.41
9504 4007.4
9523 4007.39
9524 4007.36
9536 4007.33
9558 4007.31
9562 4007.27
9579 4007.26
9589 4007.22
9632 4007.18
9640 4007.12
9654 4007.08
9663 4007.06
9682 4007.05
9699 4007
9704 4006.95
9711 4006.89
9714 4006.87
9722 4006.84
9744 4006.82
9754 4006.78
9769 4006.75
9790 4006.74
9793 4006.73
9815 4006.66
9816 4006.63
9835 4006.59
9849 4006.57
9852 4006.56
9857 4006.53
9877 4006.46
9889 4006.45
9900 4006.43
9902 4006.42
9908 4006.4
9929 4006.39
9934 4006.38
9951 4006.34
9959 4006.28
9961 4006.23
9970 4006.22
9986 4006.12
9991 4006.02
9992 4006
10005 4005.97
10009 4005.92
10022 4005.89
10025 4005.88
10028 4005.87
10051 4005.85
10053 4005.84
10064 4005.83
10066 4005.81
10077 4005.8
10091 4005.79
10098 4005.76
10107 4005.75
10111 4005.74
10116 4005.69
10126 4005.68
10129 4005.65
10131 4005.62
10132 4005.61
10137 4005.56
10167 4005.5
10170 4005.49
10171 4005.45
10177 4005.43
10194 4005.41
10199 4005.36
10209 4005.35
10231 4005.3
10239 4005.26
10240 4005.24
10246 4005.2
10249 4005.14
10260 4005.13
10261 4005.05
10267 4005.02
10271 4005
10272 4004.98
10284 4004.95
10285 4004.94
10301 4004.92
10314 4004.89
10327 4004.88
10358 4004.87
10388 4004.84
10390 4004.83
10408 4004.8
10409 4004.79
10411 4004.72
10436 4004.67
10459 4004.66
10461 4004.6
10468 4004.57
10492 4004.42
10498 4004.41
10505 4004.34
10514 4004.32
10523 4004.3
10524 4004.21
10550 4004.17
10554 4004.16
10563 4004.15
10566 4004.14
10568 4004.07
10578 4004.05
10589 4004.01
10595 4004
10615 4003.97
10620 4003.96
10624 4003.95
10627 4003.92
10634 4003.91
10652 4003.77
10683 4003.76
10695 4003.73
10696 4003.65
10706 4003.64
10711 4003.6
10715 4003.54
10717 4003.5
10729 4003.49
10733 4003.48
10734 4003.45
10743 4003.42
10750 4003.39
10752 4003.38
10755 4003.36
10760 4003.35
10775 4003.34
10781 4003.32
10785 4003.31
10793 4003.29
10805 4003.27
10807 4003.26
10809 4003.23
10823 4003.2
10839 4003.18
10856 4003.12
10866 4003.1
10914 4003.08
10918 4003.05
10926 4003.04
10929 4002.99
10931 4002.91
10932 4002.9
10935 4002.88
10936 4002.87
10937 4002.85
10940 4002.84
10942 4002.8
10950 4002.77
10962 4002.74
11002 4002.73
11008 4002.67
11020 4002.65
11021 4002.63
11028 4002.61
11029 4002.59
11032 4002.57
11034 4002.5
11043 4002.48
11048 4002.41
11061 4002.37
11064 4002.35
11074 4002.26
11087 4002.22
11091 4002.21
11105 4002.18
11115 4002.08
11156 4002.04
11166 4001.99
11196 4001.98
11198 4001.97
11199 4001.91
11201 4001.9
11202 4001.89
11226 4001.84
11260 4001.83
11263 4001.77
11267 4001.63
11284 4001.58
11287 4001.49
11295 4001.45
11308 4001.41
11309 4001.4
11324 4001.36
11333 4001.35
11334 4001.3
11343 4001.27
11370 4001.23
11386 4001.19
11388 4001.18
11397 4001.17
11432 4001.14
11439 4001.11
11448 4001.1
11456 4001.08
11458 4001.03
11461 4001
11484 4000.98
11509 4000.97
11522 4000.95
11535 4000.92
11542 4000.9
11557 4000.88
11558 4000.78
11577 4000.77
11581 4000.76
11584 4000.72
11589 4000.68
11594 4000.66
11621 4000.63
11635 4000.57
11684 4000.46
11686 4000.41
11739 4000.38
11751 4000.37
11758 4000.36
11763 4000.31
11766 4000.21
11787 4000.2
11791 4000.09
11797 4000.07
11806 4000.06
11811 4000
11818 3999.99
11820 3999.88
11838 3999.87
11864 3999.84
11870 3999.8
11872 3999.72
11888 3999.67
11901 3999.66
11903 3999.64
11904 3999.62
11940 3999.61
11959 3999.56
11981 3999.54
11993 3999.48
12012 3999.46
12038 3999.39
12039 3999.35
12046 3999.34
12067 3999.33
12083 3999.3
12086 3999.26
12087 3999.21
12090 3999.17
12093 3999.12
12101 3999.09
12104 3999.08
12138 3999.06
12142 3999.04
12146 3999.03
12148 3999
12150 3998.96
12171 3998.94
12174 3998.93
12197 3998.92
12221 3998.86
12224 3998.85
12240 3998.84
12247 3998.81
12282 3998.78
12310 3998.77
12313 3998.76
12324 3998.75
12342 3998.73
12348 3998.72
12349 3998.68
12412 3998.58
12413 3998.55
12420 3998.48
12421 3998.45
12444 3998.43
12466 3998.34
12524 3998.31
12525 3998.28
12530 3998.27
12547 3998.23
12552 3998.17
12565 3998.16
12570 3998.13
12575 3998.11
12581 3998.1
12587 3998.09
12588 3997.94
12599 3997.92
12615 3997.91
12622 3997.9
12629 3997.87
12638 3997.86
12650 3997.84
12669 3997.81
12679 3997.76
12689 3997.74
12691 3997.73
12730 3997.71
12738 3997.7
12740 3997.63
12746 3997.58
12749 3997.55
12764 3997.54
12777 3997.49
12801 3997.47
12804 3997.42
12842 3997.41
12850 3997.39
12865 3997.37
12893 3997.36
12903 3997.35
12917 3997.32
12929 3997.24
12930 3997.22
12949 3997.19
12951 3997.16
12963 3997.13
12964 3997.08
12985 3997.02
12992 3997
12998 3996.99
13033 3996.97
13044 3996.93
13046 3996.88
13062 3996.85
13092 3996.84
13121 3996.79
13131 3996.76
13136 3996.7
13202 3996.69
13203 3996.37
13209 3996.36
13237 3996.31
13258 3996.24
13277 3996.11
13303 3996.09
13307 3996.06
13308 3996.03
13309 3996.02
13318 3995.97
13346 3995.96
13347 3995.84
13360 3995.78
13361 3995.72
13363 3995.65
13375 3995.64
13388 3995.58
13396 3995.52
13409 3995.46
13429 3995.44
13455 3995.43
13473 3995.42
13488 3995.39
13493 3995.36
13501 3995.34
13526 3995.32
13556 3995.3
13578 3995.23
13607 3995.18
13611 3995.13
13612 3995.1
13639 3995
13647 3994.99
13666 3994.96
13683 3994.92
13688 3994.91
13695 3994.84
13712 3994.82
13729 3994.81
13750 3994.8
13755 3994.79
13770 3994.73
13771 3994.68
13808 3994.63
13815 3994.62
13828 3994.6
13837 3994.59
13843 3994.57
13861 3994.55
13943 3994.47
13947 3994.43
13988 3994.41
13989 3994.38
14013 3994.37
14051 3994.36
14057 3994.34
14079 3994.33
14096 3994.32
14138 3994.22
14193 3994.21
14194 3994.14
14200 3994.11
14217 3994.05
14223 3994
14252 3993.96
14278 3993.94
14284 3993.89
14303 3993.88
14346 3993.84
14380 3993.83
14383 3993.82
14406 3993.78
14427 3993.77
14447 3993.73
14500 3993.71
14527 3993.69
14530 3993.67
14543 3993.66
14545 3993.65
14631 3993.64
14646 3993.63
14652 3993.6
14657 3993.48
14674 3993.46
14678 3993.43
14680 3993.38
14698 3993.35
14714 3993.31
14718 3993.28
14744 3993.26
14845 3993.19
14855 3993.18
14884 3993.14
14886 3993.13
14902 3993.11
14922 3993.1
14927 3993.09
14958 3993.08
14966 3992.99
15006 3992.98
15040 3992.97
15050 3992.95
15107 3992.93
15120 3992.92
15132 3992.84
15149 3992.82
15170 3992.77
15198 3992.76
15204 3992.75
15229 3992.74
15272 3992.7
15279 3992.69
15339 3992.68
15340 3992.66
15368 3992.63
15436 3992.62
15491 3992.6
15516 3992.59
15557 3992.55
15562 3992.53
15593 3992.49
15652 3992.48
15659 3992.44
15683 3992.39
15692 3992.38
15706 3992.37
15770 3992.36
15843 3992.29
15893 3992.27
15915 3992.24
15923 3992.21
15961 3992.2
16023 3992.15
16039 3992.12
16064 3992.1
16080 3992.06
16098 3991.96
16153 3991.95
16180 3991.94
16272 3991.89
16278 3991.86
16287 3991.81
16305 3991.79
16309 3991.78
16317 3991.73
16331 3991.71
16338 3991.7
16351 3991.69
16411 3991.68
16438 3991.66
16581 3991.62
16592 3991.61
16599 3991.56
16609 3991.55
16611 3991.5
16614 3991.49
16622 3991.32
16642 3991.31
16643 3991.3
16657 3991.26
16658 3991.23
16738 3991.17
16756 3991.16
16811 3991.14
16817 3991.13
16825 3991.11
16840 3991.09
16873 3991.02
16903 3990.97
16904 3990.95
16919 3990.93
16935 3990.9
16952 3990.86
16964 3990.84
16980 3990.78
17016 3990.75
17022 3990.72
17034 3990.7
17036 3990.66
17075 3990.65
17077 3990.63
17079 3990.61
17181 3990.6
17194 3990.57
17195 3990.56
17197 3990.55
17215 3990.5
17245 3990.46
17282 3990.39
17287 3990.38
17294 3990.37
17346 3990.36
17349 3990.33
17373 3990.28
17434 3990.27
17444 3990.26
17448 3990.24
17475 3990.2
17477 3990.17
17486 3990.15
17503 3990.12
17526 3990.1
17551 3990.09
17559 3990.05
17561 3990.01
17563 3989.92
17589 3989.91
17600 3989.89
17626 3989.88
17661 3989.86
17682 3989.8
17684 3989.74
17698 3989.73
17705 3989.69
17706 3989.67
17707 3989.62
17708 3989.6
17743 3989.56
17753 3989.54
17760 3989.51
17793 3989.44
17822 3989.4
17832 3989.34
17871 3989.28
17883 3989.23
17916 3989.21
17929 3989.15
17951 3989.13
17978 3989.05
17980 3989.03
18062 3989.02
18083 3988.99
18110 3988.9
18116 3988.85
18133 3988.8
18175 3988.77
18219 3988.76
18253 3988.75
18309 3988.73
18401 3988.68
18447 3988.66
18462 3988.61
18510 3988.6
18537 3988.57
18601 3988.56
18627 3988.55
18643 3988.52
18654 3988.5
18656 3988.47
18674 3988.45
18680 3988.44
18689 3988.43
18710 3988.4
18723 3988.38
18777 3988.37
18817 3988.25
18907 3988.23
18923 3988.22
19045 3988.18
19070 3988.17
19093 3988.16
19187 3988.15
19192 3988.1
19212 3988.02
19254 3988
19263 3987.96
19291 3987.94
19344 3987.9
19353 3987.88
19356 3987.86
19428 3987.84
19430 3987.83
19432 3987.82
19451 3987.78
19495 3987.77
19524 3987.73
19528 3987.72
19546 3987.69
19571 3987.68
19590 3987.67
19604 3987.64
19615 3987.62
19617 3987.6
19632 3987.59
19637 3987.58
19690 3987.56
19720 3987.55
19725 3987.54
19733 3987.48
19746 3987.47
19758 3987.46
19780 3987.43
19829 3987.39
19864 3987.29
19880 3987.24
19901 3987.23
19941 3987.18
19982 3987.16
19994 3987.13
20045 3987.12
20056 3987.11
20069 3986.99
20110 3986.95
20112 3986.94
20307 3986.9
20313 3986.89
20323 3986.85
20359 3986.77
20372 3986.76
20382 3986.75
20437 3986.74
20441 3986.73
20475 3986.67
20577 3986.63
20592 3986.61
20644 3986.59
20669 3986.54
20837 3986.5
20859 3986.48
20886 3986.45
20903 3986.44
20906 3986.35
20937 3986.31
20943 3986.28
20949 3986.27
20952 3986.25
20987 3986.24
21023 3986.18
21044 3986.16
21064 3986.13
21093 3986.12
21101 3986.11
21154 3986.1
21171 3986.07
21174 3986.03
21232 3985.99
21244 3985.98
21250 3985.95
21298 3985.92
21302 3985.91
21308 3985.9
21309 3985.85
21316 3985.84
21403 3985.82
21471 3985.8
21497 3985.79
21554 3985.78
21558 3985.74
21729 3985.71
21761 3985.69
21821 3985.54
21850 3985.53
21882 3985.48
22006 3985.46
22027 3985.45
22050 3985.4
22105 3985.37
22110 3985.32
22122 3985.28
22226 3985.27
22265 3985.25
22286 3985.24
22300 3985.23
22312 3985.22
22321 3985.17
22420 3985.16
22508 3985.06
22548 3985.05
22665 3985.04
22676 3985.03
22679 3985.01
22705 3984.99
22718 3984.96
22734 3984.94
22802 3984.92
22835 3984.89
23055 3984.83
23062 3984.81
23136 3984.79
23158 3984.75
23219 3984.72
23233 3984.59
23243 3984.56
23298 3984.44
23347 3984.41
23436 3984.39
23439 3984.38
23473 3984.3
23559 3984.27
23641 3984.26
23732 3984.23
23853 3984.18
23878 3984.14
23917 3984.11
23926 3984.1
23990 3984.06
24006 3984.03
24008 3983.96
24071 3983.93
24087 3983.91
24095 3983.88
24128 3983.87
24130 3983.84
24152 3983.82
24187 3983.8
24199 3983.79
24219 3983.78
24241 3983.76
24276 3983.75
24332 3983.73
24355 3983.68
24448 3983.67
24563 3983.66
24594 3983.6
24613 3983.58
24630 3983.56
24654 3983.55
24728 3983.5
24779 3983.48
24828 3983.46
24838 3983.41
24849 3983.4
24853 3983.39
24886 3983.37
24893 3983.35
25020 3983.31
25070 3983.28
25106 3983.27
25176 3983.25
25203 3983.23
25211 3983.22
25216 3983.2
25225 3983.18
25245 3983.1
25276 3983.09
25284 3983.08
25307 3983.07
25369 3983.06
25398 3983.04
25474 3983.02
25497 3982.98
25505 3982.95
25513 3982.93
25519 3982.91
25523 3982.9
25567 3982.87
25578 3982.82
25620 3982.81
25750 3982.8
25770 3982.77
25797 3982.76
25802 3982.75
25894 3982.69
25922 3982.67
25930 3982.66
25963 3982.63
25979 3982.62
26009 3982.61
26038 3982.6
26051 3982.58
26125 3982.53
26164 3982.52
26184 3982.49
26219 3982.46
26252 3982.4
26259 3982.39
26260 3982.32
26330 3982.31
26356 3982.29
26387 3982.26
26427 3982.25
26449 3982.22
26501 3982.2
26555 3982.12
26563 3982.09
26601 3982.06
26603 3982.05
26678 3981.97
26687 3981.96
26688 3981.95
26772 3981.94
26787 3981.91
26927 3981.88
26952 3981.87
27081 3981.86
27168 3981.85
27265 3981.83
27271 3981.82
27275 3981.8
27332 3981.79
27372 3981.76
27478 3981.75
27518 3981.73
27544 3981.71
27558 3981.7
27636 3981.69
27752 3981.68
27803 3981.62
27826 3981.59
27917 3981.56
27948 3981.53
27979 3981.52
27980 3981.51
28031 3981.49
28175 3981.41
28231 3981.36
28270 3981.28
28296 3981.27
28307 3981.25
28342 3981.21
28384 3981.2
28415 3981.19
28546 3981.15
28583 3981.1
28795 3981.07
28914 3981.02
28927 3981.01
28948 3980.96
28981 3980.95
28986 3980.93
28994 3980.91
29032 3980.9
29041 3980.89
29046 3980.8
29057 3980.78
29169 3980.76
29170 3980.74
29178 3980.73
29268 3980.71
29394 3980.69
29475 3980.66
29582 3980.61
29612 3980.58
29641 3980.52
29659 3980.49
29718 3980.48
29731 3980.47
29899 3980.43
30013 3980.41
30022 3980.4
30023 3980.37
30044 3980.34
30114 3980.3
30269 3980.25
30282 3980.24
30300 3980.23
30338 3980.21
30423 3980.2
30460 3980.18
30472 3980.15
30532 3980.13
30560 3980.09
30562 3980
30588 3979.97
30611 3979.96
30648 3979.93
30685 3979.9
30694 3979.86
30754 3979.82
30814 3979.8
30860 3979.76
30984 3979.75
31006 3979.73
31083 3979.71
31119 3979.66
31187 3979.65
31225 3979.61
31309 3979.57
31343 3979.52
31350 3979.4
31379 3979.39
31476 3979.38
31534 3979.34
31555 3979.25
31558 3979.15
31633 3979.14
31666 3979.11
31687 3979.01
31714 3979
31718 3978.96
31726 3978.9
31729 3978.84
31735 3978.83
31792 3978.78
31895 3978.76
31896 3978.64
31911 3978.63
31934 3978.58
31941 3978.57
32052 3978.55
32110 3978.53
32117 3978.48
32201 3978.45
32205 3978.41
32232 3978.37
32238 3978.32
32301 3978.31
32315 3978.3
32340 3978.28
32370 3978.26
32386 3978.22
32418 3978.19
32453 3978.18
32536 3978.15
32541 3978.13
32592 3978.11
32607 3978.09
32647 3978.07
32652 3978.04
32662 3978.02
32671 3977.99
32729 3977.96
32744 3977.92
32988 3977.91
33067 3977.88
33104 3977.87
33188 3977.86
33218 3977.84
33292 3977.8
33354 3977.72
33380 3977.69
33694 3977.66
33761 3977.62
33793 3977.57
33855 3977.51
33858 3977.46
33894 3977.45
33896 3977.42
34058 3977.41
34169 3977.38
34231 3977.36
34434 3977.35
34559 3977.34
34675 3977.32
34693 3977.31
34698 3977.3
34733 3977.29
34761 3977.26
34823 3977.25
34882 3977.24
34892 3977.18
34912 3977.15
34937 3977.13
35164 3977.12
35175 3977.11
35235 3977.08
35267 3977.02
35281 3976.99
35386 3976.98
35398 3976.92
35440 3976.9
35545 3976.89
35663 3976.85
35700 3976.83
35748 3976.78
35879 3976.73
35898 3976.72
35936 3976.69
36051 3976.68
36167 3976.67
36228 3976.64
36259 3976.62
36313 3976.6
36326 3976.57
36370 3976.5
36458 3976.47
36469 3976.44
36569 3976.42
36592 3976.41
36621 3976.39
36803 3976.37
36822 3976.35
36906 3976.34
36923 3976.27
37009 3976.2
37014 3976.19
37159 3976.18
37380 3976.17
37409 3976.15
37517 3976.14
37579 3976.13
37634 3976.12
37755 3976.1
38064 3976.05
38079 3976.04
38167 3976.02
38177 3976.01
38216 3975.95
38225 3975.94
38473 3975.93
38503 3975.92
38636 3975.89
38778 3975.87
38832 3975.86
38872 3975.81
38895 3975.8
38953 3975.79
38956 3975.75
39026 3975.71
39076 3975.7
39144 3975.6
39250 3975.59
39328 3975.57
39353 3975.54
39370 3975.48
39405 3975.45
39426 3975.43
39452 3975.4
39473 3975.38
39735 3975.36
39794 3975.34
39865 3975.32
39926 3975.28
40093 3975.27
40531 3975.26
40570 3975.25
40650 3975.24
40841 3975.21
40889 3975.2
40898 3975.16
40929 3975.15
40954 3975.13
41021 3975.07
41031 3975.06
41139 3975.04
41155 3975.01
41298 3975
41299 3974.98
41302 3974.96
41326 3974.95
41338 3974.94
41373 3974.92
41380 3974.87
41514 3974.83
41542 3974.82
41659 3974.81
41668 3974.8
41680 3974.77
41699 3974.76
41884 3974.7
41957 3974.69
41994 3974.68
42049 3974.66
42234 3974.65
42281 3974.64
42296 3974.63
42322 3974.6
42340 3974.57
42411 3974.55
42585 3974.54
42598 3974.53
42600 3974.5
42642 3974.49
42647 3974.48
42698 3974.47
42785 3974.44
42877 3974.43
43049 3974.42
43222 3974.39
43229 3974.36
43314 3974.32
43319 3974.3
43638 3974.29
43801 3974.26
43833 3974.24
43887 3974.23
43962 3974.21
43980 3974.13
43990 3974.12
44119 3974.09
44152 3974.07
44222 3974.06
44367 3974.05
44489 3974.03
44524 3974.02
44544 3974
44734 3973.98
44994 3973.96
45013 3973.95
45051 3973.92
45097 3973.89
45146 3973.83
45285 3973.78
45382 3973.77
45427 3973.74
45445 3973.63
45449 3973.62
45507 3973.6
45544 3973.58
45607 3973.56
45735 3973.55
45961 3973.54
46037 3973.52
46277 3973.47
46420 3973.42
46440 3973.41
46480 3973.36
46743 3973.35
46829 3973.31
46895 3973.29
46921 3973.28
46982 3973.26
47056 3973.25
47285 3973.23
47339 3973.22
47364 3973.2
47406 3973.17
47728 3973.16
48193 3973.14
48530 3973.09
48780 3973.04
48922 3972.93
49047 3972.83
49053 3972.78
49057 3972.77
49164 3972.76
49404 3972.72
49557 3972.69
49642 3972.65
49682 3972.62
49845 3972.58
49855 3972.57
49887 3972.54
49889 3972.52
49938 3972.48
50137 3972.43
50217 3972.42
50269 3972.4
50276 3972.37
50283 3972.33
50425 3972.32
50486 3972.31
50495 3972.3
50561 3972.29
50598 3972.28
50790 3972.27
50879 3972.23
51331 3972.21
51426 3972.16
51502 3972.15
51784 3972.14
51796 3972.13
51832 3972.12
52090 3972.07
52116 3972.05
52129 3972.02
52150 3972.01
52220 3972
52303 3971.99
52339 3971.98
52431 3971.94
52644 3971.93
52791 3971.89
52832 3971.84
52938 3971.82
53062 3971.73
53071 3971.72
53114 3971.71
53209 3971.7
53247 3971.68
53273 3971.52
53504 3971.38
53906 3971.37
53926 3971.33
53991 3971.29
54059 3971.24
54098 3971.23
54283 3971.22
54301 3971.21
54316 3971.2
54534 3971.17
54643 3971.15
54679 3971.11
54779 3971.1
54801 3971.09
54857 3971.08
55218 3971.07
55248 3971.06
55617 3971.03
55775 3971.02
55847 3970.97
55848 3970.96
56046 3970.95
56164 3970.94
56270 3970.92
56433 3970.91
56732 3970.89
56782 3970.87
56836 3970.83
56851 3970.8
56969 3970.79
57005 3970.78
57397 3970.76
57407 3970.75
57424 3970.73
57512 3970.72
57642 3970.71
57922 3970.7
58099 3970.67
58227 3970.66
58340 3970.63
58507 3970.61
58550 3970.57
58672 3970.55
58686 3970.54
58778 3970.53
59272 3970.49
59309 3970.48
59385 3970.43
59458 3970.4
59461 3970.38
59580 3970.37
59816 3970.36
60041 3970.35
60098 3970.33
60200 3970.3
60246 3970.29
60323 3970.25
60440 3970.22
61081 3970.21
61158 3970.2
61297 3970.17
61377 3970.16
61509 3970.13
61556 3970.1
61584 3970.07
61595 3969.99
61711 3969.98
61731 3969.97
61795 3969.94
61864 3969.89
62233 3969.88
62295 3969.85
62351 3969.79
62444 3969.73
62550 3969.72
63248 3969.71
63291 3969.7
63363 3969.66
63426 3969.65
63429 3969.63
63500 3969.61
63973 3969.57
63997 3969.53
64242 3969.52
64338 3969.5
64439 3969.47
64510 3969.46
64674 3969.45
64735 3969.43
64968 3969.4
64989 3969.38
65100 3969.32
65273 3969.28
65355 3969.22
65390 3969.2
65494 3969.19
65555 3969.14
65642 3969.08
65684 3969.03
65727 3968.98
65904 3968.95
65935 3968.92
65947 3968.91
65984 3968.9
66225 3968.89
66354 3968.88
66557 3968.85
66712 3968.82
66970 3968.8
67037 3968.75
67137 3968.73
67161 3968.72
67324 3968.71
67429 3968.68
67621 3968.65
67736 3968.62
68072 3968.61
68145 3968.6
68273 3968.58
68441 3968.56
68512 3968.52
68562 3968.5
68579 3968.46
68617 3968.45
68625 3968.4
68720 3968.37
68790 3968.33
68836 3968.32
68855 3968.27
68882 3968.23
68910 3968.21
69059 3968.18
69070 3968.17
69111 3968.16
69528 3968.15
69555 3968.08
69609 3968.01
69622 3968
69703 3967.99
69730 3967.98
69802 3967.97
69935 3967.88
69965 3967.87
70043 3967.85
70577 3967.8
70583 3967.77
70846 3967.75
70994 3967.73
71045 3967.71
71361 3967.65
71385 3967.62
71426 3967.61
71515 3967.59
72416 3967.58
72542 3967.55
72691 3967.54
72709 3967.53
72779 3967.52
72785 3967.49
73733 3967.47
73778 3967.45
74024 3967.41
74180 3967.39
74256 3967.36
74276 3967.35
74482 3967.3
74520 3967.25
74909 3967.24
75191 3967.22
75305 3967.21
75337 3967.19
75403 3967.17
75526 3967.16
75562 3967.04
75947 3967.02
75953 3967.01
76428 3966.99
76866 3966.98
77288 3966.96
77646 3966.94
77709 3966.93
78302 3966.92
78305 3966.91
78540 3966.9
78641 3966.88
78750 3966.87
78843 3966.86
78951 3966.83
79264 3966.82
79279 3966.8
79305 3966.78
79333 3966.77
79362 3966.76
79504 3966.74
79906 3966.71
80023 3966.68
80158 3966.66
80339 3966.65
80909 3966.59
80947 3966.55
81007 3966.54
81141 3966.52
81489 3966.51
81782 3966.48
81898 3966.47
82495 3966.43
82571 3966.33
82949 3966.23
83327 3966.22
83358 3966.21
83867 3966.19
83889 3966.16
84376 3966.15
84719 3966.14
84836 3966.13
84973 3966.11
85239 3966.05
85393 3966.04
85610 3966.03
85776 3966.02
85858 3966.01
85990 3965.99
86466 3965.98
86473 3965.94
86568 3965.93
86581 3965.88
86769 3965.83
86899 3965.82
86929 3965.81
86974 3965.75
87787 3965.72
87807 3965.7
88065 3965.63
88079 3965.61
88096 3965.57
88178 3965.56
88240 3965.5
88286 3965.47
89129 3965.45
89335 3965.44
89451 3965.43
89601 3965.41
89680 3965.4
89776 3965.36
89922 3965.35
89937 3965.32
90122 3965.3
90300 3965.26
90355 3965.24
92136 3965.2
92311 3965.19
92464 3965.13
94119 3965.06
94459 3965.05
94656 3965.04
95461 3965.03
96382 3965.02
97167 3965
97820 3964.99
98508 3964.96
98656 3964.95
98844 3964.91
98901 3964.9
99241 3964.86
99353 3964.82
101532 3964.78
102568 3964.75
103953 3964.73
105178 3964.72
105333 3964.71
105338 3964.7
105399 3964.69
105554 3964.68
105676 3964.66
105935 3964.6
106052 3964.58
106078 3964.57
106222 3964.48
106277 3964.46
106532 3964.39
106900 3964.38
106924 3964.31
106968 3964.3
107241 3964.29
107310 3964.28
107321 3964.23
107545 3964.21
108311 3964.2
108560 3964.19
108594 3964.16
108947 3964.13
109447 3964.11
112584 3964.05
112646 3964.03
112934 3964.02
113035 3964.01
113268 3963.93
113283 3963.88
120105 3963.86
120166 3963.84
121198 3963.77
121399 3963.76
125203 3963.7
125627 3963.63
125940 3963.59
126083 3963.58
126444 3963.56
128535 3963.55
130592 3963.52
131742 3963.51
131906 3963.5
132400 3963.48
132948 3963.47
133151 3963.46
133702 3963.42
134538 3963.4
136190 3963.39
136826 3963.38
137474 3963.32
137834 3963.25
138250 3963.24
138695 3963.19
138983 3963.18
139478 3963.17
139798 3963.16
140499 3963.15
141155 3963.14
142149 3963.13
143482 3963.12
144013 3963.09
144188 3963.08
144552 3963.07
144562 3963.06
144736 3963.02
145343 3963.01
145370 3963
146230 3962.99
147007 3962.98
147420 3962.91
147683 3962.9
147693 3962.83
148685 3962.82
149559 3962.81
151133 3962.8
151643 3962.77
152525 3962.76
154274 3962.75
158694 3962.73
161058 3962.7
161825 3962.68
162920 3962.66
163944 3962.65
164025 3962.64
167640 3962.63
167688 3962.61
170204 3962.6
170454 3962.59
171368 3962.57
172429 3962.5
172589 3962.45
176752 3962.44
177034 3962.4
179182 3962.28
182139 3962.27
184720 3962.21
185014 3962.18
187272 3962.17
187469 3962.15
187661 3962.11
189258 3962.01
191948 3962
193280 3961.99
194172 3961.97
194480 3961.94
196607 3961.93
196628 3961.91
197828 3961.9
198499 3961.89
198960 3961.88
199291 3961.85
208853 3961.83
209693 3961.81
210323 3961.79
215422 3961.76
218201 3961.75
221135 3961.74
222249 3961.67
222429 3961.66
222679 3961.61
223092 3961.59
224807 3961.57
225594 3961.56
227815 3961.55
227838 3961.53
228721 3961.51
229410 3961.5
232854 3961.47
233719 3961.46
233871 3961.42
233897 3961.34
234336 3961.31
235532 3961.3
237460 3961.28
238482 3961.25
238631 3961.24
239986 3961.22
240100 3961.2
240257 3961.17
240543 3961.14
248795 3961.06
251792 3961.03
252110 3961.02
254781 3960.99
255155 3960.97
255374 3960.96
256179 3960.92
257706 3960.9
258440 3960.89
261995 3960.87
262025 3960.85
262676 3960.8
262842 3960.78
267073 3960.77
270767 3960.76
270921 3960.74
275335 3960.72
278882 3960.69
279261 3960.68
281370 3960.66
282180 3960.59
283188 3960.58
289906 3960.57
291279 3960.55
291328 3960.54
292935 3960.52
293187 3960.47
293570 3960.45
293856 3960.44
294861 3960.37
296795 3960.35
301281 3960.34
302831 3960.31
303381 3960.29
317214 3960.27
321590 3960.22
331381 3960.19
331553 3960.18
351932 3960.11
355403 3960.08
358337 3960.07
358976 3960.05
361136 3960.02
362593 3960.01
362846 3959.95
370367 3959.91
370923 3959.89
371699 3959.86
383230 3959.84
383950 3959.83
442638 3959.8
444181 3959.78
447741 3959.77
448126 3959.76
448400 3959.71
453815 3959.7
456105 3959.69
457117 3959.67
457601 3959.64
461952 3959.62
462764 3959.6
463042 3959.59
464597 3959.58
466186 3959.42
466385 3959.4
488872 3959.39
489518 3959.37
491144 3959.27
491262 3959.25
491826 3959.21
491995 3959.2
492234 3959.18
578179 3959.16
578762 3959.15
578913 3959.14
608257 3959.12
621911 3959.11
622471 3959.1
622932 3959.09
630221 3959.07
705344 3959.02
706756 3958.99
709277 3958.92
746860 3958.89
748310 3958.85
750549 3958.84
752760 3958.81
753893 3958.8
756347 3958.79
766135 3958.77
770092 3958.76
782709 3958.75
794076 3958.74
812441 3958.73
812783 3958.68
813650 3958.66
815035 3958.56
816401 3958.54
818053 3958.48
819519 3958.47
835579 3958.46
844086 3958.42
1119758 3958.41
1120416 3958.39
1122009 3958.37
1124407 3958.36
1127104 3958.35
1127575 3958.31
1179758 3958.27
1179915 3958.25
1183785 3958.24
1184297 3958.16
1185128 3958.15
1193177 3958.07
