0 0.49931401
1 0.49994094
2 0.50048567
3 0.50104486
4 0.50159477
5 0.5021162
6 0.50253086
7 0.50310899
8 0.50357364
9 0.50403325
10 0.50446387
11 0.5050932
12 0.5055783
13 0.50601725
14 0.50664307
15 0.50709802
16 0.5075809
17 0.50812535
18 0.50871144
19 0.50916754
20 0.50982923
21 0.51032757
22 0.51087897
23 0.51141299
24 0.51184932
25 0.51241983
26 0.51276794
27 0.5131783
28 0.51363214
29 0.51421505
30 0.51471339
31 0.51525642
32 0.51591048
33 0.51639368
34 0.51685547
35 0.51743279
36 0.51803538
37 0.51850184
38 0.5188797
39 0.5193097
40 0.51959559
41 0.51999336
42 0.52045507
43 0.52083298
44 0.52128541
45 0.52180562
46 0.52223974
47 0.52277256
48 0.52324572
49 0.52365796
50 0.52395767
51 0.52449139
52 0.52496956
53 0.5254706
54 0.52588421
55 0.52631464
56 0.52681027
57 0.5272266
58 0.52765327
59 0.52814687
60 0.52849388
61 0.52900866
62 0.5295084
63 0.52990729
64 0.53029002
65 0.53087444
66 0.53139611
67 0.53182396
68 0.53229419
69 0.53269025
70 0.53311328
71 0.53340919
72 0.53378736
73 0.53426137
74 0.53490643
75 0.53529229
76 0.53564031
77 0.53598447
78 0.53652115
79 0.53686848
80 0.53731174
81 0.53765467
82 0.53811076
83 0.53840866
84 0.53891248
85 0.53929245
86 0.53971592
87 0.54017449
88 0.54049216
89 0.54080074
90 0.5411372
91 0.54151464
92 0.54205757
93 0.54245937
94 0.54281114
95 0.54310938
96 0.54342872
97 0.54373525
98 0.54408893
99 0.54445517
100 0.54480262
101 0.54520146
102 0.54560564
103 0.5460301
104 0.54633724
105 0.54664266
106 0.54707978
107 0.54737792
108 0.54768951
109 0.54793395
110 0.54830167
111 0.54857726
112 0.54881053
113 0.54917553
114 0.54959169
115 0.54995352
116 0.55038649
117 0.55077405
118 0.55121359
119 0.55151511
120 0.55184152
121 0.55220378
122 0.55247226
123 0.55284626
124 0.55320857
125 0.55362933
126 0.5540626
127 0.55440238
128 0.55468715
129 0.55504601
130 0.55541777
131 0.55569739
132 0.55595827
133 0.55648187
134 0.55683666
135 0.55726255
136 0.55765053
137 0.55802141
138 0.55832826
139 0.55861957
140 0.55901689
141 0.55948532
142 0.55980298
143 0.56002988
144 0.5602249
145 0.56062322
146 0.56095152
147 0.56124395
148 0.56150067
149 0.56175629
150 0.56205531
151 0.56235222
152 0.56262881
153 0.56293734
154 0.56328032
155 0.56365561
156 0.5639545
157 0.56432037
158 0.56460891
159 0.5649601
160 0.5653906
161 0.56569756
162 0.56593886
163 0.56624202
164 0.56664563
165 0.56697751
166 0.5674022
167 0.56767425
168 0.56807469
169 0.56837331
170 0.56871483
171 0.56897087
172 0.56931856
173 0.56967403
174 0.56996787
175 0.57034003
176 0.57065936
177 0.57104693
178 0.57132708
179 0.57170088
180 0.57191535
181 0.57226367
182 0.57258295
183 0.57279028
184 0.57307641
185 0.5734524
186 0.57379456
187 0.57419562
188 0.57452505
189 0.57475831
190 0.57507885
191 0.5753601
192 0.57572465
193 0.57597853
194 0.57629454
195 0.57661433
196 0.57689177
197 0.57722168
198 0.57753059
199 0.57779719
200 0.578061
201 0.57830347
202 0.57865142
203 0.57896755
204 0.57920011
205 0.57945652
206 0.57970848
207 0.57996838
208 0.58024245
209 0.58057572
210 0.58076906
211 0.58102703
212 0.58123641
213 0.58143436
214 0.58177998
215 0.58210463
216 0.58238497
217 0.58265231
218 0.58289471
219 0.58311194
220 0.58336742
221 0.58362475
222 0.58388001
223 0.58411518
224 0.58435465
225 0.58452939
226 0.58474996
227 0.58489417
228 0.58520292
229 0.58539859
230 0.58565192
231 0.58582796
232 0.58607442
233 0.58629567
234 0.58651275
235 0.5867803
236 0.58701933
237 0.58730029
238 0.58751043
239 0.58789246
240 0.58819276
241 0.58834993
242 0.58860548
243 0.58881156
244 0.58896971
245 0.58930663
246 0.58952395
247 0.58981572
248 0.58999799
249 0.59022502
250 0.59038569
251 0.59059471
252 0.5908376
253 0.59100275
254 0.59129255
255 0.59158565
256 0.59183006
257 0.59202717
258 0.59218153
259 0.5923952
260 0.592594
261 0.59289944
262 0.59316238
263 0.59335114
264 0.59355306
265 0.5938854
266 0.59412671
267 0.59432625
268 0.59450269
269 0.5946891
270 0.59487877
271 0.59515785
272 0.59538991
273 0.59559368
274 0.59577302
275 0.59591804
276 0.59614532
277 0.59642954
278 0.59674477
279 0.59704903
280 0.59723889
281 0.59754485
282 0.59776926
283 0.59803277
284 0.59825023
285 0.59857939
286 0.598823
287 0.59895678
288 0.5991884
289 0.59942388
290 0.59964336
291 0.5998513
292 0.60006594
293 0.60023646
294 0.60048633
295 0.6006441
296 0.60083531
297 0.60104373
298 0.6012731
299 0.60154482
300 0.60178078
301 0.60207037
302 0.60225309
303 0.60253308
304 0.6027792
305 0.60295176
306 0.60322209
307 0.60341522
308 0.60354228
309 0.60374851
310 0.60390612
311 0.60407442
312 0.60423026
313 0.60446199
314 0.60464398
315 0.60482492
316 0.60505643
317 0.60521559
318 0.60536008
319 0.60554915
320 0.60582411
321 0.60608957
322 0.60627319
323 0.60656391
324 0.60678795
325 0.60710338
326 0.6072906
327 0.60748812
328 0.60764738
329 0.60782884
330 0.60808141
331 0.60820079
332 0.60839429
333 0.60855411
334 0.60882917
335 0.60910388
336 0.60933004
337 0.60955564
338 0.6096396
339 0.60991499
340 0.61003212
341 0.61015772
342 0.61033204
343 0.6105646
344 0.61074567
345 0.61093065
346 0.61117026
347 0.61126932
348 0.61148637
349 0.61168421
350 0.61180523
351 0.61206059
352 0.6122763
353 0.61241287
354 0.61260599
355 0.61280414
356 0.6128777
357 0.61321142
358 0.61337964
359 0.6135233
360 0.61363183
361 0.61386512
362 0.61407795
363 0.61417985
364 0.61430837
365 0.61440891
366 0.61461709
367 0.61482178
368 0.61501427
369 0.6151651
370 0.61538517
371 0.61552291
372 0.61582275
373 0.61599793
374 0.61620762
375 0.61643581
376 0.61662749
377 0.61683699
378 0.61699594
379 0.61716833
380 0.61728433
381 0.6174347
382 0.61759793
383 0.61775041
384 0.61790384
385 0.61807669
386 0.61815518
387 0.61832094
388 0.6185245
389 0.61869968
390 0.61883958
391 0.61896546
392 0.6192256
393 0.61941486
394 0.61956773
395 0.61972992
396 0.61989155
397 0.62005319
398 0.62024961
399 0.62043362
400 0.62065727
401 0.62077839
402 0.62087841
403 0.62103059
404 0.62127039
405 0.62138156
406 0.62158578
407 0.6217565
408 0.62192333
409 0.62210891
410 0.62230379
411 0.62245509
412 0.62260457
413 0.62273087
414 0.62290729
415 0.62306397
416 0.6232336
417 0.62333866
418 0.62356765
419 0.62371137
420 0.62386114
421 0.62405561
422 0.62425237
423 0.62439479
424 0.62453947
425 0.62469588
426 0.62479773
427 0.6250181
428 0.62519323
429 0.62533802
430 0.62553476
431 0.62565553
432 0.62579959
433 0.62596682
434 0.6261603
435 0.62626877
436 0.62645648
437 0.62663707
438 0.62674655
439 0.62687976
440 0.62702681
441 0.6271037
442 0.62718413
443 0.62732777
444 0.62748483
445 0.62763896
446 0.62777289
447 0.62792005
448 0.62807093
449 0.62830439
450 0.62843615
451 0.62855729
452 0.62864109
453 0.62874794
454 0.62894315
455 0.62911692
456 0.62927218
457 0.6294052
458 0.62957735
459 0.62972383
460 0.62985035
461 0.62998644
462 0.63013912
463 0.6303307
464 0.63053044
465 0.63062877
466 0.63072776
467 0.63089171
468 0.63101098
469 0.63111466
470 0.63124321
471 0.63137476
472 0.6314528
473 0.6315565
474 0.63171266
475 0.63179544
476 0.63187918
477 0.63203173
478 0.63219978
479 0.63228018
480 0.63241189
481 0.63256138
482 0.63264516
483 0.63283073
484 0.63294844
485 0.63303905
486 0.63330133
487 0.63342033
488 0.63349449
489 0.63361829
490 0.63382643
491 0.63391174
492 0.63402086
493 0.63414864
494 0.63425407
495 0.63434876
496 0.63447309
497 0.6346281
498 0.63481005
499 0.63491638
500 0.63508249
501 0.63520919
502 0.63533712
503 0.63541921
504 0.63560236
505 0.63573909
506 0.63587242
507 0.6359642
508 0.6360319
509 0.63617344
510 0.63624829
511 0.6363923
512 0.63643697
513 0.63654043
514 0.63665463
515 0.63679693
516 0.6369916
517 0.63714812
518 0.63726136
519 0.63738899
520 0.63752846
521 0.63769991
522 0.63780072
523 0.63795658
524 0.63813254
525 0.63819004
526 0.63825454
527 0.63835627
528 0.63842463
529 0.63866035
530 0.63875634
531 0.63883139
532 0.63894155
533 0.6390542
534 0.63927061
535 0.63944215
536 0.63954429
537 0.63961719
538 0.63973111
539 0.63986015
540 0.63996275
541 0.64010501
542 0.64016038
543 0.64033428
544 0.64045438
545 0.64065825
546 0.64078401
547 0.64092102
548 0.64097454
549 0.64102183
550 0.64115605
551 0.64123392
552 0.64135767
553 0.64144382
554 0.64161483
555 0.64178589
556 0.64184228
557 0.64195815
558 0.64204328
559 0.64217562
560 0.64226966
561 0.6424649
562 0.64254786
563 0.64264806
564 0.64277539
565 0.6429248
566 0.64305058
567 0.64324267
568 0.64339972
569 0.64352023
570 0.64361278
571 0.64373402
572 0.64382266
573 0.64391063
574 0.64393445
575 0.64403082
576 0.6442165
577 0.64430433
578 0.64445406
579 0.64459714
580 0.64471919
581 0.64490631
582 0.64505175
583 0.64518119
584 0.64530157
585 0.64539663
586 0.64552437
587 0.64558208
588 0.64569903
589 0.64578553
590 0.6458719
591 0.64599192
592 0.64607862
593 0.6462418
594 0.64635465
595 0.646459
596 0.64654946
597 0.64663804
598 0.64677135
599 0.64687079
600 0.64696628
601 0.64704536
602 0.64713706
603 0.6472544
604 0.64738727
605 0.64748008
606 0.64760228
607 0.64776181
608 0.64786961
609 0.64798018
610 0.64809375
611 0.64816347
612 0.64826348
613 0.64841277
614 0.64852909
615 0.64866435
616 0.64873323
617 0.64881494
618 0.64886054
619 0.64896759
620 0.64910271
621 0.64916501
622 0.649291
623 0.6493546
624 0.64942043
625 0.64955102
626 0.64966221
627 0.64973581
628 0.6498263
629 0.64992822
630 0.650005
631 0.65010294
632 0.65018448
633 0.65027678
634 0.650344
635 0.65046461
636 0.6505976
637 0.65065406
638 0.65072633
639 0.65080215
640 0.6508658
641 0.65094742
642 0.65112496
643 0.65120637
644 0.6513112
645 0.6514109
646 0.65154
647 0.6516824
648 0.65188638
649 0.65203251
650 0.65213476
651 0.65221667
652 0.65235055
653 0.65246299
654 0.65255503
655 0.65261516
656 0.65274607
657 0.65281999
658 0.65284056
659 0.65294123
660 0.65302974
661 0.65310951
662 0.65319188
663 0.65322883
664 0.65330933
665 0.65337352
666 0.65348505
667 0.65355511
668 0.65365736
669 0.65371982
670 0.653857
671 0.65399134
672 0.65406309
673 0.65418794
674 0.65421609
675 0.65429405
676 0.65441107
677 0.65447886
678 0.65457767
679 0.65475404
680 0.65479277
681 0.65490668
682 0.65499587
683 0.65508863
684 0.65513507
685 0.65521149
686 0.65534071
687 0.65540663
688 0.65554451
689 0.6557021
690 0.65585315
691 0.65593353
692 0.65599878
693 0.6561233
694 0.6562313
695 0.65638237
696 0.6565369
697 0.65665448
698 0.6567876
699 0.65690063
700 0.65696606
701 0.65705908
702 0.65710723
703 0.65716666
704 0.65726124
705 0.65740459
706 0.6575012
707 0.65759829
708 0.65771022
709 0.65777671
710 0.65790092
711 0.65798095
712 0.6580952
713 0.65818457
714 0.65834044
715 0.65846009
716 0.65856003
717 0.65861979
718 0.65874879
719 0.65882303
720 0.65888321
721 0.65898097
722 0.65905763
723 0.65911754
724 0.65919513
725 0.6592423
726 0.65932082
727 0.65938111
728 0.6594683
729 0.65953623
730 0.6596975
731 0.65981702
732 0.65990261
733 0.65997972
734 0.66003374
735 0.6601192
736 0.66020965
737 0.66028135
738 0.66032556
739 0.66043653
740 0.66055312
741 0.66064662
742 0.66076423
743 0.66084919
744 0.66091296
745 0.66101831
746 0.66107826
747 0.66115075
748 0.6612175
749 0.66130634
750 0.66135604
751 0.66143095
752 0.66146583
753 0.66154787
754 0.66159021
755 0.66166597
756 0.66169369
757 0.66178608
758 0.66190093
759 0.66203233
760 0.66210723
761 0.66218965
762 0.66231957
763 0.66239702
764 0.66252309
765 0.66264057
766 0.66270465
767 0.66280807
768 0.66287454
769 0.66296855
770 0.66305465
771 0.66310689
772 0.66315519
773 0.66325239
774 0.66330213
775 0.66339795
776 0.66344417
777 0.66350399
778 0.66360426
779 0.66367649
780 0.66371731
781 0.66375766
782 0.6638634
783 0.66395523
784 0.66405902
785 0.66414287
786 0.66421497
787 0.66428931
788 0.66434468
789 0.66442044
790 0.66445167
791 0.66449588
792 0.66453678
793 0.6646148
794 0.66469387
795 0.66480662
796 0.66486045
797 0.66491672
798 0.66502426
799 0.66510936
800 0.66518991
801 0.66523826
802 0.66536534
803 0.66541393
804 0.66553808
805 0.66562974
806 0.66567669
807 0.66575853
808 0.66580879
809 0.6658741
810 0.66594189
811 0.66604471
812 0.66612929
813 0.66621314
814 0.66627243
815 0.66633546
816 0.66638555
817 0.66644603
818 0.66652348
819 0.66662292
820 0.66670447
821 0.66679509
822 0.66686519
823 0.6669726
824 0.66704338
825 0.66712357
826 0.66718131
827 0.6672607
828 0.66733953
829 0.66741436
830 0.66747257
831 0.66753672
832 0.66762782
833 0.66769706
834 0.66778237
835 0.66785665
836 0.66792365
837 0.66804365
838 0.66807736
839 0.66816784
840 0.66823101
841 0.66832335
842 0.66842389
843 0.66844833
844 0.66848457
845 0.66855558
846 0.66861445
847 0.66868822
848 0.66876515
849 0.66886712
850 0.66898012
851 0.66902723
852 0.66906795
853 0.66911812
854 0.66916483
855 0.66919127
856 0.66930454
857 0.66935727
858 0.66943344
859 0.66946493
860 0.66959519
861 0.66966595
862 0.66970482
863 0.66975414
864 0.66978886
865 0.66986851
866 0.66995423
867 0.66999297
868 0.67004086
869 0.67008638
870 0.67010054
871 0.67014808
872 0.67020074
873 0.67029084
874 0.67035708
875 0.67041191
876 0.67054664
877 0.6706627
878 0.6707527
879 0.67079029
880 0.67086543
881 0.67098567
882 0.6710552
883 0.67109117
884 0.67121189
885 0.67128809
886 0.67131207
887 0.67137695
888 0.67139671
889 0.67150045
890 0.67153042
891 0.67161068
892 0.67162295
893 0.67171371
894 0.67174558
895 0.67179651
896 0.67182714
897 0.67187402
898 0.67192468
899 0.6719811
900 0.6720671
901 0.67214486
902 0.67220754
903 0.67224558
904 0.67227755
905 0.67229711
906 0.67237411
907 0.67239544
908 0.67240002
909 0.67249527
910 0.67252486
911 0.67259482
912 0.67267391
913 0.67269877
914 0.67277692
915 0.67283942
916 0.67286959
917 0.67295537
918 0.67304013
919 0.6731233
920 0.67324357
921 0.67326162
922 0.6733451
923 0.67343433
924 0.67358497
925 0.6736284
926 0.67368525
927 0.67372348
928 0.6738018
929 0.67387263
930 0.67392656
931 0.67396324
932 0.67402731
933 0.6740794
934 0.67410681
935 0.67413541
936 0.67419607
937 0.67422712
938 0.67432165
939 0.67436504
940 0.67443574
941 0.67449739
942 0.67458949
943 0.67472461
944 0.67476769
945 0.67480737
946 0.67488361
947 0.67494952
948 0.67501483
949 0.67505784
950 0.67509567
951 0.67514565
952 0.67520192
953 0.67529364
954 0.67533499
955 0.67539373
956 0.67544925
957 0.67550119
958 0.67553096
959 0.67562315
960 0.67568824
961 0.67573388
962 0.67574395
963 0.6758056
964 0.67586934
965 0.67593734
966 0.67595012
967 0.67601618
968 0.67607581
969 0.67611063
970 0.67614214
971 0.67621412
972 0.67627902
973 0.676339
974 0.67639369
975 0.67642827
976 0.67649781
977 0.67656652
978 0.6765762
979 0.67662289
980 0.67666206
981 0.67668453
982 0.67670324
983 0.67678307
984 0.67682167
985 0.67685217
986 0.67686039
987 0.67693525
988 0.67696828
989 0.67703697
990 0.67711359
991 0.67717897
992 0.67721612
993 0.67725813
994 0.67729754
995 0.67734228
996 0.67743916
997 0.67750931
998 0.67757371
999 0.67760945
1000 0.67769116
1001 0.67773507
1002 0.67778739
1003 0.67784714
1004 0.67786188
1005 0.67790041
1006 0.67796755
1007 0.6779914
1008 0.67803725
1009 0.67807331
1010 0.6781298
1011 0.678179
1012 0.67823475
1013 0.6782774
1014 0.67835509
1015 0.67838517
1016 0.67844549
1017 0.6784729
1018 0.67850031
1019 0.67855241
1020 0.67867038
1021 0.67872569
1022 0.67874736
1023 0.6788501
1024 0.67886263
1025 0.67888683
1026 0.67894649
1027 0.678985
1028 0.67903776
1029 0.67909367
1030 0.679119
1031 0.67921224
1032 0.67925546
1033 0.67928952
1034 0.67931551
1035 0.67932796
1036 0.67938719
1037 0.67942024
1038 0.67946168
1039 0.67952478
1040 0.67962172
1041 0.67968256
1042 0.67977275
1043 0.67985894
1044 0.67993135
1045 0.68003194
1046 0.68006242
1047 0.68011113
1048 0.68016629
1049 0.68025782
1050 0.68029191
1051 0.68030381
1052 0.68033519
1053 0.68039315
1054 0.68044293
1055 0.68051539
1056 0.68054172
1057 0.6805677
1058 0.68061519
1059 0.68066204
1060 0.68070103
1061 0.68074669
1062 0.68078614
1063 0.68083993
1064 0.68088632
1065 0.68095381
1066 0.68098873
1067 0.68106456
1068 0.68110643
1069 0.68114557
1070 0.68118311
1071 0.68122619
1072 0.68126024
1073 0.68132616
1074 0.68141232
1075 0.68144905
1076 0.68146874
1077 0.68150994
1078 0.6815435
1079 0.68158692
1080 0.6816006
1081 0.6816436
1082 0.68166658
1083 0.68176707
1084 0.68183177
1085 0.68187307
1086 0.68193468
1087 0.68202654
1088 0.68206705
1089 0.6821038
1090 0.68214225
1091 0.68221869
1092 0.68224897
1093 0.6822814
1094 0.68232459
1095 0.68240841
1096 0.682486
1097 0.68250058
1098 0.68256981
1099 0.68264197
1100 0.68268604
1101 0.6827486
1102 0.68277743
1103 0.68281984
1104 0.68284925
1105 0.68287383
1106 0.68292885
1107 0.68296324
1108 0.68303114
1109 0.68304953
1110 0.68312483
1111 0.68318134
1112 0.68324491
1113 0.68328387
1114 0.68328842
1115 0.6833474
1116 0.6833827
1117 0.68340968
1118 0.6834451
1119 0.68352806
1120 0.68357899
1121 0.6836363
1122 0.68366698
1123 0.68373066
1124 0.68376918
1125 0.68378342
1126 0.683816
1127 0.68385147
1128 0.68389788
1129 0.6839151
1130 0.68403504
1131 0.68405806
1132 0.68409986
1133 0.68416274
1134 0.68421121
1135 0.684252
1136 0.68429056
1137 0.6843227
1138 0.68433735
1139 0.68434273
1140 0.68441019
1141 0.68446998
1142 0.68448903
1143 0.68452705
1144 0.68457085
1145 0.68460511
1146 0.68463505
1147 0.68465415
1148 0.68472198
1149 0.6847507
1150 0.68482887
1151 0.68484319
1152 0.68488425
1153 0.68493223
1154 0.68495226
1155 0.68497358
1156 0.68499577
1157 0.68501253
1158 0.68506893
1159 0.68509544
1160 0.68516147
1161 0.68520029
1162 0.68523666
1163 0.68527859
1164 0.68531338
1165 0.68533685
1166 0.68537157
1167 0.68541737
1168 0.68545481
1169 0.68546279
1170 0.68553612
1171 0.68559585
1172 0.6856892
1173 0.68576913
1174 0.68581673
1175 0.68585399
1176 0.68589121
1177 0.68589404
1178 0.68594048
1179 0.6859713
1180 0.68604144
1181 0.68606918
1182 0.6860826
1183 0.68610319
1184 0.68616377
1185 0.68620746
1186 0.68625092
1187 0.68629088
1188 0.68637262
1189 0.68640114
1190 0.68643387
1191 0.68646798
1192 0.68650292
1193 0.68652235
1194 0.68655567
1195 0.68658479
1196 0.68665931
1197 0.68671898
1198 0.68683163
1199 0.68685558
1200 0.68687152
1201 0.68691285
1202 0.68695074
1203 0.68696665
1204 0.68697955
1205 0.68701987
1206 0.68712431
1207 0.68717106
1208 0.68717597
1209 0.68721554
1210 0.68727187
1211 0.68727999
1212 0.68730083
1213 0.68732059
1214 0.68736297
1215 0.68740372
1216 0.68743171
1217 0.68746996
1218 0.68748394
1219 0.68759646
1220 0.6876428
1221 0.68766163
1222 0.68768955
1223 0.68772533
1224 0.687739
1225 0.68780895
1226 0.68785074
1227 0.68786424
1228 0.68786929
1229 0.68795426
1230 0.68798775
1231 0.68808906
1232 0.6881157
1233 0.68816207
1234 0.68819729
1235 0.68823801
1236 0.68829801
1237 0.6883122
1238 0.68832964
1239 0.68837204
1240 0.68842281
1241 0.6884388
1242 0.68845942
1243 0.68850926
1244 0.68853822
1245 0.68856688
1246 0.68860845
1247 0.68862336
1248 0.68870583
1249 0.68875818
1250 0.68882499
1251 0.68891612
1252 0.68902094
1253 0.68903541
1254 0.68912246
1255 0.68914368
1256 0.68914459
1257 0.68917388
1258 0.68920356
1259 0.68926116
1260 0.68929932
1261 0.68932027
1262 0.68935053
1263 0.68938111
1264 0.68938286
1265 0.68941386
1266 0.68943057
1267 0.68946395
1268 0.68951879
1269 0.68955908
1270 0.68961064
1271 0.68964204
1272 0.68965848
1273 0.68967425
1274 0.68970408
1275 0.68974688
1276 0.68976333
1277 0.68977683
1278 0.68981277
1279 0.68985986
1280 0.68987965
1281 0.68997596
1282 0.68998119
1283 0.69002121
1284 0.69005715
1285 0.69008419
1286 0.69011534
1287 0.69013491
1288 0.69015694
1289 0.69020619
1290 0.69020992
1291 0.69023589
1292 0.69025606
1293 0.69027871
1294 0.69034203
1295 0.69038353
1296 0.6904039
1297 0.69044315
1298 0.6904701
1299 0.69048639
1300 0.69051437
1301 0.69053761
1302 0.69059564
1303 0.6906052
1304 0.69064342
1305 0.69066719
1306 0.69066937
1308 0.69067102
1309 0.6906936
1310 0.69075485
1311 0.69079551
1312 0.69082236
1313 0.69086522
1314 0.69089272
1315 0.69090372
1316 0.69094201
1317 0.69098791
1318 0.69101873
1319 0.69103799
1320 0.69107149
1321 0.69108367
1322 0.69112137
1323 0.69113881
1324 0.69117506
1325 0.69119881
1326 0.6912141
1327 0.69128016
1328 0.6912873
1329 0.69134753
1330 0.69135
1331 0.69137404
1332 0.69142325
1333 0.69143147
1334 0.69148264
1335 0.69153198
1336 0.69158419
1337 0.69161347
1338 0.69165583
1339 0.69168256
1340 0.6917228
1341 0.69172767
1342 0.69174947
1343 0.69177703
1344 0.69181119
1345 0.69186938
1346 0.69192503
1347 0.69195144
1348 0.69196175
1349 0.69203671
1350 0.69206541
1351 0.69207492
1352 0.6921173
1353 0.69213991
1354 0.69218328
1355 0.69221783
1356 0.69224962
1357 0.69226974
1358 0.69227947
1359 0.69228896
1360 0.69231075
1361 0.69238299
1362 0.69239554
1363 0.69241093
1364 0.69244903
1365 0.69247288
1366 0.69251858
1367 0.69252733
1368 0.69255596
1369 0.69258968
1370 0.69259054
1371 0.69261115
1372 0.69264054
1373 0.69265507
1374 0.69266369
1375 0.69268033
1376 0.69269769
1377 0.69270353
1378 0.69272091
1379 0.69274808
1380 0.69275705
1381 0.6927867
1382 0.6927998
1383 0.69283889
1384 0.69290483
1385 0.69293505
1386 0.69294872
1387 0.69299091
1388 0.6930016
1389 0.69303203
1390 0.6930349
1391 0.69304229
1392 0.6930508
1393 0.69306922
1394 0.69309442
1395 0.69310387
1396 0.69313244
1397 0.69315759
1398 0.69317283
1399 0.69322268
1400 0.69323224
1401 0.69324021
1402 0.6932886
1403 0.69332192
1404 0.69334677
1405 0.69336884
1406 0.69340259
1407 0.69344553
1408 0.69344948
1409 0.69346715
1410 0.69352387
1411 0.69355158
1412 0.69357775
1413 0.69360137
1414 0.69363006
1415 0.69365485
1416 0.693678
1417 0.6936946
1418 0.69372418
1419 0.69373486
1420 0.69379121
1421 0.69380285
1422 0.69381679
1423 0.69384901
1424 0.69387539
1425 0.69392039
1426 0.69395953
1427 0.69397676
1428 0.69398833
1429 0.69402233
1430 0.69403812
1431 0.69406714
1432 0.69408747
1433 0.69412721
1434 0.69417055
1435 0.69424878
1436 0.69427175
1437 0.69429664
1438 0.69433287
1439 0.69438029
1440 0.69440973
1441 0.69443713
1442 0.69448197
1443 0.69448376
1444 0.69449092
1445 0.69453353
1446 0.69455288
1447 0.69459968
1448 0.69460688
1449 0.6946421
1450 0.69466344
1451 0.69469012
1452 0.69472184
1453 0.6947497
1454 0.69477443
1455 0.69480019
1456 0.69482222
1457 0.69486226
1458 0.69487893
1459 0.69490867
1460 0.6949457
1461 0.69495761
1462 0.69497724
1463 0.69501503
1464 0.69502048
1465 0.69502398
1466 0.69503981
1467 0.69504661
1468 0.69505222
1469 0.6950841
1470 0.69511917
1471 0.69513567
1472 0.69515032
1473 0.69516268
1474 0.69516393
1475 0.69520444
1476 0.69522958
1477 0.69526648
1478 0.69530163
1479 0.69531278
1480 0.69532707
1481 0.69536603
1482 0.695386
1483 0.69539227
1484 0.69541773
1485 0.69544083
1486 0.69547732
1487 0.69552818
1488 0.69554227
1489 0.69558621
1490 0.69560653
1491 0.69564405
1492 0.69564603
1493 0.69566632
1494 0.69568655
1495 0.69571611
1496 0.69575185
1497 0.69578498
1498 0.69581914
1499 0.69586017
1500 0.69587084
1501 0.69590557
1502 0.69594597
1503 0.69596866
1504 0.69598766
1505 0.69601827
1506 0.69605615
1507 0.69610119
1508 0.69615112
1509 0.69617965
1510 0.6962094
1511 0.6962519
1512 0.6962674
1513 0.69629296
1514 0.69632151
1515 0.69635955
1517 0.6964057
1518 0.69645503
1519 0.69652595
1520 0.6965539
1521 0.6965591
1522 0.69658226
1523 0.69661064
1524 0.69662286
1525 0.69664711
1526 0.69665439
1527 0.69671248
1528 0.69672776
1529 0.69676974
1530 0.69677815
1531 0.6967942
1532 0.6968003
1534 0.69680439
1535 0.69680877
1536 0.69682826
1537 0.69683595
1538 0.69687545
1539 0.69689354
1540 0.69691848
1541 0.69695929
1542 0.6969594
1544 0.69697365
1545 0.69699279
1546 0.69702363
1547 0.69705395
1548 0.69707788
1549 0.69708185
1550 0.69710998
1551 0.69714348
1553 0.69715617
1554 0.69717733
1555 0.69721477
1556 0.69724454
1557 0.69727461
1558 0.6972925
1559 0.69730709
1560 0.69731087
1561 0.69733152
1562 0.69733715
1563 0.6973595
1564 0.69736485
1565 0.6974315
1566 0.69743868
1567 0.6974637
1568 0.69746825
1569 0.69748505
1570 0.69754897
1571 0.69756824
1572 0.69758885
1573 0.69763722
1574 0.69764352
1575 0.69766267
1576 0.69771176
1577 0.69772251
1578 0.69774136
1579 0.69776885
1580 0.69778312
1581 0.69778936
1583 0.69782963
1584 0.69785885
1585 0.69787206
1586 0.69790054
1587 0.6979105
1588 0.69794155
1589 0.69796479
1590 0.69797236
1591 0.69800084
1592 0.69803646
1593 0.69805457
1594 0.69807267
1595 0.69809045
1596 0.69811258
1597 0.69812903
1598 0.69817102
1599 0.6981824
1601 0.69819594
1602 0.69820184
1603 0.69820806
1604 0.69824979
1605 0.69825567
1606 0.69826601
1607 0.69829886
1608 0.69831702
1609 0.69833607
1610 0.69834273
1611 0.69837669
1612 0.69841615
1613 0.69847756
1614 0.6984963
1615 0.69851939
1616 0.6985364
1617 0.69861597
1618 0.6986417
1619 0.69864932
1620 0.69867781
1621 0.69868087
1622 0.69868983
1623 0.69870858
1624 0.6987436
1625 0.69877506
1626 0.6987912
1627 0.69879254
1628 0.69881269
1629 0.69882069
1630 0.6988484
1631 0.69887317
1632 0.69888104
1633 0.69889858
1634 0.69891491
1635 0.6989361
1636 0.69894029
1637 0.69898479
1638 0.69900574
1639 0.69901908
1640 0.69903292
1641 0.69905692
1642 0.69908253
1643 0.69912272
1644 0.69914244
1645 0.6991809
1646 0.69918721
1647 0.69919585
1648 0.69922268
1649 0.69924377
1650 0.69924585
1651 0.69927339
1652 0.69927342
1653 0.69928598
1654 0.69930153
1656 0.69933691
1657 0.69934524
1658 0.6993905
1659 0.6994275
1661 0.69944424
1662 0.69944796
1663 0.69946349
1664 0.69948895
1665 0.69951614
1666 0.69955283
1667 0.69959301
1668 0.6996131
1669 0.69961892
1670 0.69962699
1671 0.69963847
1672 0.69967179
1673 0.69969106
1674 0.69972346
1675 0.69974263
1676 0.69977796
1677 0.69978166
1678 0.69979751
1679 0.69980315
1680 0.69982272
1681 0.69983365
1683 0.69985039
1684 0.69987151
1685 0.69988889
1686 0.69990838
1687 0.69992144
1688 0.69994308
1689 0.69995028
1690 0.69995602
1691 0.69997876
1692 0.69999179
1693 0.70000041
1694 0.70000755
1695 0.70002475
1696 0.7000335
1698 0.70004513
1699 0.7000498
1700 0.70008627
1701 0.70011193
1702 0.70012881
1703 0.70017799
1704 0.70020867
1705 0.70022906
1706 0.70023026
1707 0.70026813
1708 0.70028552
1710 0.70029823
1711 0.70034926
1712 0.70036944
1713 0.70039932
1714 0.70042281
1715 0.70043086
1716 0.70044858
1717 0.70047762
1718 0.70048738
1719 0.70051582
1720 0.70053673
1721 0.70056347
1722 0.7005771
1723 0.70061514
1724 0.70063679
1725 0.70065842
1726 0.70066709
1727 0.70069099
1728 0.70070763
1729 0.70072936
1730 0.70073119
1731 0.70073164
1733 0.70074862
1734 0.70075616
1735 0.70078712
1737 0.70083256
1738 0.70085664
1739 0.7008662
1740 0.70088619
1741 0.70089679
1742 0.70089949
1743 0.70090181
1744 0.70091363
1745 0.70092641
1746 0.70093639
1747 0.70094978
1748 0.70096202
1749 0.70101056
1750 0.70104564
1751 0.70105921
1752 0.7010662
1753 0.7010727
1754 0.70109972
1755 0.70113805
1757 0.70117226
1758 0.70119136
1759 0.70120127
1761 0.70121298
1762 0.70122864
1763 0.70124518
1764 0.70126912
1765 0.70127052
1766 0.70129307
1767 0.70133364
1768 0.70135557
1769 0.70136958
1770 0.7013934
1771 0.70141108
1772 0.70143559
1773 0.70144128
1774 0.70145916
1775 0.70148663
1776 0.70150943
1777 0.70153357
1778 0.70153432
1779 0.70154909
1780 0.70154949
1781 0.70157086
1782 0.70158646
1783 0.70159912
1784 0.70161322
1785 0.70164262
1786 0.70165426
1787 0.70167688
1788 0.7016806
1789 0.70170084
1790 0.70170475
1791 0.70172993
1792 0.70173582
1793 0.70175245
1794 0.7017623
1795 0.70177701
1796 0.70179342
1797 0.70181738
1798 0.70183404
1799 0.70186959
1800 0.70189601
1801 0.70192136
1802 0.70194168
1803 0.70195906
1804 0.70196236
1805 0.70196815
1806 0.70199519
1807 0.70202389
1808 0.70202796
1810 0.7020453
1811 0.70205037
1812 0.70208769
1813 0.70210614
1814 0.70212179
1815 0.70212392
1816 0.70214839
1817 0.70216264
1818 0.70217897
1819 0.7022081
1820 0.70221705
1821 0.70222675
1822 0.70225765
1823 0.70228574
1824 0.70228634
1825 0.70229938
1826 0.70230851
1827 0.70231514
1828 0.70232996
1829 0.70234956
1830 0.70236257
1834 0.70239668
1835 0.70240423
1836 0.70243692
1837 0.70246225
1838 0.70248353
1839 0.70251959
1840 0.70253779
1841 0.70256161
1842 0.70258418
1843 0.70260669
1844 0.70260842
1845 0.70261187
1846 0.70261961
1847 0.70262669
1848 0.70266613
1849 0.70270043
1850 0.70271819
1851 0.70275689
1852 0.70279714
1853 0.70280012
1854 0.70281304
1855 0.70284116
1856 0.70284469
1857 0.70285528
1858 0.70286495
1859 0.70289268
1860 0.70291155
1861 0.70293353
1862 0.70294785
1863 0.70295883
1864 0.70297005
1865 0.70297641
1866 0.70300569
1868 0.70301342
1869 0.70301571
1870 0.70302277
1871 0.70304763
1872 0.70307508
1873 0.70308003
1874 0.70309498
1875 0.70310234
1876 0.70314935
1877 0.70320618
1878 0.70322567
1879 0.70324434
1880 0.70330939
1881 0.70332268
1882 0.70334232
1883 0.7033512
1884 0.70335707
1885 0.70336429
1887 0.70336677
1888 0.70338305
1889 0.70340323
1890 0.70341423
1891 0.70343151
1892 0.70344042
1893 0.7034432
1894 0.70345143
1895 0.70346503
1896 0.70347418
1897 0.7034874
1898 0.70348856
1899 0.70352437
1900 0.70353933
1901 0.70358124
1902 0.7035824
1903 0.70359441
1904 0.70360468
1905 0.70360841
1907 0.7036243
1908 0.7036382
1909 0.70363875
1910 0.7036498
1912 0.70366763
1913 0.70367156
1914 0.70367973
1915 0.70371693
1916 0.7037438
1917 0.70377094
1918 0.70380536
1919 0.70381447
1920 0.70382745
1921 0.70383471
1922 0.70385154
1923 0.70385752
1924 0.70387462
1925 0.7038826
1926 0.70388477
1927 0.70390727
1928 0.70392451
1929 0.70394438
1930 0.70395735
1931 0.70396555
1932 0.70397205
1933 0.70398047
1934 0.70398299
1935 0.70399353
1936 0.70400087
1937 0.70400393
1938 0.70402966
1940 0.70404599
1941 0.70406484
1942 0.70409324
1943 0.70409714
1944 0.70411725
1945 0.70413162
1946 0.70413989
1947 0.70415739
1948 0.70417599
1949 0.70417829
1950 0.70419236
1951 0.70421642
1952 0.7042337
1953 0.70423744
1955 0.70427102
1956 0.70431433
1957 0.70432375
1958 0.70432903
1959 0.70434091
1960 0.70438105
1961 0.7043883
1962 0.70442254
1963 0.70444556
1964 0.70445321
1965 0.70445731
1966 0.70446341
1967 0.70447625
1968 0.70448293
1969 0.70449792
1970 0.70450159
1971 0.70450564
1972 0.70452679
1974 0.70453331
1975 0.70454834
1976 0.70456414
1977 0.70458327
1978 0.70459992
1979 0.704614
1980 0.70462004
1981 0.70465408
1982 0.70466609
1983 0.70467345
1984 0.70468138
1985 0.70468681
1986 0.70470901
1987 0.70471207
1988 0.70473338
1989 0.70474663
1990 0.704787
1991 0.70479417
1992 0.70479471
1993 0.70479846
1994 0.70480192
1995 0.70481267
1996 0.70481648
1997 0.70482726
1998 0.70483885
1999 0.7048905
2000 0.70489958
2001 0.70491022
2002 0.70493985
2003 0.70494825
2004 0.70494842
2005 0.70495424
2006 0.70496568
2007 0.70497862
2008 0.70500425
2010 0.70501056
2013 0.7050111
2016 0.70501178
2017 0.70503839
2018 0.70504223
2019 0.70506892
2020 0.70506917
2021 0.70507123
2022 0.70509586
2023 0.70510839
2024 0.70510981
2025 0.7051181
2026 0.70512449
2027 0.70512501
2028 0.70513687
2030 0.70515846
2031 0.70518247
2032 0.70520034
2035 0.70522305
2036 0.70524057
2037 0.70526599
2038 0.70527095
2040 0.70529393
2041 0.70532021
2042 0.7053292
2043 0.70534095
2046 0.70535135
2047 0.70538965
2048 0.70539479
2050 0.70542835
2051 0.70546234
2052 0.70549477
2053 0.70550912
2054 0.70552202
2055 0.70554669
2057 0.70555441
2058 0.70558567
2059 0.70559652
2060 0.70560267
2061 0.70560612
2062 0.70561395
2063 0.70561416
2064 0.70562685
2065 0.7056352
2066 0.70565939
2068 0.70566041
2069 0.70568182
2070 0.70570977
2071 0.70571509
2072 0.70571618
2073 0.7057257
2074 0.70574909
2075 0.70577111
2076 0.70577229
2077 0.70578758
2078 0.70579057
2079 0.70580069
2080 0.70580962
2081 0.70581296
2082 0.70582477
2083 0.70583208
2084 0.70585155
2085 0.70586393
2086 0.70587212
2087 0.70587421
2088 0.70587669
2090 0.70589129
2091 0.70589772
2092 0.70590517
2093 0.70592441
2094 0.70593262
2095 0.70593636
2096 0.70594404
2097 0.70594445
2098 0.70595656
2099 0.70598477
2100 0.70598894
2101 0.70600605
2102 0.70600914
2103 0.7060204
2104 0.70603024
2106 0.7060319
2107 0.70603495
2108 0.70603885
2110 0.706055
2112 0.70605884
2115 0.7060767
2116 0.70608409
2117 0.70612493
2118 0.70614028
2119 0.70615527
2120 0.70617399
2121 0.70617843
2122 0.70618002
2123 0.70618773
2124 0.70622287
2126 0.70623109
2127 0.70623134
2128 0.70628597
2132 0.70629459
2133 0.70630438
2134 0.70630993
2135 0.70631026
2136 0.70632286
2137 0.70634013
2138 0.70634219
2139 0.7063433
2140 0.70635299
2141 0.70637278
2143 0.70638541
2145 0.70640275
2146 0.7064222
2147 0.70642447
2148 0.70643211
2149 0.70645444
2150 0.70647773
2152 0.7064891
2153 0.70651274
2154 0.70651433
2156 0.70652024
2157 0.70653622
2158 0.70655196
2159 0.70656498
2160 0.70658104
2161 0.70658544
2162 0.70658698
2164 0.70660355
2167 0.70661628
2168 0.70663697
2169 0.7066689
2171 0.70668295
2172 0.70668919
2173 0.70669267
2174 0.70670229
2175 0.70671086
2176 0.70671478
2177 0.7067212
2179 0.70673119
2180 0.70673525
2181 0.70674062
2182 0.70674911
2183 0.70675508
2184 0.70677144
2186 0.70679256
2187 0.70679794
2188 0.70680054
2189 0.70680173
2190 0.70680546
2191 0.70680939
2192 0.70682859
2193 0.70686584
2194 0.70686718
2195 0.70688341
2196 0.706893
2197 0.70689685
2198 0.70689774
2199 0.70691832
2202 0.7069298
2204 0.70693538
2205 0.70694617
2206 0.70695548
2207 0.7069583
2208 0.7069735
2210 0.70698128
2211 0.7069843
2212 0.70699064
2213 0.70699158
2214 0.70699377
2215 0.70699913
2216 0.70700689
2217 0.70700822
2218 0.70702291
2219 0.707025
2221 0.70704671
2222 0.7070553
2223 0.70710607
2224 0.70712742
2225 0.70713098
2226 0.70715783
2228 0.70716854
2229 0.70717157
2231 0.70718984
2232 0.70719943
2233 0.70721177
2234 0.70722235
2235 0.70723563
2238 0.70723651
2239 0.70727377
2241 0.70727806
2242 0.70727965
2244 0.70728124
2245 0.70729012
2246 0.70730077
2247 0.70732083
2249 0.70733218
2250 0.70733734
2251 0.70734311
2253 0.70734782
2254 0.70735927
2255 0.70735943
2256 0.70737042
2257 0.70737327
2258 0.70738036
2260 0.70739844
2261 0.70739918
2262 0.70740766
2263 0.7074204
2264 0.70742535
2265 0.70743851
2266 0.7074601
2267 0.70747091
2269 0.70749135
2270 0.70750505
2271 0.70752759
2272 0.70753877
2275 0.70754012
2276 0.70754876
2278 0.70755428
2279 0.7075842
2280 0.70758744
2281 0.70760868
2282 0.70760918
2284 0.7076418
2285 0.70764196
2286 0.70765296
2287 0.70765706
2289 0.70767467
2290 0.70769313
2291 0.70769472
2294 0.70770016
2295 0.70771689
2296 0.70772379
2297 0.7077307
2298 0.70774054
2299 0.70775159
2301 0.70775263
2303 0.7077673
2304 0.70778549
2305 0.70779344
2306 0.70780591
2308 0.70782253
2310 0.70782965
2311 0.70784254
2313 0.70785185
2314 0.70785208
2315 0.70785828
2316 0.70786674
2318 0.7078668
2319 0.70788346
2321 0.70788578
2322 0.70788667
2323 0.70789119
2324 0.70789358
2326 0.70790547
2328 0.70790721
2329 0.70791369
2331 0.70792427
2332 0.70793463
2333 0.70794271
2335 0.70795387
2337 0.70797542
2338 0.70798024
2339 0.70798578
2340 0.70798938
2341 0.70800049
2342 0.70804633
2343 0.70806569
2344 0.70808983
2347 0.70811725
2348 0.70813797
2349 0.70814412
2351 0.70815172
2352 0.70815942
2355 0.70816037
2356 0.70817006
2357 0.70818304
2358 0.7082155
2360 0.70824044
2362 0.70824692
2363 0.70824852
2367 0.70825228
2368 0.708275
2369 0.70829156
2370 0.70829192
2372 0.70829687
2373 0.70829791
2374 0.70830125
2375 0.70832982
2376 0.70835492
2377 0.70835736
2383 0.70836243
2384 0.70836534
2385 0.70836583
2386 0.70837607
2387 0.70838181
2388 0.70839127
2390 0.70839457
2391 0.70840108
2393 0.70841428
2394 0.70842013
2395 0.70842969
2396 0.70843311
2399 0.70847429
2401 0.70847608
2402 0.70848509
2403 0.70849801
2404 0.70850693
2406 0.70850856
2407 0.70852044
2408 0.70852218
2409 0.70852315
2410 0.70852848
2412 0.70854794
2413 0.70855673
2414 0.70857501
2415 0.70858274
2416 0.70859271
2417 0.70860046
2419 0.70860394
2421 0.70860809
2422 0.70861908
2425 0.70863653
2426 0.70864313
2427 0.70866352
2428 0.70867811
2430 0.7086844
2431 0.70871533
2432 0.70872651
2433 0.70873065
2434 0.70874479
2435 0.70874975
2436 0.70875495
2438 0.7087605
2439 0.70876631
2440 0.70877654
2441 0.70878079
2442 0.70881403
2443 0.70881851
2445 0.70883502
2446 0.7088362
2447 0.708838
2449 0.70885339
2451 0.70886225
2452 0.70887197
2455 0.70887395
2456 0.70888291
2458 0.70888456
2459 0.7088846
2461 0.70888547
2462 0.70890112
2463 0.70890761
2464 0.70891118
2465 0.70893614
2467 0.70893651
2469 0.70894678
2470 0.70894696
2471 0.7089649
2472 0.70897643
2473 0.70898178
2474 0.70898313
2477 0.70899464
2478 0.70899976
2479 0.70900257
2480 0.70901073
2481 0.70902694
2483 0.70903422
2486 0.70903503
2487 0.70906052
2488 0.70906587
2490 0.70909478
2493 0.70910467
2494 0.70911819
2495 0.70913314
2496 0.70913396
2497 0.70914474
2498 0.70916005
2499 0.7091679
2500 0.70919955
2506 0.70920385
2507 0.70920544
2508 0.70920962
2509 0.70920999
2510 0.70921709
2511 0.7092289
2512 0.70923968
2513 0.70924637
2514 0.70925135
2518 0.70925716
2520 0.70925957
2522 0.70927009
2523 0.70927172
2524 0.70927572
2525 0.70928883
2526 0.70928987
2530 0.7093039
2531 0.709313
2533 0.70932551
2534 0.70932615
2535 0.70932963
2536 0.70933498
2537 0.70934035
2538 0.70935287
2540 0.70935302
2545 0.7093593
2546 0.70937012
2548 0.70937239
2550 0.70937456
2551 0.70940352
2552 0.7094212
2555 0.70943925
2556 0.70944343
2557 0.7094465
2558 0.70946661
2563 0.70947222
2564 0.70947791
2565 0.70949509
2566 0.70950125
2567 0.7095076
2568 0.70951101
2572 0.70951879
2574 0.70952994
2575 0.70953373
2576 0.70953693
2577 0.70954931
2579 0.70955408
2584 0.7095585
2585 0.70956358
2586 0.70957902
2587 0.70958042
2588 0.70958326
2589 0.70958633
2590 0.70959432
2592 0.70962543
2594 0.70963671
2596 0.70964895
2597 0.70965433
2598 0.70966082
2601 0.7096665
2602 0.70968628
2603 0.7096992
2605 0.7097146
2606 0.70972065
2607 0.70973466
2608 0.70975331
2609 0.70977185
2610 0.7097805
2611 0.7097819
2612 0.70979622
2614 0.70980129
2615 0.70980299
2617 0.70980888
2621 0.7098117
2622 0.70982378
2623 0.70982522
2625 0.70984081
2626 0.70984364
2627 0.70985054
2628 0.70986544
2630 0.70986583
2632 0.70987671
2633 0.70990049
2635 0.70990589
2637 0.7099239
2639 0.70993004
2640 0.70993275
2644 0.70994505
2645 0.70994907
2647 0.70994975
2650 0.70995944
2651 0.709969
2652 0.70998158
2655 0.70998981
2656 0.70999182
2658 0.70999825
2659 0.71001063
2660 0.7100108
2661 0.71002537
2662 0.71003893
2663 0.71005371
2664 0.71005411
2665 0.71006351
2666 0.71006956
2668 0.71007402
2672 0.71008529
2674 0.71010806
2676 0.71011779
2677 0.71011959
2678 0.71013
2681 0.71013875
2682 0.71017042
2685 0.71017417
2686 0.71017672
2688 0.71017891
2689 0.71017991
2691 0.71018818
2693 0.71018894
2694 0.71019209
2696 0.71019344
2698 0.71019898
2700 0.71020021
2702 0.7102058
2704 0.71023339
2707 0.71023723
2708 0.71024308
2710 0.71024317
2711 0.71025061
2714 0.71025707
2715 0.710261
2717 0.71028335
2718 0.71028534
2719 0.71028742
2721 0.71029282
2723 0.71031501
2724 0.71032894
2726 0.71033277
2727 0.71034928
2728 0.71035701
2729 0.71036633
2731 0.71036982
2732 0.71037266
2734 0.71037998
2735 0.71038654
2736 0.71038867
2737 0.71039007
2738 0.71039217
2739 0.71039807
2743 0.71040764
2744 0.71041145
2745 0.71041748
2749 0.71041749
2750 0.71043287
2752 0.71043291
2754 0.71045635
2755 0.71046521
2756 0.71047448
2758 0.71047622
2759 0.71050788
2760 0.71050802
2761 0.71052668
2764 0.71054274
2765 0.71054619
2766 0.7105557
2767 0.71056556
2768 0.71058413
2769 0.71058802
2770 0.71059413
2771 0.71060492
2772 0.71061757
2773 0.71062474
2774 0.7106347
2775 0.71064474
2776 0.71065657
2777 0.71066614
2778 0.7106687
2782 0.71068065
2783 0.71068572
2789 0.7106996
2790 0.71072115
2791 0.71072195
2792 0.7107221
2793 0.71074207
2796 0.71074309
2799 0.71074877
2801 0.71076331
2802 0.71078146
2803 0.71079474
2804 0.71080437
2805 0.71081429
2808 0.71082994
2810 0.71083577
2811 0.71084358
2813 0.71084895
2814 0.7108536
2815 0.71085952
2816 0.71086016
2818 0.71086511
2820 0.71087342
2821 0.71087675
2822 0.71088247
2824 0.71088877
2825 0.71089147
2827 0.71090668
2828 0.71091093
2830 0.71092141
2831 0.71092252
2832 0.71092643
2834 0.71092925
2838 0.71093208
2840 0.71094004
2841 0.71094714
2842 0.71096553
2843 0.71097197
2846 0.71097625
2848 0.71098335
2851 0.71100104
2853 0.71101128
2854 0.71102441
2855 0.71103169
2860 0.71103629
2861 0.71103867
2864 0.71104139
2866 0.71104562
2867 0.71105269
2868 0.71105467
2869 0.71106273
2870 0.71106993
2871 0.71107246
2875 0.71107319
2876 0.7110829
2878 0.71110318
2879 0.71111416
2884 0.71112248
2886 0.71112456
2888 0.71113146
2889 0.7111328
2890 0.71114077
2893 0.71114291
2894 0.71114779
2897 0.7111515
2898 0.7111586
2899 0.71119738
2902 0.7112098
2904 0.71121721
2906 0.71122096
2910 0.71122378
2912 0.71123538
2913 0.71123948
2914 0.71125282
2915 0.71125702
2916 0.71126198
2917 0.71127264
2918 0.71127274
2919 0.71128354
2920 0.71128436
2922 0.71128936
2925 0.7112994
2927 0.71130013
2928 0.71130395
2929 0.71130812
2931 0.71132357
2933 0.71133161
2934 0.71133538
2936 0.71134382
2938 0.71135526
2939 0.71136339
2940 0.71136566
2942 0.71137769
2943 0.71138443
2946 0.71140096
2947 0.71140214
2948 0.71140999
2949 0.71141799
2952 0.71143335
2953 0.71143946
2954 0.71147067
2955 0.71147761
2956 0.71147936
2958 0.71148006
2960 0.71148778
2963 0.71150325
2964 0.71151574
2968 0.71151576
2969 0.71152271
2970 0.71152612
2972 0.71153096
2977 0.71153379
2979 0.71154646
2982 0.71154678
2986 0.71155111
2987 0.71157046
2989 0.71157791
2990 0.71159894
2991 0.71160009
2992 0.71161646
2994 0.71161741
2996 0.71161982
2997 0.71163572
2998 0.71164455
2999 0.71164535
3001 0.71166821
3003 0.7116765
3009 0.71168579
3012 0.71168791
3013 0.71169617
3014 0.71169889
3015 0.71171373
3023 0.71172118
3025 0.71173316
3027 0.71173811
3029 0.71175097
3031 0.71176397
3032 0.71176539
3037 0.711771
3040 0.7117807
3048 0.71180168
3053 0.71180311
3054 0.7118047
3058 0.71180491
3063 0.71181124
3065 0.71181661
3066 0.71181702
3069 0.71181819
3070 0.7118251
3076 0.71182876
3077 0.71183365
3078 0.7118378
3079 0.71184007
3083 0.7118476
3086 0.71185478
3087 0.71185498
3089 0.71187968
3090 0.71188788
3091 0.71189381
3097 0.71190411
3099 0.71192007
3102 0.7119215
3104 0.71192569
3107 0.71193302
3112 0.71193327
3113 0.71193422
3119 0.71194659
3134 0.71196933
3141 0.71197131
3142 0.71197262
3143 0.71198422
3144 0.71198812
3145 0.71199485
3151 0.71199879
3152 0.71200959
3153 0.71203245
3154 0.71203404
3155 0.71203768
3157 0.71204499
3160 0.71205107
3162 0.71205349
3168 0.71206085
3171 0.71206147
3173 0.71206684
3175 0.71207698
3177 0.71208334
3181 0.71209497
3182 0.71211211
3184 0.71211559
3187 0.71213346
3189 0.71213729
3194 0.71214529
3197 0.7121541
3198 0.71216002
3200 0.71216767
3206 0.71217135
3209 0.71217179
3210 0.71217418
3211 0.71217759
3214 0.71219448
3215 0.71221013
3218 0.7122106
3221 0.7122164
3222 0.71222374
3223 0.71224092
3224 0.71224391
3228 0.7122502
3230 0.7122645
3235 0.7122702
3236 0.71228101
3237 0.71229517
3242 0.71230202
3244 0.71233088
3245 0.71234475
3252 0.71234502
3253 0.71236009
3257 0.71236095
3260 0.71236254
3261 0.7123784
3262 0.71238398
3270 0.7123937
3277 0.71240104
3279 0.71240168
3281 0.71240455
3283 0.71240614
3284 0.71240988
3285 0.71241526
3295 0.7124289
3297 0.71243109
3299 0.7124315
3303 0.71243761
3306 0.71243829
3309 0.71244492
3310 0.7124505
3311 0.71245845
3316 0.71247621
3321 0.71247642
3323 0.71248059
3324 0.71251218
3330 0.7125162
3331 0.71252236
3338 0.71253093
3340 0.71253467
3346 0.71253841
3351 0.71254093
3353 0.71254142
3354 0.7125463
3355 0.71254794
3360 0.71255113
3370 0.71256143
3372 0.71257088
3385 0.71257631
3390 0.71258397
3392 0.71259149
3393 0.71259827
3398 0.71262149
3402 0.71262349
3403 0.71263659
3406 0.71263773
3416 0.71264569
3419 0.71264776
3421 0.71266147
3425 0.7126627
3431 0.71266325
3437 0.71266386
3439 0.71266776
3442 0.71266938
3454 0.71267268
3455 0.71267857
3466 0.7126791
3480 0.71269566
3483 0.71269757
3484 0.71271322
3495 0.71271343
3498 0.7127183
3501 0.71272669
3503 0.71273133
3507 0.71273734
3511 0.71273828
3518 0.71274533
3519 0.71275353
3526 0.71275507
3528 0.71275811
3529 0.71277605
3531 0.71277968
3534 0.71278347
3535 0.71278773
3538 0.71279513
3541 0.71280155
3543 0.71280315
3544 0.71281474
3548 0.71281803
3549 0.71282513
3556 0.71283799
3571 0.71284954
3582 0.7128547
3594 0.71286585
3596 0.71286795
3597 0.7128726
3615 0.71289387
3628 0.71290618
3629 0.712912
3635 0.71291524
3639 0.71292179
3644 0.71292259
3648 0.7129348
3649 0.71293775
3656 0.71293944
3658 0.71294557
3661 0.71295246
3664 0.71295802
3679 0.71296049
3691 0.71296109
3694 0.71296758
3698 0.7129701
3701 0.71297361
3704 0.7129834
3705 0.71298413
3707 0.71298946
3710 0.71299843
3722 0.71300264
3723 0.71300571
3730 0.71300832
3736 0.71300927
3737 0.7130155
3751 0.71301658
3753 0.71301722
3755 0.71301964
3756 0.71302382
3763 0.71303226
3766 0.71303323
3770 0.71303882
3777 0.71304008
3785 0.71304876
3788 0.71305117
3789 0.71305612
3791 0.71306292
3792 0.71306765
3797 0.71307248
3801 0.71307553
3802 0.71307628
3806 0.71307986
3811 0.71308396
3833 0.71309136
3834 0.71309167
3842 0.71309601
3857 0.71310037
3863 0.71310209
3868 0.71310702
3886 0.71311071
3892 0.71311094
3904 0.71311248
3908 0.71311909
3922 0.71312528
3926 0.71313023
3939 0.71313033
3940 0.71313764
3941 0.71314973
3948 0.71315215
3951 0.71316453
3953 0.71317886
3976 0.71318421
3977 0.71318782
3993 0.71319021
4001 0.71319297
4018 0.71319825
4028 0.71320831
4038 0.71320949
4039 0.71321362
4044 0.71321521
4053 0.71323578
4063 0.71324109
4071 0.71325197
4083 0.71325413
4084 0.71325739
4085 0.71326154
4088 0.71326345
4101 0.71326409
4104 0.7132726
4123 0.71327333
4148 0.71327957
4166 0.71328051
4187 0.71328653
4206 0.71328967
4215 0.71329195
4216 0.71329278
4225 0.71329755
4234 0.71330703
4239 0.71331498
4244 0.71332391
4249 0.7133279
4275 0.71333845
4287 0.71335435
4289 0.71335912
4290 0.71336708
4291 0.7133677
4292 0.7133744
4300 0.71337876
4316 0.71338056
4322 0.71338253
4330 0.71339819
4332 0.7134064
4342 0.71341926
4355 0.7134193
4358 0.71342458
4359 0.71342908
4373 0.71343101
4383 0.71343529
4388 0.71344026
4419 0.71344558
4461 0.71345155
4467 0.71345158
4474 0.71345553
4481 0.7134655
4557 0.71346571
4655 0.71347192
4722 0.71347236
4740 0.71347352
4752 0.71349199
4828 0.71349265
4831 0.71349327
4929 0.71349501
4946 0.71350584
5049 0.71351592
5080 0.71352174
5201 0.71354309
