0 0.517595
6 0.517882
7 0.520145
9 0.521267
11 0.522241
13 0.523156
14 0.525127
15 0.526818
19 0.527815
20 0.528881
21 0.529089
28 0.530207
29 0.530717
32 0.531406
33 0.531525
34 0.532008
43 0.534034
44 0.535134
45 0.535664
52 0.536044
53 0.536687
55 0.537522
56 0.537869
57 0.539082
59 0.54119
62 0.542859
64 0.543387
65 0.543605
69 0.54371
72 0.545403
73 0.546551
76 0.548404
82 0.550735
84 0.552453
87 0.552597
93 0.554783
95 0.556046
98 0.556744
99 0.557892
110 0.558082
111 0.559828
112 0.56012
116 0.560811
118 0.561018
123 0.561638
126 0.564378
128 0.564989
130 0.565234
132 0.565427
138 0.566065
139 0.56728
140 0.569008
141 0.570286
154 0.570666
155 0.571174
157 0.573611
159 0.575438
161 0.576431
163 0.577238
167 0.5781
174 0.578594
176 0.580508
184 0.581656
187 0.583475
190 0.583558
191 0.584795
193 0.585408
194 0.587267
195 0.588614
199 0.590619
208 0.592379
217 0.594132
220 0.594576
221 0.594763
225 0.595839
228 0.596435
231 0.596883
236 0.597477
239 0.598653
240 0.600993
249 0.601051
253 0.601375
256 0.602398
259 0.60286
278 0.603294
279 0.605298
281 0.607609
282 0.60795
286 0.608374
289 0.608564
296 0.608784
299 0.608924
301 0.610566
302 0.612041
303 0.613522
307 0.614145
312 0.614769
313 0.615502
315 0.616724
318 0.616833
326 0.618191
327 0.618772
328 0.618801
332 0.619197
334 0.620104
337 0.620684
348 0.621643
352 0.621735
355 0.622272
372 0.622488
373 0.623571
379 0.625036
385 0.6265
389 0.626676
403 0.628481
409 0.631761
413 0.63263
415 0.63274
419 0.632751
424 0.634477
425 0.635479
426 0.636128
428 0.636435
430 0.636914
439 0.638229
440 0.638408
447 0.638488
457 0.63874
458 0.638825
460 0.639183
461 0.639691
466 0.640553
478 0.640592
480 0.642128
483 0.645087
489 0.645499
495 0.645654
513 0.646241
517 0.646411
520 0.647223
527 0.647773
529 0.65106
536 0.651719
541 0.651782
543 0.65241
546 0.653355
554 0.654786
565 0.655545
568 0.656117
569 0.656259
571 0.656364
585 0.656926
586 0.658767
592 0.660305
594 0.660516
598 0.661467
617 0.661989
623 0.662288
626 0.663135
635 0.663279
638 0.663496
641 0.665112
644 0.666194
650 0.666691
680 0.666751
684 0.667715
688 0.668373
692 0.668381
716 0.66864
718 0.669095
724 0.669628
726 0.66971
737 0.670634
743 0.671877
796 0.672019
809 0.672627
817 0.672786
823 0.672927
837 0.673869
869 0.674771
877 0.675833
880 0.678125
893 0.67916
918 0.679402
922 0.679695
932 0.67982
945 0.68043
946 0.680681
960 0.681287
979 0.681653
994 0.681774
997 0.682548
1050 0.682624
1061 0.683845
1111 0.684378
1126 0.68459
1133 0.686049
1178 0.687705
1207 0.688329
1229 0.688836
1250 0.691191
1259 0.69198
1266 0.692195
1280 0.692459
1291 0.693475
1326 0.694407
1334 0.695462
1388 0.695495
1399 0.696042
1411 0.696604
1429 0.697047
1432 0.697983
1464 0.698012
1494 0.698699
1527 0.699134
1557 0.699621
1565 0.699991
1593 0.700392
1606 0.700518
1619 0.701067
1622 0.701734
1653 0.702885
1722 0.703053
1723 0.7051
1724 0.705742
1791 0.706083
1827 0.706178
1839 0.708071
1914 0.708545
1972 0.708865
1975 0.709171
2038 0.709493
2040 0.709824
2098 0.710171
2117 0.710956
2141 0.710997
2231 0.711468
2255 0.711484
2290 0.711944
2414 0.712012
2462 0.713577
2506 0.713583
2510 0.714226
2556 0.714644
2605 0.715525
2666 0.71613
2729 0.71678
2731 0.717129
2755 0.717498
2777 0.718455
3206 0.718823
3639 0.719478
3863 0.71965
