0 0.512018
1 0.512084
3 0.513043
5 0.516985
7 0.517487
8 0.517562
11 0.520422
12 0.520959
14 0.521051
16 0.521871
18 0.525501
19 0.525971
22 0.5261
24 0.526885
25 0.52717
26 0.52753
27 0.528073
29 0.531239
32 0.531308
33 0.533225
34 0.533517
36 0.534427
37 0.53578
38 0.536451
40 0.536893
41 0.537698
44 0.537792
45 0.538252
46 0.538815
48 0.539797
49 0.541169
51 0.541412
52 0.541475
53 0.543701
54 0.544381
56 0.545008
57 0.545796
58 0.546382
59 0.54667
61 0.548062
62 0.549724
65 0.550197
67 0.551115
70 0.552617
71 0.553302
72 0.553525
77 0.554944
78 0.555586
82 0.557284
83 0.558957
84 0.559025
85 0.55979
86 0.560105
90 0.562013
91 0.56208
94 0.56426
95 0.56461
98 0.564762
99 0.565813
101 0.56628
103 0.566531
104 0.567369
105 0.56746
106 0.567993
109 0.568157
110 0.568236
113 0.569917
116 0.570452
117 0.571236
124 0.571287
126 0.572256
129 0.573019
131 0.573898
132 0.573975
133 0.574616
134 0.574703
136 0.57568
140 0.576797
141 0.577499
147 0.577615
148 0.577708
152 0.57861
156 0.578988
157 0.580233
158 0.580563
159 0.58078
165 0.581871
166 0.583145
167 0.584073
169 0.584183
170 0.585693
174 0.586043
175 0.588006
176 0.590164
177 0.592652
181 0.593471
184 0.595981
185 0.59599
189 0.596427
190 0.596459
195 0.596649
199 0.596931
201 0.598653
203 0.599709
204 0.599916
205 0.600863
210 0.602376
214 0.602644
215 0.604678
216 0.605258
226 0.60556
233 0.606184
235 0.607975
244 0.608173
246 0.608497
247 0.610661
254 0.610795
255 0.612768
260 0.613451
262 0.615015
271 0.615686
272 0.616411
274 0.617564
279 0.619965
290 0.622023
293 0.622119
297 0.623584
299 0.624309
303 0.625492
311 0.626523
313 0.62854
316 0.628584
321 0.631077
330 0.631594
351 0.632232
353 0.632329
364 0.632416
365 0.632425
367 0.632956
368 0.633358
372 0.634675
377 0.635331
380 0.635426
382 0.636326
385 0.637602
401 0.638472
402 0.63885
405 0.639971
413 0.640151
415 0.641293
417 0.641616
418 0.641762
426 0.642886
429 0.64308
430 0.643887
433 0.644314
436 0.644656
444 0.644964
449 0.645442
454 0.645938
455 0.649159
461 0.650116
465 0.650622
473 0.651638
481 0.652146
485 0.653244
498 0.653471
499 0.653904
500 0.654358
510 0.654514
514 0.655549
532 0.656437
535 0.657019
547 0.658262
549 0.658745
561 0.659499
571 0.660462
573 0.660467
578 0.660531
587 0.663167
591 0.664794
593 0.666827
607 0.66737
609 0.667454
620 0.669026
624 0.67037
636 0.671043
637 0.671328
639 0.672358
643 0.672517
669 0.673513
674 0.67373
690 0.674286
699 0.674425
701 0.675404
710 0.675705
714 0.675986
726 0.676411
736 0.677034
742 0.677207
743 0.677421
750 0.677425
764 0.679173
772 0.679466
783 0.680293
802 0.681205
803 0.681485
846 0.682393
863 0.682948
865 0.683072
880 0.684305
888 0.684558
895 0.684978
897 0.685013
899 0.685742
906 0.686585
914 0.68719
915 0.688028
920 0.690153
930 0.691517
984 0.691581
993 0.691962
1039 0.692684
1048 0.693066
1065 0.693648
1069 0.693804
1074 0.694178
1081 0.694291
1115 0.694505
1119 0.694555
1134 0.69502
1140 0.695319
1166 0.696896
1190 0.697655
1198 0.698544
1199 0.699324
1230 0.699409
1300 0.699582
1302 0.700241
1311 0.700737
1318 0.701393
1389 0.702186
1458 0.703197
1460 0.703765
1477 0.703919
1514 0.704551
1519 0.70565
1619 0.705813
1622 0.706042
1700 0.706605
1786 0.707769
1872 0.708053
2002 0.708388
2108 0.708778
2186 0.709437
2253 0.709443
2533 0.710431
2894 0.710483
3102 0.710626
3134 0.711472
3398 0.71185
3421 0.712091
3751 0.712199
