0 0.498051
2 0.498666
3 0.498766
4 0.4998
8 0.499816
10 0.502572
11 0.502861
13 0.50359
17 0.504693
18 0.504818
20 0.505912
22 0.506816
25 0.507627
26 0.508218
29 0.50879
33 0.50982
34 0.510239
36 0.512449
37 0.513845
38 0.51442
39 0.516831
40 0.516927
52 0.518113
55 0.518462
57 0.519169
61 0.519285
63 0.519671
65 0.521493
66 0.521515
73 0.522985
75 0.523019
76 0.523536
77 0.524672
80 0.527721
83 0.528529
85 0.529194
86 0.529391
87 0.530155
90 0.531057
91 0.531169
96 0.531617
98 0.531848
101 0.532883
102 0.533642
103 0.537283
105 0.537357
106 0.538375
107 0.539468
116 0.540825
117 0.541505
118 0.542642
125 0.543027
127 0.545576
129 0.545945
131 0.547111
138 0.547667
142 0.54879
145 0.549253
147 0.549608
148 0.550226
149 0.550546
151 0.551742
160 0.552526
161 0.55342
162 0.554704
164 0.555251
171 0.555916
172 0.556146
173 0.557665
174 0.557915
176 0.559517
179 0.560268
183 0.561032
184 0.561184
189 0.561877
190 0.562911
193 0.563907
202 0.564328
207 0.564433
210 0.564801
216 0.566525
220 0.567475
221 0.567592
225 0.568115
235 0.568516
239 0.569705
240 0.570073
241 0.570308
242 0.571275
248 0.571372
254 0.571655
256 0.571691
259 0.572791
260 0.572945
262 0.573902
266 0.574283
277 0.574698
279 0.576792
281 0.577738
283 0.57783
285 0.578676
286 0.579617
294 0.57994
298 0.581242
299 0.58129
300 0.58186
301 0.582118
304 0.583138
306 0.583911
308 0.584156
309 0.584172
310 0.584478
311 0.584711
312 0.587117
316 0.588133
320 0.588761
321 0.589773
323 0.590082
324 0.591935
329 0.592142
330 0.592963
334 0.594066
335 0.59591
337 0.596337
341 0.597934
342 0.599689
346 0.601279
360 0.601726
370 0.603451
373 0.605398
374 0.607937
376 0.60896
379 0.609908
391 0.609982
399 0.609984
400 0.611189
403 0.612619
405 0.612688
408 0.613386
409 0.61463
417 0.614761
424 0.61649
427 0.618521
440 0.618768
441 0.6188
448 0.621317
450 0.62163
452 0.622211
464 0.622823
466 0.623781
470 0.624279
472 0.624475
496 0.624882
498 0.625197
509 0.627972
511 0.628872
515 0.629026
516 0.630231
518 0.630607
520 0.634277
522 0.634562
529 0.6355
541 0.636813
549 0.637382
557 0.637589
570 0.638045
573 0.639319
579 0.640051
581 0.641924
589 0.642479
600 0.644142
603 0.644412
625 0.645006
629 0.64502
631 0.645174
638 0.645572
639 0.645975
641 0.647539
644 0.647619
650 0.648989
659 0.649256
662 0.65038
666 0.651819
668 0.652837
687 0.653458
693 0.654149
699 0.655384
705 0.657447
713 0.658344
716 0.658913
724 0.65984
733 0.659908
741 0.660427
756 0.660741
763 0.661643
769 0.661833
800 0.663737
823 0.664155
834 0.664726
890 0.664969
903 0.665182
936 0.665787
942 0.667137
959 0.667357
960 0.671072
987 0.671429
1023 0.673333
1039 0.673876
1050 0.674302
1075 0.675212
1084 0.675743
1095 0.676343
1097 0.676743
1101 0.678037
1121 0.678972
1124 0.679616
1138 0.680063
1149 0.680315
1152 0.68137
1191 0.68219
1215 0.682779
1222 0.683271
1240 0.683396
1245 0.683535
1251 0.683866
1298 0.684645
1310 0.684868
1314 0.685027
1331 0.68616
1350 0.686401
1372 0.687469
1377 0.687724
1402 0.689032
1435 0.689228
1438 0.69004
1449 0.690168
1450 0.690633
1478 0.691508
1482 0.692273
1535 0.69232
1541 0.692575
1555 0.692939
1562 0.692948
1637 0.693262
1685 0.693652
1730 0.693725
1755 0.694668
1783 0.695451
1799 0.696852
1815 0.697065
1839 0.697388
1853 0.697686
1897 0.698363
1951 0.700166
1976 0.700468
1978 0.70099
2048 0.701494
2073 0.701766
2140 0.70251
2196 0.702577
2246 0.703402
2254 0.703575
2284 0.705864
2296 0.706554
2306 0.706998
2368 0.708225
2375 0.708242
2552 0.709554
2664 0.709594
2677 0.70971
2840 0.710506
3053 0.710649
3104 0.711068
3355 0.711232
3649 0.711527
3940 0.712006
4028 0.713012
4071 0.7141
4461 0.714697
4828 0.714763
