0 0.5026
1 0.503412
2 0.504358
7 0.504877
11 0.50633
14 0.506936
15 0.506944
16 0.508646
17 0.509821
18 0.510497
21 0.510974
25 0.511025
26 0.511724
27 0.513361
31 0.515607
34 0.518226
36 0.519074
37 0.519306
38 0.519845
39 0.52045
45 0.52187
49 0.522853
50 0.52461
56 0.526799
57 0.528109
58 0.529854
62 0.530064
65 0.531486
66 0.531837
69 0.531844
73 0.535008
75 0.53614
76 0.536162
77 0.536508
82 0.537687
83 0.539333
87 0.541384
89 0.541733
90 0.54278
92 0.543939
93 0.545088
98 0.545987
99 0.546121
100 0.546279
103 0.547796
106 0.547843
111 0.550159
113 0.551564
114 0.552318
117 0.552712
118 0.555212
123 0.555676
125 0.558386
127 0.558936
130 0.561459
132 0.564103
133 0.564279
136 0.564975
137 0.566482
141 0.566877
142 0.567002
151 0.567581
152 0.570039
155 0.571449
158 0.571542
161 0.574692
172 0.575402
176 0.575716
183 0.575933
186 0.57598
189 0.576347
190 0.577724
192 0.577894
193 0.57831
194 0.580405
195 0.582382
199 0.585086
207 0.586405
215 0.586751
217 0.587066
218 0.588209
219 0.588331
223 0.589617
226 0.591052
231 0.591594
234 0.591626
235 0.592215
237 0.592246
241 0.592669
243 0.593038
244 0.593459
249 0.594024
250 0.595063
252 0.59513
253 0.596334
258 0.5977
259 0.59974
260 0.600892
261 0.603256
263 0.605008
269 0.605073
270 0.607105
273 0.607337
276 0.607578
277 0.608385
286 0.608639
288 0.609915
303 0.610654
307 0.611567
318 0.611866
319 0.612923
322 0.614103
328 0.614942
332 0.615952
336 0.617737
351 0.618194
352 0.618639
375 0.619216
386 0.619366
390 0.620163
392 0.620221
403 0.620726
409 0.622375
410 0.624014
411 0.625536
412 0.626127
413 0.626931
414 0.628846
422 0.628858
433 0.629473
434 0.629495
437 0.629684
441 0.629872
444 0.630897
446 0.633628
447 0.634175
453 0.6344
454 0.635678
456 0.63639
460 0.636541
463 0.637102
465 0.637235
487 0.63746
500 0.639068
504 0.639972
505 0.640569
506 0.640743
518 0.641423
519 0.641868
525 0.642173
531 0.642226
536 0.642652
541 0.642804
542 0.642891
548 0.643076
556 0.643195
563 0.645296
571 0.645379
576 0.646021
578 0.647763
581 0.648282
584 0.649095
596 0.650188
615 0.65113
619 0.651296
620 0.651813
628 0.655779
632 0.655785
635 0.656815
642 0.657017
665 0.657094
673 0.657753
689 0.657864
690 0.658898
692 0.659262
713 0.659763
714 0.660917
749 0.661082
760 0.661122
764 0.661226
765 0.662078
774 0.662276
779 0.66351
786 0.664133
787 0.66679
795 0.666862
800 0.667043
807 0.669137
809 0.670208
837 0.672003
845 0.673447
874 0.673484
891 0.674507
894 0.674545
947 0.674625
958 0.674974
968 0.675054
983 0.6751
1004 0.675136
1005 0.675404
1006 0.676422
1015 0.677016
1022 0.677051
1028 0.677787
1040 0.678349
1059 0.679147
1085 0.680065
1122 0.681213
1124 0.681771
1135 0.682101
1152 0.682236
1162 0.682832
1196 0.683203
1198 0.683527
1214 0.684692
1215 0.685499
1229 0.685573
1236 0.686509
1268 0.686881
1275 0.686995
1288 0.687193
1309 0.687724
1319 0.68887
1320 0.689649
1336 0.690092
1339 0.69058
1366 0.690811
1406 0.6917
1437 0.69217
1449 0.692366
1497 0.692618
1558 0.692632
1561 0.69336
1580 0.693499
1616 0.694735
1663 0.694858
1701 0.695912
1898 0.696028
1901 0.697083
1908 0.697242
1960 0.697632
2413 0.698511
2614 0.699018
2953 0.6992
3175 0.699481
