0 0.511922
2 0.513167
5 0.513385
9 0.514892
10 0.516238
12 0.517759
14 0.521384
15 0.521944
18 0.523562
19 0.523987
22 0.524956
23 0.526301
25 0.527352
26 0.527795
27 0.528064
30 0.529763
32 0.531338
35 0.532495
38 0.53348
44 0.535671
46 0.536477
48 0.537539
49 0.538749
50 0.541059
51 0.543876
52 0.545066
53 0.547191
54 0.547361
56 0.548726
59 0.54976
64 0.550232
66 0.552396
67 0.552819
70 0.553602
73 0.555606
79 0.556925
87 0.558054
89 0.558362
90 0.55852
91 0.558907
94 0.559305
101 0.559914
103 0.561445
105 0.562965
112 0.564142
115 0.566208
116 0.568469
118 0.568897
121 0.569339
125 0.569799
126 0.573024
128 0.573584
132 0.573827
139 0.574946
141 0.575182
146 0.575183
151 0.576191
158 0.577018
160 0.577441
161 0.578149
162 0.579182
169 0.580721
170 0.581003
171 0.582024
174 0.583029
178 0.584406
180 0.586809
181 0.589296
182 0.589771
184 0.590313
185 0.590409
187 0.591531
191 0.59287
194 0.594301
196 0.595532
200 0.595674
205 0.597153
207 0.598463
208 0.599282
209 0.599673
212 0.599744
213 0.600383
216 0.601846
224 0.601999
225 0.602075
228 0.603404
230 0.604409
238 0.60483
240 0.60565
241 0.6075
246 0.607516
247 0.608837
248 0.608845
250 0.609303
257 0.611131
258 0.611864
265 0.611927
268 0.612326
283 0.612615
284 0.612918
292 0.614251
293 0.615031
295 0.615261
296 0.615566
298 0.616292
301 0.616708
308 0.616877
313 0.61774
315 0.618509
329 0.619193
330 0.619715
331 0.622412
338 0.622792
345 0.623953
348 0.624404
351 0.625704
354 0.626463
359 0.626617
366 0.627257
367 0.627675
376 0.627686
378 0.628426
388 0.629371
391 0.630647
395 0.6307
396 0.630953
397 0.631424
399 0.632591
406 0.633979
408 0.63401
410 0.63471
431 0.636129
441 0.636312
449 0.63727
456 0.637305
458 0.637502
461 0.637903
465 0.63836
471 0.639235
481 0.639955
482 0.640779
489 0.640801
498 0.641785
503 0.642244
517 0.643307
521 0.643514
539 0.643782
552 0.644974
554 0.645879
562 0.64597
564 0.647135
576 0.647573
582 0.647655
602 0.647698
603 0.648053
606 0.648421
620 0.648651
626 0.649432
647 0.649518
648 0.650605
652 0.651593
668 0.651669
671 0.653322
689 0.653951
691 0.655732
701 0.656285
710 0.65719
717 0.658332
731 0.659251
744 0.659538
760 0.660134
788 0.660218
791 0.660883
803 0.661093
825 0.661246
828 0.662696
829 0.663346
833 0.663404
856 0.663523
872 0.663941
896 0.664404
902 0.666177
912 0.666331
921 0.666445
945 0.667756
956 0.669666
967 0.670844
980 0.672102
981 0.67232
983 0.673921
993 0.674545
994 0.675236
995 0.675725
1039 0.676593
1049 0.679458
1059 0.681208
1060 0.681878
1075 0.682443
1078 0.683192
1093 0.683946
1095 0.684845
1113 0.685368
1133 0.685861
1137 0.686237
1151 0.687096
1161 0.687633
1180 0.688111
1198 0.688647
1216 0.688806
1223 0.690732
1231 0.690865
1236 0.690871
1240 0.691249
1249 0.692026
1290 0.692399
1310 0.69392
1336 0.695297
1346 0.696153
1349 0.696427
1356 0.697118
1382 0.697532
1387 0.698733
1413 0.699273
1440 0.699298
1462 0.699806
1478 0.700909
1481 0.701024
1507 0.701462
1570 0.703978
1591 0.704904
1598 0.705955
1606 0.706438
1656 0.707318
1665 0.709704
1683 0.711378
1718 0.71203
1757 0.712608
1761 0.712887
1824 0.712947
1875 0.713442
1917 0.714938
1950 0.715935
2024 0.716033
2188 0.716205
2239 0.716443
2287 0.716853
2290 0.716933
2374 0.717093
2550 0.71731
2589 0.717617
2754 0.718104
2793 0.718569
