0 0.491681
3 0.493072
4 0.493293
6 0.49397
7 0.495542
8 0.495938
11 0.496645
13 0.498316
17 0.499556
22 0.500018
24 0.500721
25 0.504183
27 0.506493
29 0.508121
31 0.508352
32 0.51163
33 0.513619
38 0.513753
41 0.514525
43 0.515094
46 0.515946
48 0.517123
50 0.517136
56 0.518023
57 0.519155
59 0.519487
63 0.520384
66 0.520431
67 0.521428
68 0.524657
70 0.526027
71 0.52652
73 0.527033
74 0.528484
78 0.529395
79 0.531276
80 0.533452
84 0.534503
86 0.535634
94 0.53565
95 0.535905
96 0.536253
98 0.536785
99 0.537548
103 0.537622
105 0.538024
106 0.538283
108 0.538499
111 0.539209
113 0.541284
114 0.542139
115 0.543598
117 0.544535
118 0.545106
119 0.545137
128 0.545317
133 0.548194
134 0.549549
136 0.549776
139 0.550544
140 0.552002
144 0.55224
146 0.552688
147 0.553742
148 0.554049
150 0.555566
157 0.55686
158 0.557058
164 0.5585
166 0.55861
171 0.560488
173 0.560555
174 0.560576
176 0.561389
177 0.561514
179 0.562996
180 0.564815
181 0.565573
183 0.565971
184 0.566124
186 0.566334
192 0.566445
199 0.566647
204 0.567337
206 0.568023
208 0.568778
213 0.568911
216 0.569472
217 0.570522
227 0.570982
228 0.571438
229 0.571962
232 0.572389
235 0.573552
238 0.574634
251 0.575911
254 0.576044
256 0.577484
262 0.579106
263 0.57996
264 0.580352
268 0.580696
270 0.581089
272 0.58154
273 0.581598
274 0.581931
277 0.582862
280 0.583122
288 0.583312
289 0.58479
293 0.584973
294 0.586269
297 0.58677
299 0.587047
304 0.587103
307 0.587814
309 0.588188
319 0.589366
323 0.589513
324 0.591097
329 0.591275
335 0.592851
339 0.593309
342 0.59468
345 0.595451
351 0.596806
352 0.597372
357 0.597924
367 0.598898
370 0.600639
376 0.602472
377 0.604409
378 0.607678
380 0.60833
381 0.608887
397 0.61309
400 0.613697
410 0.615604
419 0.615904
423 0.616466
430 0.617348
436 0.619114
440 0.621165
442 0.622278
449 0.623743
452 0.624101
458 0.62475
469 0.624907
483 0.625395
484 0.626215
486 0.628101
490 0.62864
502 0.62963
511 0.629702
514 0.63074
528 0.632305
529 0.63351
533 0.634703
534 0.635422
538 0.635895
545 0.635926
551 0.636205
555 0.636628
557 0.636732
558 0.637455
566 0.639339
567 0.64154
568 0.644898
593 0.645362
595 0.645929
600 0.646577
610 0.648902
619 0.649141
620 0.649182
638 0.652772
655 0.655034
672 0.655451
673 0.657051
678 0.657431
697 0.659039
709 0.659156
711 0.660708
720 0.660858
721 0.66204
736 0.662806
743 0.662903
773 0.663209
781 0.664077
795 0.665748
800 0.667198
807 0.667702
818 0.668138
856 0.669455
857 0.669695
862 0.669782
874 0.669844
876 0.669955
887 0.67076
895 0.670777
898 0.671303
901 0.671446
954 0.671454
957 0.672648
975 0.673291
982 0.673326
987 0.673695
1000 0.673938
1003 0.674219
1009 0.674426
1036 0.674499
1040 0.678296
1042 0.678379
1053 0.678513
1083 0.680342
1149 0.68168
1155 0.682071
1179 0.682769
1184 0.683999
1211 0.684513
1220 0.684575
1231 0.684587
1254 0.685407
1259 0.685694
1270 0.687462
1283 0.689593
1322 0.691689
1329 0.691899
1369 0.692051
1385 0.692632
1438 0.693511
1452 0.69385
1467 0.69453
1481 0.694652
1484 0.695708
1500 0.696659
1508 0.697154
1645 0.697813
1657 0.697956
1666 0.699239
1711 0.699581
1750 0.699881
1758 0.699949
1782 0.700937
1784 0.700945
1802 0.701452
1810 0.702611
1842 0.7032
1891 0.703536
1946 0.703995
1952 0.704748
2024 0.704757
2075 0.704964
2087 0.705173
2128 0.708613
2140 0.708838
2169 0.709738
2174 0.710451
2221 0.710546
2393 0.711114
2564 0.711465
2661 0.712138
2743 0.713095
2868 0.713293
3360 0.713612
