0 0.502902
1 0.505535
2 0.506755
6 0.507447
8 0.508434
9 0.510331
10 0.511004
12 0.51207
17 0.512273
18 0.514384
19 0.515469
21 0.515696
22 0.516503
24 0.516878
27 0.517147
28 0.517304
29 0.520505
30 0.520638
32 0.522398
33 0.523337
35 0.523648
38 0.524293
39 0.525743
42 0.526707
45 0.526879
49 0.527902
52 0.528558
53 0.530428
55 0.531654
57 0.532515
58 0.533112
60 0.533149
61 0.534861
62 0.535135
63 0.535947
64 0.536805
66 0.539093
67 0.540006
69 0.540587
71 0.542105
73 0.543154
74 0.544306
75 0.544684
76 0.544798
77 0.545735
78 0.546276
79 0.54701
81 0.547569
83 0.548361
89 0.548802
90 0.549603
91 0.549967
92 0.549981
94 0.550527
95 0.551242
98 0.551669
100 0.551751
103 0.552562
106 0.553802
111 0.554933
112 0.55686
113 0.557993
115 0.559017
119 0.56032
126 0.561004
131 0.562678
133 0.563307
134 0.563921
135 0.566526
136 0.56668
139 0.566703
141 0.566744
142 0.566749
147 0.568085
150 0.568546
155 0.568852
160 0.569549
162 0.569955
163 0.569983
165 0.570291
166 0.570452
170 0.571255
172 0.571413
173 0.571767
175 0.572972
184 0.573078
185 0.573247
187 0.57362
190 0.574196
191 0.575373
193 0.576525
195 0.577333
198 0.578252
206 0.579216
207 0.579346
208 0.580954
209 0.581774
218 0.581883
221 0.582306
229 0.583798
230 0.58646
233 0.587598
238 0.587819
243 0.588001
254 0.589731
255 0.590114
258 0.590972
263 0.591436
266 0.591504
283 0.59417
284 0.594458
286 0.595693
297 0.598011
307 0.598628
308 0.600055
316 0.6021
317 0.602487
321 0.6032
327 0.603844
329 0.604612
333 0.605037
334 0.606154
335 0.607668
339 0.607671
341 0.608787
353 0.609733
354 0.611179
369 0.612808
382 0.613422
385 0.613865
391 0.613988
399 0.614625
406 0.615096
411 0.615099
414 0.616104
441 0.616201
446 0.617701
452 0.61949
454 0.620194
459 0.620685
471 0.621171
477 0.6218
493 0.622218
496 0.622559
497 0.623694
499 0.623729
503 0.623875
504 0.625779
509 0.626858
510 0.627516
511 0.627604
512 0.62765
517 0.629029
518 0.629342
531 0.633741
541 0.634929
542 0.634974
546 0.635853
547 0.636309
554 0.637211
561 0.637493
562 0.637936
564 0.63809
565 0.638306
588 0.640042
596 0.640867
612 0.641405
614 0.643248
617 0.643305
622 0.64459
623 0.645521
626 0.646734
627 0.647705
669 0.647885
673 0.64858
681 0.649161
689 0.650425
693 0.650463
699 0.652254
708 0.654072
716 0.654441
721 0.654487
731 0.655349
750 0.656898
757 0.657682
760 0.658129
767 0.658542
773 0.658647
801 0.659005
803 0.659145
810 0.660199
824 0.660415
834 0.662042
837 0.664185
841 0.664348
847 0.66441
852 0.666
858 0.666018
860 0.66646
867 0.666549
889 0.668951
912 0.669259
925 0.6705
926 0.671695
927 0.672948
931 0.673224
938 0.675928
951 0.676286
976 0.676769
977 0.678454
979 0.678961
995 0.680003
997 0.680245
998 0.680602
1013 0.681275
1023 0.681437
1045 0.684322
1048 0.684607
1049 0.68573
1057 0.685812
1065 0.686348
1070 0.686986
1089 0.687434
1103 0.688162
1107 0.688215
1113 0.688589
1121 0.688857
1136 0.689762
1211 0.689943
1216 0.690424
1220 0.692351
1235 0.692504
1239 0.692803
1241 0.693075
1274 0.693752
1277 0.6949
1291 0.695181
1309 0.695648
1312 0.696041
1349 0.699409
1382 0.699558
1438 0.700871
1455 0.701229
1476 0.701347
1497 0.702984
1527 0.703883
1592 0.704712
1604 0.70495
1658 0.705847
1667 0.706228
1707 0.707693
1740 0.708862
1742 0.709132
1762 0.709208
1835 0.709278
1882 0.710999
1912 0.711521
1921 0.712212
1989 0.712483
1991 0.71291
2036 0.713359
2110 0.7139
2174 0.713983
2322 0.714072
2337 0.714446
2369 0.714673
2401 0.714743
2421 0.715158
2524 0.715558
2538 0.71681
2567 0.717305
2744 0.717686
2803 0.718151
2878 0.718758
2879 0.719754
2987 0.720422
3087 0.720442
3372 0.721387
3455 0.721976
3948 0.722218
