0 0.482775
1 0.48351
2 0.484162
3 0.485126
4 0.485606
6 0.487899
8 0.489185
11 0.489714
12 0.49057
13 0.493235
19 0.494164
21 0.49503
25 0.495254
28 0.497092
30 0.498386
32 0.500825
34 0.501813
35 0.504612
36 0.50583
37 0.506006
38 0.506357
39 0.506874
44 0.507184
47 0.508839
48 0.509528
50 0.510231
51 0.511294
52 0.511565
53 0.513408
57 0.514527
58 0.516092
60 0.517359
66 0.517632
69 0.519127
70 0.519429
72 0.519957
75 0.520362
77 0.521309
78 0.522848
85 0.524908
87 0.526222
99 0.526652
108 0.527698
110 0.527939
113 0.528094
121 0.530078
126 0.53169
131 0.532704
132 0.533654
135 0.534955
141 0.536189
144 0.537999
146 0.538621
147 0.539287
148 0.540175
151 0.540883
152 0.542096
159 0.542445
161 0.542534
162 0.543661
165 0.54424
170 0.544359
171 0.544611
174 0.545638
175 0.546002
181 0.546477
182 0.54825
184 0.548258
185 0.548959
190 0.550835
194 0.551699
195 0.553022
196 0.553971
200 0.55691
202 0.55783
205 0.558598
206 0.560555
210 0.560671
211 0.561966
216 0.562118
217 0.56465
218 0.564726
219 0.565025
222 0.566143
226 0.567396
230 0.568295
233 0.569752
235 0.571614
236 0.573493
237 0.573717
240 0.57529
242 0.576011
244 0.577825
253 0.577963
257 0.578288
261 0.579722
262 0.581151
265 0.581684
268 0.584774
274 0.585855
277 0.587631
280 0.588088
281 0.590284
289 0.590324
290 0.591555
294 0.592319
296 0.593181
299 0.593368
300 0.594029
301 0.594055
303 0.595242
305 0.596401
311 0.596477
319 0.59648
325 0.597701
327 0.59858
332 0.598737
335 0.599061
337 0.599741
344 0.601751
346 0.602039
349 0.60212
351 0.602145
359 0.602951
360 0.603184
362 0.6038
376 0.604826
383 0.604954
390 0.605774
392 0.605854
399 0.608902
400 0.609099
401 0.609246
405 0.609368
414 0.609585
422 0.609636
423 0.610018
425 0.610069
427 0.610084
429 0.61126
432 0.612442
433 0.612966
447 0.616389
449 0.616699
451 0.617893
464 0.618453
467 0.619127
472 0.619932
473 0.62154
475 0.623131
476 0.6233
490 0.624357
492 0.624387
493 0.625197
499 0.625293
500 0.625404
505 0.625762
506 0.626138
520 0.626152
529 0.627433
533 0.627524
534 0.628096
535 0.62878
542 0.62941
546 0.630362
551 0.630677
552 0.630857
559 0.631486
561 0.632795
568 0.633976
569 0.634129
570 0.634422
578 0.636338
579 0.637562
599 0.637671
617 0.638819
632 0.639531
643 0.63964
645 0.641585
650 0.641596
652 0.641902
654 0.642292
666 0.643148
670 0.643456
671 0.64491
676 0.645662
683 0.646019
685 0.646312
687 0.646627
689 0.646697
696 0.647785
702 0.649694
705 0.650386
740 0.651501
753 0.652286
762 0.652622
764 0.65271
765 0.653213
789 0.654051
802 0.655044
809 0.655153
811 0.656874
812 0.659757
819 0.659936
823 0.660015
828 0.6608
835 0.661516
846 0.661823
860 0.661983
862 0.662882
869 0.66359
878 0.664118
881 0.66418
891 0.664963
920 0.665072
923 0.666291
928 0.667481
934 0.667561
939 0.667908
943 0.669887
948 0.66992
955 0.669963
973 0.670087
974 0.670267
989 0.67267
996 0.672703
997 0.672754
998 0.674497
1030 0.674779
1052 0.674938
1053 0.675325
1059 0.67538
1067 0.675396
1069 0.675531
1075 0.676413
1091 0.676782
1113 0.677318
1119 0.677783
1121 0.677913
1162 0.679621
1164 0.680092
1172 0.680766
1177 0.680819
1184 0.681019
1185 0.681235
1186 0.68125
1189 0.681847
1219 0.68226
1251 0.684787
1252 0.685797
1266 0.68599
1286 0.686233
1314 0.686591
1319 0.686848
1320 0.68742
1334 0.689516
1335 0.689655
1340 0.691961
1354 0.693194
1355 0.693298
1362 0.693389
1364 0.694071
1388 0.695107
1414 0.696709
1415 0.697509
1442 0.697829
1453 0.698045
1477 0.698707
1494 0.699213
1529 0.699537
1565 0.699624
1575 0.700283
1594 0.700774
1626 0.700778
1661 0.701664
1707 0.701917
1712 0.701939
1714 0.702845
1717 0.702921
1739 0.703794
1783 0.70388
1784 0.704505
1785 0.705629
1796 0.705697
1805 0.706276
1836 0.706754
1858 0.706821
1936 0.707555
1940 0.707697
1948 0.709315
2024 0.70935
2070 0.710329
2135 0.710362
2137 0.711317
2146 0.711399
2187 0.711937
2225 0.712152
2278 0.712433
2303 0.712644
2340 0.713004
2358 0.713623
2362 0.714271
2409 0.714368
2416 0.715262
2431 0.715966
2479 0.716247
2480 0.716675
2608 0.71833
2918 0.71834
2994 0.718435
3321 0.718456
3707 0.718989
