0 0.481827
1 0.483512
2 0.485857
4 0.486712
6 0.48773
8 0.489235
9 0.490245
10 0.490588
12 0.491139
13 0.491218
14 0.493163
17 0.494236
18 0.494541
20 0.498254
25 0.49968
26 0.499715
29 0.501707
30 0.501812
32 0.5025
33 0.503211
34 0.50484
35 0.505681
37 0.509325
40 0.509352
44 0.510121
45 0.510428
48 0.511117
49 0.511754
51 0.512144
53 0.512923
55 0.51559
56 0.518625
57 0.518912
58 0.519816
60 0.521232
61 0.522242
63 0.525035
64 0.526464
65 0.52719
67 0.527746
72 0.527782
75 0.528456
76 0.528936
77 0.530178
80 0.531779
81 0.533332
84 0.534656
85 0.536187
86 0.536834
90 0.537401
93 0.539968
94 0.541433
99 0.542289
100 0.543234
101 0.545718
102 0.547801
103 0.547974
108 0.548347
109 0.548846
114 0.549407
119 0.550202
122 0.554148
125 0.554473
127 0.555769
128 0.556336
135 0.559481
136 0.560225
137 0.5613
141 0.56131
145 0.562299
149 0.562387
153 0.562851
155 0.563676
160 0.564973
168 0.566643
173 0.567384
176 0.568504
177 0.56909
181 0.569684
183 0.569799
184 0.570109
185 0.570974
187 0.571078
193 0.572484
194 0.572564
198 0.572858
202 0.573793
204 0.574953
207 0.576176
209 0.578448
211 0.579219
214 0.580353
222 0.580682
225 0.580962
227 0.58098
228 0.581267
237 0.5822
239 0.584004
245 0.584595
251 0.585822
253 0.585826
262 0.587126
267 0.588188
268 0.588915
275 0.590032
279 0.590696
281 0.59195
284 0.592721
286 0.59289
290 0.593935
298 0.595038
302 0.595297
307 0.5981
312 0.598138
316 0.598319
318 0.598628
324 0.599577
325 0.600562
330 0.601747
333 0.603628
338 0.603712
348 0.604916
352 0.606103
370 0.608915
374 0.608956
378 0.61015
389 0.610325
392 0.611507
395 0.611549
409 0.611573
420 0.612719
426 0.615612
427 0.615999
433 0.616288
437 0.616381
446 0.616838
448 0.617715
453 0.618365
459 0.618884
464 0.620173
469 0.62113
474 0.623112
486 0.623144
492 0.62496
498 0.628305
501 0.629284
503 0.629309
507 0.630082
513 0.630307
523 0.631484
534 0.632362
543 0.63268
544 0.633555
547 0.635584
550 0.635859
558 0.636996
562 0.637352
569 0.638547
581 0.638746
588 0.638815
594 0.639158
598 0.639209
601 0.640516
608 0.641018
614 0.643013
635 0.643593
636 0.644053
648 0.644931
651 0.646354
664 0.64685
666 0.646876
668 0.649364
685 0.650103
686 0.651062
690 0.651092
699 0.65198
707 0.652942
713 0.653717
719 0.655121
727 0.655738
741 0.655835
742 0.65828
765 0.659265
768 0.659535
773 0.660821
774 0.66157
786 0.661939
789 0.661971
799 0.662359
824 0.662792
832 0.663541
841 0.664235
853 0.664608
859 0.665312
860 0.667638
872 0.668044
878 0.669793
880 0.671034
893 0.672012
911 0.672655
923 0.67462
931 0.674684
943 0.675246
946 0.675566
970 0.676395
971 0.676882
983 0.677384
988 0.677763
1001 0.678849
1013 0.679438
1019 0.682282
1023 0.682862
1056 0.682908
1059 0.683078
1073 0.68318
1100 0.684785
1176 0.685804
1184 0.686645
1189 0.686927
1198 0.690176
1213 0.690286
1251 0.690601
1254 0.691108
1258 0.691824
1280 0.692131
1314 0.692754
1420 0.696194
1555 0.697082
1584 0.697451
1596 0.697918
1606 0.698077
1659 0.698166
1666 0.698808
1763 0.699055
1785 0.700317
1800 0.701151
1816 0.701415
1938 0.703023
2007 0.704317
2222 0.704969
2229 0.705033
2428 0.705997
2596 0.707221
2711 0.707965
2824 0.708595
2866 0.709018
2886 0.709226
2949 0.710026
2968 0.710028
