0 0.502465
1 0.50377
4 0.505117
8 0.506593
10 0.507544
11 0.509265
12 0.509498
13 0.509504
18 0.510369
19 0.511308
27 0.511423
29 0.512478
30 0.512655
33 0.513338
35 0.517196
36 0.517617
37 0.519372
40 0.520505
42 0.523343
47 0.524903
48 0.525036
49 0.526681
54 0.527957
55 0.528437
56 0.529996
57 0.531144
62 0.533047
63 0.533248
64 0.533352
65 0.535432
66 0.536672
68 0.538195
69 0.538568
72 0.53951
74 0.54075
76 0.541212
77 0.541356
78 0.544895
81 0.545847
84 0.546804
91 0.546993
92 0.547407
93 0.54749
95 0.549151
96 0.549922
97 0.551356
99 0.554002
103 0.554847
105 0.555045
107 0.5553
110 0.556063
111 0.556847
118 0.556991
119 0.558075
121 0.558571
122 0.561383
124 0.561751
125 0.562562
128 0.563211
138 0.563354
140 0.565179
148 0.565821
151 0.566045
153 0.566466
154 0.567003
161 0.568208
164 0.568847
166 0.570078
167 0.571916
168 0.573918
169 0.574659
173 0.575407
175 0.575633
179 0.577044
184 0.577705
194 0.577942
195 0.57832
197 0.578758
198 0.580187
200 0.580572
203 0.58138
208 0.581734
212 0.58374
225 0.584711
232 0.584972
234 0.585614
239 0.58563
241 0.585904
243 0.587019
244 0.587549
246 0.588036
247 0.588924
248 0.589613
249 0.590488
250 0.590811
251 0.591688
261 0.592718
264 0.593222
268 0.593511
273 0.594325
278 0.595089
280 0.595213
282 0.59601
286 0.598793
305 0.59962
317 0.601479
319 0.602655
321 0.603986
325 0.604543
328 0.605854
332 0.60629
339 0.608292
340 0.608472
343 0.609153
345 0.609247
346 0.613441
347 0.614608
348 0.615387
349 0.617315
351 0.617579
353 0.617592
355 0.618452
366 0.618554
371 0.619848
380 0.621409
386 0.622983
397 0.623222
398 0.623349
400 0.623565
404 0.624784
407 0.627773
422 0.62891
423 0.629957
427 0.63156
432 0.632121
437 0.633629
444 0.634258
451 0.634658
458 0.635156
462 0.635339
465 0.635746
470 0.636281
476 0.636928
485 0.63734
486 0.637462
491 0.63858
503 0.639254
505 0.642038
515 0.642916
516 0.644314
518 0.645186
523 0.645927
529 0.646635
531 0.646838
533 0.647808
534 0.648072
535 0.648233
540 0.648294
543 0.649843
545 0.650774
550 0.653666
552 0.654299
565 0.656577
566 0.65757
567 0.658165
568 0.658191
573 0.65961
579 0.659824
586 0.66221
593 0.662803
600 0.663201
602 0.66336
610 0.664116
613 0.664323
616 0.664844
625 0.665014
626 0.665225
645 0.66641
649 0.666778
677 0.666901
705 0.667795
707 0.668995
723 0.669492
744 0.670698
757 0.671458
759 0.671887
767 0.672395
770 0.673019
778 0.673103
783 0.674248
786 0.67535
796 0.676063
800 0.676317
809 0.676393
810 0.676913
813 0.677481
814 0.67777
825 0.677932
846 0.678318
849 0.681356
873 0.682571
917 0.685298
930 0.685897
932 0.686111
940 0.686896
943 0.689025
1008 0.689786
1009 0.69039
1013 0.69043
1029 0.69076
1032 0.692254
1041 0.692951
1052 0.693308
1078 0.693762
1086 0.696858
1095 0.696916
1097 0.697667
1123 0.697903
1162 0.698008
1188 0.698266
1206 0.699166
1207 0.70015
1254 0.70268
1261 0.703725
1270 0.704043
1304 0.704232
1415 0.704236
1445 0.705316
1574 0.705523
1575 0.705853
1624 0.706105
1656 0.706636
1735 0.70858
1877 0.709332
1910 0.710296
2002 0.710979
2053 0.711091
2137 0.711536
2143 0.712159
2357 0.712796
2662 0.712849
2801 0.713876
2813 0.714413
2990 0.715056
