0 0.516271
4 0.519247
7 0.520664
8 0.521203
10 0.522479
14 0.522895
15 0.526018
16 0.526147
17 0.526679
19 0.528213
22 0.529973
23 0.531234
26 0.532515
28 0.532858
29 0.533257
32 0.533667
38 0.533709
40 0.533997
42 0.53446
44 0.534982
46 0.535011
48 0.536423
51 0.537851
52 0.538359
54 0.539956
57 0.540534
58 0.540772
60 0.54164
61 0.542777
65 0.542886
70 0.543682
71 0.544937
78 0.545167
80 0.545978
84 0.546802
90 0.547779
95 0.548467
97 0.548787
98 0.550619
99 0.550963
100 0.554283
101 0.554689
105 0.555086
108 0.555386
111 0.556356
113 0.556684
114 0.558867
115 0.559592
116 0.559781
119 0.560167
123 0.560568
124 0.562628
131 0.564357
136 0.564368
137 0.564697
138 0.565076
145 0.565582
146 0.565939
148 0.565943
150 0.566256
151 0.566274
154 0.56861
155 0.569038
160 0.569357
161 0.569866
162 0.570698
166 0.572545
167 0.573004
172 0.574355
173 0.577389
174 0.57836
187 0.57949
189 0.58017
194 0.581601
197 0.583432
202 0.583974
204 0.584419
206 0.584861
211 0.586662
212 0.587244
213 0.587266
214 0.589241
216 0.589412
227 0.590783
229 0.592748
234 0.592919
236 0.59383
237 0.594852
239 0.597228
241 0.598217
248 0.598773
249 0.598801
259 0.599354
262 0.6005
268 0.600734
276 0.600914
277 0.602135
283 0.603299
284 0.603936
285 0.604564
287 0.60483
288 0.606679
292 0.608068
309 0.60932
312 0.60953
319 0.610062
321 0.610385
322 0.612556
330 0.612994
331 0.613637
339 0.61404
343 0.615389
344 0.615949
357 0.616672
360 0.617114
370 0.617144
376 0.617572
377 0.617843
381 0.617903
382 0.61973
384 0.621376
390 0.622246
394 0.623715
395 0.62383
396 0.624405
397 0.62447
399 0.625444
405 0.626133
418 0.626254
422 0.626672
427 0.628371
438 0.629222
440 0.629851
446 0.63121
454 0.631933
457 0.632571
459 0.633322
462 0.63369
465 0.633787
471 0.634318
474 0.634326
478 0.636093
485 0.636309
493 0.636488
498 0.638085
500 0.638244
516 0.638435
518 0.639013
526 0.639182
544 0.640104
546 0.641256
551 0.641655
554 0.642423
561 0.64346
564 0.643601
568 0.643632
569 0.644635
572 0.645208
586 0.645239
588 0.645938
589 0.646292
608 0.646355
620 0.647414
630 0.648182
633 0.648668
660 0.649716
694 0.649983
697 0.652458
701 0.655779
706 0.656374
716 0.656469
750 0.657114
757 0.657343
765 0.657413
773 0.658833
777 0.66105
805 0.661913
812 0.662706
828 0.663455
829 0.664636
838 0.664778
841 0.66628
844 0.666463
850 0.66677
853 0.668298
857 0.668438
861 0.669659
869 0.670016
911 0.670801
920 0.671017
938 0.672216
947 0.672436
951 0.672712
962 0.673093
965 0.673496
972 0.673543
989 0.67374
1002 0.674104
1011 0.674775
1026 0.675176
1029 0.675402
1045 0.675765
1047 0.676473
1056 0.676541
1058 0.67792
1069 0.678149
1072 0.678189
1088 0.678925
1089 0.679199
1095 0.680281
1098 0.680385
1113 0.68039
1134 0.680401
1143 0.68223
1145 0.682981
1186 0.683424
1195 0.684013
1241 0.684336
1261 0.684428
1266 0.684903
1280 0.685623
1285 0.685763
1288 0.68582
1296 0.686424
1338 0.687885
1361 0.688759
1412 0.690188
1413 0.690871
1415 0.691315
1422 0.692577
1424 0.692831
1456 0.694339
1540 0.695012
1550 0.697336
1565 0.697505
1596 0.69841
1617 0.700426
1637 0.701449
1707 0.702813
1708 0.702894
1759 0.70336
1788 0.703539
1880 0.705563
1910 0.705704
1951 0.706307
2036 0.707593
2046 0.708103
2098 0.708183
2139 0.708294
2149 0.709067
2175 0.709924
2205 0.710694
2226 0.711378
2337 0.712044
2435 0.71254
2617 0.713129
2766 0.71353
2875 0.713603
2938 0.714572
2955 0.715266
