0 0.49836
1 0.498759
3 0.501202
4 0.502011
5 0.502272
10 0.504071
13 0.504461
14 0.504872
16 0.50679
17 0.508388
18 0.508442
22 0.508586
25 0.509699
26 0.510349
29 0.512919
30 0.513277
31 0.514824
35 0.515139
36 0.516725
37 0.5168
39 0.519726
40 0.51999
45 0.521029
47 0.521211
53 0.522362
54 0.523355
56 0.525322
57 0.525361
59 0.526499
60 0.527026
62 0.527397
64 0.529243
68 0.530596
69 0.530945
72 0.531568
74 0.532755
78 0.533284
80 0.533933
83 0.53613
84 0.537421
85 0.538295
86 0.539364
88 0.540101
91 0.543608
96 0.545318
97 0.545505
100 0.545554
103 0.546962
104 0.54735
107 0.548666
109 0.550132
115 0.550749
120 0.551542
123 0.551892
125 0.552715
126 0.552757
130 0.553834
138 0.554006
141 0.555858
142 0.557226
149 0.557257
150 0.558138
151 0.558853
155 0.558865
156 0.558999
159 0.559172
161 0.561059
164 0.562335
168 0.562489
170 0.563483
172 0.565433
173 0.566175
179 0.568605
186 0.569711
190 0.569885
195 0.570449
199 0.570491
209 0.57188
210 0.571993
214 0.573354
215 0.573941
217 0.575361
221 0.577623
224 0.580308
225 0.581417
231 0.58167
239 0.584136
248 0.584826
254 0.585096
256 0.585675
257 0.5865
258 0.586688
261 0.586725
263 0.587842
274 0.589092
278 0.590882
286 0.592043
289 0.59244
299 0.594389
309 0.595601
331 0.597107
334 0.598254
351 0.598435
358 0.59937
360 0.600559
362 0.602406
369 0.602802
372 0.6051
379 0.605157
381 0.605628
387 0.606521
389 0.60768
397 0.608139
399 0.608896
400 0.609924
401 0.610305
404 0.610934
407 0.61179
410 0.612468
411 0.613439
413 0.613898
415 0.614324
418 0.615611
431 0.615716
435 0.616471
438 0.616948
439 0.618513
444 0.620311
446 0.622116
448 0.62278
451 0.623341
455 0.625002
456 0.625735
457 0.626791
462 0.627697
469 0.628221
473 0.628509
478 0.628589
480 0.628964
481 0.629187
502 0.629844
510 0.630244
517 0.630687
520 0.631224
522 0.631362
523 0.632092
524 0.632741
528 0.6329
533 0.633333
534 0.633946
539 0.635013
543 0.63777
544 0.637838
553 0.638884
562 0.63931
564 0.639753
571 0.640545
584 0.640592
585 0.64202
586 0.642843
598 0.644986
599 0.645066
601 0.64686
608 0.647276
609 0.648546
623 0.64932
633 0.649592
635 0.649844
647 0.650663
652 0.651097
654 0.651927
655 0.65282
656 0.653854
672 0.65432
684 0.654982
697 0.655707
709 0.656151
712 0.656824
714 0.658879
717 0.659148
746 0.659346
750 0.65986
766 0.660325
771 0.660374
773 0.660428
778 0.660898
781 0.661041
784 0.661799
787 0.663858
795 0.664308
808 0.664368
817 0.664972
833 0.666977
837 0.668007
839 0.669063
845 0.669424
851 0.670688
894 0.671213
936 0.671678
942 0.671948
952 0.672368
954 0.673116
956 0.673483
963 0.673526
969 0.674394
975 0.674742
980 0.674917
991 0.675405
1016 0.675975
1031 0.675989
1064 0.676795
1065 0.676933
1066 0.677296
1067 0.678522
1077 0.679013
1084 0.679606
1088 0.679611
1103 0.68034
1112 0.681125
1150 0.682684
1193 0.682884
1195 0.682937
1197 0.684533
1242 0.685136
1244 0.685306
1255 0.68536
1259 0.68573
1273 0.68655
1317 0.688395
1324 0.689818
1345 0.690106
1365 0.690131
1368 0.691001
1376 0.691204
1379 0.691724
1408 0.691731
1440 0.692794
1466 0.693445
1472 0.693595
1476 0.694148
1477 0.694845
1482 0.695504
1498 0.696194
1513 0.696441
1523 0.698088
1551 0.699434
1577 0.699577
1595 0.699709
1615 0.69998
1628 0.700496
1647 0.700526
1663 0.700867
1671 0.700969
1674 0.701649
1714 0.701844
1740 0.702168
1899 0.702558
2052 0.70264
2070 0.7031
2099 0.704156
2150 0.705318
2156 0.705826
2164 0.706532
2231 0.707434
2279 0.708876
2284 0.709207
2298 0.709412
2318 0.709418
2332 0.709661
2399 0.710779
2490 0.711195
2551 0.711723
2602 0.713701
2625 0.71482
2678 0.715425
2726 0.715808
2822 0.715843
3025 0.716338
3228 0.716967
3656 0.717136
