0 0.485987
1 0.486764
4 0.487325
5 0.490054
6 0.490306
8 0.490354
10 0.490599
11 0.490899
12 0.493333
14 0.493687
15 0.493714
16 0.49477
18 0.49705
19 0.497093
20 0.498973
22 0.500373
23 0.500525
26 0.501718
30 0.501793
32 0.502281
35 0.503243
36 0.504519
38 0.504545
40 0.504945
41 0.506884
42 0.508404
43 0.508766
45 0.50887
47 0.50928
48 0.509755
49 0.511104
57 0.511345
58 0.513183
61 0.516512
62 0.517296
63 0.51779
65 0.519609
72 0.519896
73 0.520781
74 0.522142
76 0.524378
78 0.525137
82 0.52724
84 0.528637
85 0.529103
89 0.529801
92 0.530016
97 0.531133
100 0.532075
102 0.533113
103 0.533684
106 0.534711
107 0.534757
108 0.535046
112 0.535208
113 0.535719
117 0.536012
123 0.537307
126 0.537971
127 0.53915
131 0.541272
133 0.541805
134 0.541838
136 0.542708
141 0.542833
146 0.542975
153 0.544897
155 0.545023
159 0.546716
161 0.548803
164 0.549772
165 0.550109
169 0.550971
172 0.55161
173 0.552113
178 0.552193
180 0.552309
184 0.553622
185 0.553926
189 0.554948
193 0.555595
199 0.558525
209 0.559438
215 0.559489
216 0.561012
217 0.563791
219 0.565431
224 0.566215
227 0.567862
228 0.567997
229 0.569611
230 0.571477
232 0.571948
233 0.572753
234 0.57383
235 0.576353
237 0.577686
243 0.578917
245 0.579609
247 0.580849
254 0.583193
256 0.583589
266 0.584041
270 0.586665
271 0.588183
272 0.588845
277 0.589313
283 0.590222
284 0.590976
288 0.591033
292 0.592545
304 0.593063
312 0.594076
314 0.595468
319 0.595488
321 0.596694
326 0.597263
327 0.598526
330 0.599403
334 0.599559
336 0.601183
341 0.601744
342 0.601838
349 0.603899
352 0.604618
363 0.605247
364 0.605256
366 0.607061
370 0.607215
384 0.608877
389 0.608997
391 0.609409
392 0.61246
393 0.613192
394 0.61374
397 0.613785
398 0.614135
402 0.614289
405 0.61453
407 0.615299
408 0.615988
410 0.616425
411 0.61678
414 0.617341
425 0.619535
435 0.620064
436 0.620431
440 0.621002
449 0.621371
450 0.621977
452 0.621977
459 0.62254
460 0.623046
465 0.623729
466 0.623892
467 0.624029
477 0.625083
491 0.625279
492 0.625975
502 0.626125
511 0.626469
516 0.627014
518 0.62705
533 0.627561
549 0.627625
551 0.628098
554 0.628107
558 0.62823
567 0.628526
575 0.62921
576 0.63018
582 0.630487
585 0.63054
590 0.63062
596 0.631542
601 0.631816
620 0.632431
621 0.632808
632 0.633467
634 0.634618
638 0.634621
640 0.635326
643 0.636357
648 0.638185
654 0.63896
659 0.639033
667 0.639533
668 0.640672
672 0.641673
676 0.642351
677 0.642743
683 0.643089
687 0.643158
692 0.64343
695 0.644121
712 0.644465
720 0.645121
746 0.645263
755 0.645565
757 0.646633
758 0.647512
762 0.647637
777 0.648028
802 0.648169
815 0.648693
831 0.649856
875 0.651247
882 0.652169
887 0.653913
892 0.654072
894 0.654644
900 0.654767
901 0.656155
902 0.656224
922 0.656336
926 0.657391
932 0.657782
946 0.658615
952 0.659212
965 0.66022
1000 0.660771
1003 0.66166
1015 0.662404
1020 0.663316
1026 0.663564
1032 0.663942
1055 0.666543
1105 0.666713
1123 0.668899
1130 0.672348
1140 0.672558
1143 0.672565
1148 0.672712
1168 0.673984
1171 0.675154
1175 0.675938
1217 0.676527
1230 0.676623
1236 0.677005
1276 0.677467
1281 0.677793
1283 0.67804
1357 0.678414
1378 0.678946
1379 0.679036
1384 0.679319
1398 0.67992
1424 0.681142
1451 0.681424
1459 0.682968
1463 0.684573
1502 0.685115
1521 0.685274
1540 0.685734
1601 0.686262
1631 0.687449
1642 0.688633
1646 0.688702
1745 0.689048
1749 0.689208
1757 0.691035
1770 0.693417
1842 0.693873
1848 0.695021
1852 0.696767
1856 0.696813
1862 0.698059
1974 0.698643
1985 0.699186
2017 0.699828
2074 0.700856
2112 0.701075
2238 0.701163
2326 0.702126
2347 0.702799
2584 0.702978
2622 0.703146
2693 0.703222
2927 0.703295
2990 0.704755
3244 0.706241
