0 0.496288
1 0.497414
3 0.499194
5 0.499637
6 0.500187
9 0.500455
11 0.501516
12 0.503076
15 0.503569
16 0.503618
18 0.504596
19 0.505219
22 0.50623
25 0.507654
27 0.509385
28 0.510022
29 0.510195
34 0.51146
35 0.511763
36 0.513912
37 0.514413
38 0.514427
46 0.514491
47 0.515648
49 0.515992
52 0.518474
56 0.518938
57 0.519426
62 0.519592
64 0.522268
69 0.522677
70 0.523006
74 0.524643
75 0.524695
77 0.526189
78 0.528916
80 0.530229
81 0.530452
85 0.53067
88 0.531447
94 0.532458
100 0.532983
102 0.533691
107 0.534118
108 0.53473
113 0.53521
117 0.537334
118 0.537417
119 0.537739
121 0.539267
123 0.540265
126 0.54072
128 0.54274
133 0.545042
134 0.549006
136 0.550865
139 0.55208
140 0.552958
141 0.554306
142 0.555229
149 0.559592
154 0.560366
155 0.560976
156 0.561635
157 0.563176
160 0.564125
163 0.564708
164 0.569229
165 0.571563
166 0.572442
167 0.572748
171 0.573757
173 0.574354
174 0.57481
177 0.575603
178 0.577521
190 0.579394
193 0.58097
194 0.582026
196 0.583377
197 0.584
203 0.584031
208 0.584053
217 0.58426
219 0.585772
221 0.587064
223 0.588342
225 0.589215
235 0.590528
236 0.59198
237 0.592129
239 0.592584
243 0.592791
246 0.593013
249 0.593318
251 0.5936
252 0.593776
265 0.595124
272 0.595589
273 0.59599
276 0.596837
281 0.597605
282 0.597863
284 0.599109
285 0.60014
288 0.604295
289 0.60491
300 0.606377
301 0.606567
304 0.606674
305 0.607775
307 0.608271
308 0.608302
316 0.609289
320 0.611791
323 0.6118
329 0.613051
332 0.613519
334 0.616396
336 0.617353
337 0.617616
347 0.618817
353 0.618997
355 0.619183
365 0.620095
367 0.621327
370 0.622118
372 0.623531
375 0.624774
384 0.626945
389 0.627743
395 0.628153
396 0.628268
398 0.629383
403 0.630103
408 0.630683
409 0.63186
410 0.632155
417 0.632741
418 0.632943
420 0.633152
437 0.634882
447 0.635961
450 0.637562
453 0.637668
456 0.63832
467 0.640037
468 0.640084
473 0.640285
477 0.640964
478 0.642112
480 0.642638
482 0.642831
485 0.644868
487 0.645415
490 0.646472
492 0.646992
495 0.64734
499 0.647757
504 0.649273
518 0.649821
533 0.650462
540 0.650679
545 0.653306
546 0.654493
555 0.656018
559 0.65734
575 0.657929
579 0.658357
593 0.659985
595 0.661475
604 0.663128
615 0.663132
617 0.663461
632 0.664842
640 0.665724
646 0.666115
652 0.666243
656 0.66645
681 0.666624
693 0.667254
706 0.668229
708 0.668388
713 0.669376
716 0.6697
720 0.669907
724 0.670644
739 0.671795
745 0.672272
748 0.673389
771 0.67543
783 0.677538
800 0.678302
803 0.679127
821 0.680134
827 0.680497
856 0.68128
860 0.681901
872 0.683591
876 0.684641
880 0.684829
883 0.684898
900 0.686156
912 0.686201
913 0.686329
919 0.687231
931 0.687741
953 0.688425
959 0.688772
968 0.689015
977 0.689394
992 0.689498
993 0.690086
1007 0.690181
1008 0.690297
1037 0.690384
1048 0.692352
1052 0.692733
1076 0.693284
1079 0.69352
1082 0.693888
1083 0.695522
1088 0.695912
1146 0.696379
1156 0.696789
1193 0.697166
1201 0.697418
1213 0.697759
1217 0.698436
1220 0.700441
1230 0.701115
1256 0.701191
1309 0.701728
1350 0.702272
1356 0.702815
1402 0.703206
1414 0.703843
1458 0.70425
1501 0.70426
1580 0.704822
1586 0.704855
1617 0.705498
1628 0.706467
1659 0.706682
1676 0.708037
1690 0.70834
1704 0.709877
1724 0.710102
1866 0.710692
1971 0.710983
1981 0.711551
1989 0.712508
2031 0.712624
2041 0.712892
2063 0.712913
2127 0.712938
2169 0.714595
2186 0.714713
2224 0.716845
2266 0.718406
2284 0.719048
2298 0.71971
2347 0.719801
2478 0.720011
2490 0.721242
2635 0.721304
2750 0.722306
2936 0.72315
3303 0.723213
3788 0.723454
3802 0.723529
