0 0.51946
1 0.521338
3 0.521347
5 0.521716
6 0.521857
7 0.522499
8 0.524102
11 0.52582
12 0.526145
13 0.529371
14 0.5313
15 0.532382
20 0.532968
21 0.535759
22 0.536707
23 0.537681
26 0.538338
31 0.539206
36 0.541348
41 0.541616
44 0.543298
45 0.543309
48 0.543527
53 0.544465
55 0.545093
59 0.548429
60 0.548737
66 0.54972
67 0.551033
68 0.551638
71 0.552025
73 0.553352
82 0.553398
90 0.553798
93 0.554178
98 0.554353
99 0.554354
103 0.556011
112 0.556541
113 0.557447
114 0.557579
115 0.557647
118 0.55802
122 0.558608
127 0.561238
131 0.561376
135 0.562127
138 0.562147
141 0.564649
142 0.565329
149 0.565503
150 0.56647
155 0.57012
156 0.570487
159 0.570845
160 0.572678
163 0.572965
164 0.573983
166 0.574044
171 0.574077
179 0.575813
181 0.577112
189 0.577171
190 0.579054
191 0.57979
193 0.58013
196 0.580461
201 0.581278
202 0.581306
205 0.581738
214 0.582971
215 0.583758
216 0.58386
219 0.584071
220 0.584258
222 0.584972
223 0.585255
227 0.586013
232 0.586025
238 0.586555
240 0.589812
241 0.590564
247 0.59101
254 0.591599
258 0.591679
259 0.592195
262 0.593501
263 0.593758
265 0.594434
269 0.595339
270 0.595782
278 0.595852
279 0.596044
282 0.596973
284 0.59718
286 0.597855
293 0.598281
296 0.599045
299 0.599765
304 0.600136
309 0.601013
311 0.601362
315 0.602457
318 0.6035
325 0.603523
328 0.603901
335 0.606856
337 0.609528
338 0.609653
345 0.609851
347 0.610667
349 0.610941
368 0.611604
370 0.611867
371 0.61249
375 0.614034
383 0.615356
385 0.616109
387 0.616166
416 0.617041
421 0.618596
423 0.618719
425 0.619747
432 0.620139
449 0.620874
460 0.621993
461 0.622211
464 0.622285
465 0.623612
468 0.625235
484 0.625465
492 0.626463
499 0.626996
516 0.629053
521 0.63104
523 0.631754
529 0.633698
536 0.635365
548 0.63619
566 0.636876
567 0.638881
572 0.639735
583 0.641184
585 0.641218
588 0.642062
589 0.643306
594 0.644555
602 0.644729
612 0.644768
620 0.645686
621 0.646818
622 0.647294
632 0.648561
634 0.648563
643 0.648611
646 0.650176
649 0.65026
650 0.65117
662 0.652232
673 0.653658
676 0.65452
677 0.655327
682 0.655586
686 0.656103
687 0.657267
693 0.657771
707 0.658242
715 0.658985
720 0.659251
726 0.661816
773 0.663716
776 0.663999
796 0.664555
802 0.665339
804 0.668223
825 0.669163
826 0.669853
833 0.670471
835 0.671068
836 0.671999
861 0.672389
874 0.672643
878 0.672949
881 0.674567
886 0.674635
887 0.675139
890 0.675186
900 0.67622
902 0.676392
903 0.676528
944 0.676904
990 0.678704
991 0.679131
992 0.679944
1016 0.680653
1021 0.680863
1026 0.681777
1027 0.681789
1039 0.6819
1048 0.682264
1056 0.68263
1087 0.68269
1091 0.685689
1095 0.687006
1116 0.687543
1122 0.68787
1143 0.68862
1172 0.689085
1180 0.689232
1188 0.690152
1198 0.690268
1209 0.690652
1235 0.692631
1241 0.692805
1257 0.693189
1267 0.693243
1292 0.693818
1304 0.693828
1322 0.693857
1329 0.693885
1346 0.695938
1364 0.697781
1443 0.69796
1452 0.699363
1468 0.69937
1476 0.700313
1490 0.700408
1505 0.701371
1519 0.703415
1525 0.704254
1581 0.704698
1585 0.70601
1604 0.706421
1632 0.707001
1638 0.707416
1657 0.707469
1707 0.707751
1713 0.708223
1743 0.70834
1779 0.70838
1797 0.708478
1822 0.710473
1944 0.71217
1945 0.712424
2021 0.71263
2032 0.714303
2059 0.714592
2092 0.71513
2150 0.716297
2278 0.716568
2343 0.717389
2428 0.717884
2827 0.717888
3063 0.718421
3145 0.719094
