0 0.504943
3 0.504959
4 0.505544
9 0.507061
10 0.507306
11 0.508011
13 0.510089
14 0.511173
17 0.514196
18 0.514731
22 0.518326
23 0.51839
25 0.520855
35 0.523225
36 0.52476
37 0.525554
42 0.526353
44 0.52656
45 0.526888
50 0.527047
55 0.528897
56 0.529835
57 0.530142
58 0.53205
59 0.53342
61 0.535596
63 0.536338
64 0.536954
66 0.538874
68 0.54089
74 0.541034
75 0.542158
76 0.543252
78 0.544548
83 0.544649
84 0.545935
87 0.546276
90 0.548057
94 0.548868
96 0.549598
97 0.553616
98 0.556574
99 0.557104
102 0.55756
110 0.558722
112 0.559491
114 0.559744
121 0.560722
122 0.560802
123 0.561093
128 0.561298
133 0.56253
134 0.563157
136 0.564209
137 0.564511
138 0.565714
140 0.566913
141 0.568216
142 0.568663
155 0.56901
161 0.569624
162 0.569725
163 0.570953
167 0.57126
168 0.571867
169 0.572821
170 0.573881
173 0.574186
176 0.57522
177 0.576634
181 0.578142
186 0.579523
188 0.581077
194 0.581174
197 0.58329
207 0.583323
209 0.585008
216 0.586881
217 0.587677
220 0.589625
221 0.590599
235 0.591505
237 0.593768
238 0.59632
248 0.596662
249 0.597851
251 0.598
252 0.599845
253 0.599858
261 0.599941
263 0.600331
267 0.603779
268 0.604753
269 0.605164
275 0.60566
278 0.606383
283 0.607327
284 0.607882
294 0.609924
295 0.610975
303 0.612528
307 0.612865
313 0.612991
314 0.614109
319 0.614182
324 0.616396
342 0.616774
348 0.616781
349 0.617306
350 0.617323
352 0.618881
358 0.619594
365 0.620786
370 0.620811
376 0.621625
378 0.622213
379 0.623339
381 0.623927
386 0.624444
388 0.62538
407 0.625863
412 0.62811
413 0.628625
422 0.628868
423 0.628955
428 0.629015
430 0.629389
436 0.629539
445 0.630358
449 0.630807
452 0.631336
456 0.632049
469 0.63245
470 0.633465
476 0.633836
480 0.63466
485 0.634887
503 0.635207
504 0.63597
507 0.637281
518 0.638318
529 0.63852
543 0.638525
551 0.639507
563 0.642043
570 0.642639
571 0.643006
584 0.64419
591 0.644216
598 0.644631
600 0.64527
603 0.645628
608 0.646246
610 0.647005
618 0.647354
648 0.647818
666 0.648489
672 0.648918
678 0.649647
679 0.650133
682 0.650744
683 0.651628
689 0.651803
696 0.654439
700 0.654463
710 0.655668
715 0.65696
722 0.658661
738 0.658669
764 0.659103
785 0.659284
797 0.659844
802 0.6604
821 0.660534
842 0.661437
848 0.662585
850 0.66314
863 0.663554
872 0.664142
873 0.665337
882 0.666881
886 0.667237
898 0.667384
902 0.667392
914 0.667878
915 0.669157
920 0.66964
936 0.670099
955 0.67085
1009 0.671438
1013 0.671457
1016 0.672442
1020 0.672994
1023 0.675426
1063 0.675534
1079 0.676786
1149 0.67699
1201 0.678345
1228 0.67885
1240 0.679184
1253 0.679417
1284 0.680533
1289 0.68086
1327 0.681088
1372 0.681614
1381 0.681702
1410 0.682351
1440 0.682715
1446 0.68298
1457 0.683517
1462 0.683529
1501 0.684091
1508 0.685882
1528 0.68741
1539 0.688289
1587 0.688648
1638 0.690224
1642 0.691393
1648 0.692574
1649 0.693383
1651 0.694196
1667 0.694764
1686 0.695413
1710 0.695979
1718 0.696303
1827 0.69673
1834 0.698937
1841 0.700664
1953 0.700858
1965 0.700867
2167 0.701374
2210 0.701408
2304 0.702439
2412 0.702935
2436 0.703455
2451 0.704341
2551 0.704975
2592 0.706119
2607 0.70752
2628 0.707879
2650 0.708105
2707 0.708183
2790 0.708687
2838 0.70897
2929 0.709387
2979 0.710654
3168 0.71139
3177 0.711951
3385 0.712494
3398 0.714438
3421 0.714858
3466 0.714911
3679 0.715158
3756 0.715207
3926 0.715702
4018 0.71623
4289 0.716707
4388 0.716878
