0 0.502943
2 0.503738
4 0.505963
5 0.508824
8 0.511455
9 0.511828
11 0.512214
14 0.512242
16 0.512541
17 0.514017
18 0.515381
24 0.515843
25 0.518296
26 0.518306
31 0.52025
32 0.520427
34 0.520556
36 0.520679
38 0.520743
43 0.521934
44 0.522103
45 0.522558
46 0.525669
47 0.527823
48 0.528649
49 0.529299
50 0.530203
53 0.530965
56 0.531162
57 0.531761
58 0.532735
61 0.535661
62 0.536098
65 0.538282
66 0.539164
73 0.539598
76 0.539684
78 0.53988
83 0.540295
84 0.541025
86 0.54334
87 0.543863
88 0.54474
89 0.54621
90 0.54635
99 0.546618
102 0.548846
105 0.550708
106 0.55077
110 0.551307
111 0.552138
117 0.552898
121 0.553721
125 0.554692
130 0.557079
133 0.561707
135 0.563832
137 0.565071
139 0.565646
141 0.567437
142 0.569764
145 0.571212
146 0.571746
151 0.571858
153 0.572751
155 0.573893
156 0.574384
158 0.575034
160 0.575924
161 0.578755
166 0.580067
168 0.580076
177 0.582916
185 0.583776
186 0.585007
187 0.586228
191 0.586531
192 0.58682
196 0.588582
197 0.590429
198 0.590854
200 0.590895
204 0.591544
205 0.592839
209 0.594444
215 0.595145
218 0.596024
226 0.596817
232 0.598671
236 0.59926
247 0.600575
251 0.601786
254 0.60186
257 0.601932
259 0.603066
263 0.606099
267 0.606222
269 0.607207
277 0.607228
282 0.609015
291 0.609381
293 0.610027
296 0.610341
300 0.610856
306 0.612489
308 0.613078
315 0.613954
317 0.614318
322 0.616043
325 0.62089
343 0.621423
345 0.623481
355 0.623622
358 0.624748
359 0.626494
360 0.626545
362 0.626968
363 0.627374
369 0.627619
372 0.628085
376 0.628855
377 0.6289
383 0.629998
396 0.630012
405 0.63078
415 0.630994
422 0.632761
426 0.633083
429 0.63316
440 0.633421
446 0.634268
447 0.635196
449 0.635256
460 0.635625
461 0.636026
464 0.636196
465 0.63666
480 0.637117
484 0.639016
486 0.639146
487 0.639189
492 0.639571
496 0.639994
506 0.640877
512 0.641019
519 0.642059
521 0.643624
524 0.644437
526 0.644617
532 0.645868
539 0.647179
541 0.647734
545 0.650682
551 0.65103
553 0.652019
558 0.653242
563 0.653266
567 0.653506
570 0.653829
573 0.655306
578 0.656191
583 0.65774
591 0.659375
600 0.660624
601 0.661091
614 0.661117
615 0.661143
618 0.66165
619 0.662188
625 0.662681
631 0.663364
632 0.663382
647 0.665209
663 0.665942
670 0.666082
680 0.666504
688 0.666899
693 0.668275
696 0.668357
711 0.668744
719 0.669335
724 0.66934
740 0.673494
753 0.674638
759 0.675205
785 0.675622
794 0.676192
818 0.676668
820 0.679204
823 0.679219
837 0.680361
876 0.681576
884 0.681838
901 0.682274
906 0.682376
912 0.682861
923 0.68341
924 0.683484
929 0.684049
951 0.684919
955 0.685207
967 0.68799
998 0.688995
999 0.689638
1033 0.690328
1040 0.69194
1079 0.693683
1093 0.693883
1104 0.695549
1119 0.696322
1141 0.696573
1143 0.697246
1150 0.698966
1164 0.699844
1172 0.702922
1176 0.702925
1202 0.704398
1215 0.705308
1257 0.705819
1271 0.705926
1325 0.706196
1334 0.706565
1439 0.706989
1468 0.707543
1471 0.707579
1486 0.707753
1497 0.70834
1500 0.708436
1509 0.709178
1511 0.710073
1517 0.711595
1522 0.71185
1562 0.712404
1598 0.714421
1637 0.714489
1710 0.714697
1712 0.715388
1822 0.715982
1835 0.716641
1878 0.717478
1899 0.718391
1915 0.718928
1924 0.718951
1927 0.719186
1959 0.719367
1978 0.720235
2107 0.72054
2216 0.721206
2265 0.722063
2304 0.722564
2376 0.722785
2647 0.722853
2977 0.723136
