0 0.512602
4 0.513948
5 0.51548
8 0.516135
11 0.516592
14 0.517657
15 0.52056
16 0.522125
18 0.522858
20 0.524178
21 0.525117
24 0.526184
25 0.526829
27 0.527176
28 0.52964
35 0.530523
37 0.531904
46 0.532349
47 0.532559
48 0.533011
50 0.533611
51 0.534559
54 0.536789
57 0.537144
67 0.538682
74 0.539474
77 0.542712
80 0.543656
81 0.54443
84 0.545293
85 0.547192
87 0.549299
90 0.550209
91 0.550734
101 0.551574
102 0.552812
106 0.55419
108 0.55433
112 0.554588
114 0.556681
116 0.557433
117 0.557817
119 0.558727
121 0.559151
131 0.560466
132 0.561368
143 0.561429
146 0.561647
148 0.56172
154 0.562913
155 0.564293
156 0.565352
157 0.566546
160 0.569636
162 0.569888
170 0.571058
177 0.573874
179 0.575122
183 0.57593
184 0.577421
188 0.578186
190 0.578213
197 0.579022
198 0.580002
202 0.580005
206 0.581159
208 0.583033
222 0.584124
225 0.585308
227 0.585864
228 0.586087
230 0.586356
233 0.58713
236 0.589245
237 0.59032
238 0.59083
246 0.591383
254 0.591463
255 0.591903
257 0.59364
261 0.593666
262 0.594041
264 0.594852
265 0.596963
268 0.597465
269 0.597578
276 0.598128
278 0.600222
284 0.600864
286 0.601845
288 0.60186
291 0.601893
293 0.601912
295 0.603117
298 0.604902
302 0.60533
304 0.607454
312 0.608162
313 0.60876
316 0.609172
332 0.611287
335 0.611705
336 0.611861
340 0.612879
344 0.613502
346 0.614724
348 0.61578
358 0.616383
368 0.61664
369 0.616895
371 0.617359
373 0.617491
378 0.617502
381 0.618176
382 0.618677
384 0.618908
388 0.619112
390 0.619667
391 0.620555
392 0.623225
393 0.624928
395 0.625858
408 0.62625
411 0.626683
420 0.627287
421 0.627785
431 0.630225
436 0.632886
444 0.633952
447 0.635587
456 0.635951
461 0.63603
463 0.63896
474 0.639575
475 0.640542
476 0.641085
482 0.641878
483 0.642092
486 0.643696
487 0.644527
489 0.645474
509 0.646663
513 0.647666
516 0.648553
528 0.648719
529 0.649069
535 0.650871
537 0.651192
538 0.652202
541 0.652265
560 0.654355
569 0.655055
573 0.655803
581 0.656887
586 0.657967
588 0.659721
603 0.660236
617 0.660762
627 0.662576
630 0.662655
644 0.66317
651 0.664403
659 0.664564
660 0.665633
661 0.666889
662 0.669754
666 0.670406
674 0.67224
675 0.672348
679 0.67355
680 0.674697
709 0.674999
714 0.675118
724 0.675345
726 0.676169
727 0.676182
732 0.676251
741 0.676839
765 0.676996
772 0.677918
783 0.678013
797 0.678624
800 0.678886
807 0.679276
808 0.679757
822 0.680231
829 0.680429
837 0.680539
878 0.680856
884 0.681362
897 0.682024
899 0.682324
900 0.682349
968 0.68259
976 0.683128
993 0.683966
999 0.68397
1006 0.685086
1010 0.685194
1014 0.685283
1027 0.685996
1040 0.686136
1053 0.686182
1066 0.68742
1077 0.688475
1085 0.688592
1091 0.688862
1100 0.689521
1116 0.690767
1121 0.690926
1134 0.69246
1135 0.693606
1159 0.695164
1161 0.696172
1185 0.697871
1187 0.698636
1194 0.698778
1236 0.699393
1252 0.699795
1298 0.700615
1301 0.700723
1324 0.701543
1335 0.702693
1392 0.702827
1411 0.702841
1417 0.704097
1596 0.704938
1644 0.705035
1719 0.70696
1755 0.707206
1826 0.707879
1885 0.707983
1934 0.708089
1947 0.708999
2141 0.710826
2415 0.711599
2729 0.711881
3143 0.712229
