0 0.506138
3 0.506326
5 0.508061
6 0.509384
7 0.511451
9 0.512011
11 0.512616
12 0.513438
13 0.513621
14 0.514908
15 0.515103
16 0.517384
17 0.518901
21 0.520499
24 0.522503
28 0.523274
32 0.52528
33 0.525411
34 0.528075
35 0.529853
36 0.530927
37 0.531488
41 0.533089
42 0.535694
43 0.535965
45 0.537295
46 0.537962
47 0.539476
48 0.5396
49 0.53962
50 0.539724
51 0.539893
56 0.540002
58 0.5413
59 0.54478
64 0.545551
65 0.545851
68 0.546752
69 0.547082
70 0.547108
74 0.548266
79 0.549142
84 0.550017
86 0.550968
88 0.551879
89 0.553756
90 0.554061
91 0.555537
92 0.557639
93 0.55828
95 0.559241
96 0.559978
99 0.561382
100 0.562503
101 0.56308
106 0.564405
107 0.567782
111 0.568207
123 0.569421
125 0.569968
128 0.570493
133 0.571728
136 0.572524
142 0.574006
144 0.574682
146 0.575254
147 0.576368
148 0.577298
149 0.579615
154 0.581568
155 0.582312
159 0.582941
169 0.58361
170 0.58609
172 0.586249
176 0.586757
182 0.587573
186 0.58766
187 0.587742
188 0.589069
192 0.589154
194 0.590332
200 0.591176
202 0.593788
208 0.596165
212 0.59707
213 0.598126
214 0.598208
228 0.598283
229 0.598922
231 0.599386
232 0.601008
233 0.601465
237 0.602812
238 0.603898
240 0.604388
242 0.604464
253 0.604791
254 0.60543
262 0.60632
269 0.607612
270 0.607744
275 0.609439
276 0.610904
279 0.612083
294 0.613617
301 0.613996
315 0.614486
317 0.616053
333 0.61617
344 0.616199
346 0.616369
351 0.617393
353 0.618138
357 0.619198
363 0.620145
366 0.621024
367 0.621366
371 0.621596
382 0.621866
385 0.622777
395 0.623386
399 0.623812
406 0.624086
414 0.625105
415 0.625508
418 0.626663
423 0.626761
425 0.627937
440 0.628486
443 0.629134
454 0.631224
460 0.632693
463 0.633059
477 0.635504
493 0.635791
494 0.636748
511 0.637662
513 0.639063
519 0.639906
544 0.639979
548 0.640256
560 0.640606
565 0.64247
571 0.642865
589 0.643448
606 0.644185
625 0.644482
628 0.645344
637 0.645544
648 0.646236
657 0.646486
664 0.64717
668 0.647672
678 0.649707
696 0.650639
700 0.651105
709 0.651719
719 0.653272
727 0.653645
739 0.653792
740 0.654465
743 0.654974
760 0.655024
766 0.655368
768 0.656097
803 0.656401
824 0.657239
839 0.657389
845 0.657633
851 0.657785
861 0.658174
864 0.659517
878 0.66099
883 0.661453
893 0.662779
909 0.662889
936 0.664834
947 0.664957
948 0.665159
962 0.665433
966 0.665924
970 0.66733
1035 0.667482
1045 0.667543
1049 0.670519
1070 0.671381
1081 0.672267
1096 0.67232
1102 0.672779
1113 0.673768
1115 0.675376
1117 0.675682
1130 0.676984
1134 0.677105
1148 0.677695
1172 0.678166
1189 0.678182
1220 0.678489
1237 0.678687
1243 0.678833
1259 0.679175
1295 0.679827
1301 0.681058
1302 0.681914
1341 0.682157
1411 0.683722
1452 0.685068
1502 0.686687
1570 0.6869
1589 0.686987
1645 0.687402
1726 0.688269
1776 0.690433
1863 0.690643
1909 0.690651
1926 0.690868
1927 0.691909
2026 0.692428
2177 0.69307
2261 0.693121
2295 0.693273
2337 0.694388
2443 0.694464
2498 0.695893
2633 0.696147
2662 0.697178
2767 0.698164
2867 0.698871
2869 0.699437
2989 0.700182
3134 0.7008
3142 0.700931
3237 0.702347
3242 0.703032
3511 0.703126
3886 0.703495
