0 0.483949
2 0.485004
4 0.486186
5 0.48732
7 0.488205
13 0.489001
16 0.490052
17 0.490999
19 0.491658
20 0.494482
21 0.495749
22 0.496127
23 0.496687
24 0.496846
25 0.497096
29 0.498259
30 0.498607
31 0.49941
34 0.499715
35 0.501769
36 0.504815
37 0.50576
38 0.507384
39 0.510082
42 0.511001
43 0.512232
46 0.513316
47 0.5152
48 0.515632
49 0.51773
51 0.520762
52 0.522752
55 0.5247
57 0.52549
59 0.526807
63 0.526903
66 0.530899
67 0.531173
69 0.53207
74 0.533382
76 0.533803
78 0.533871
80 0.5354
82 0.535881
83 0.536125
84 0.53787
87 0.538773
90 0.538944
92 0.539064
95 0.540535
99 0.541468
101 0.5417
102 0.543594
104 0.544618
106 0.547284
108 0.548141
113 0.548396
117 0.549275
122 0.552653
129 0.555206
133 0.556116
135 0.557002
137 0.5592
138 0.560074
139 0.563136
140 0.564166
154 0.564441
155 0.565313
157 0.568126
164 0.568402
166 0.570013
168 0.570553
169 0.571132
174 0.571822
175 0.572982
181 0.575721
184 0.576906
185 0.578022
188 0.578314
189 0.578595
193 0.581111
194 0.581476
202 0.581651
206 0.582447
211 0.582787
212 0.584311
213 0.584609
215 0.584949
216 0.586014
224 0.586389
225 0.586465
228 0.58652
231 0.5869
232 0.587441
233 0.58745
234 0.587958
235 0.589279
237 0.590302
245 0.59212
246 0.592354
253 0.592869
254 0.594747
255 0.594864
256 0.596115
258 0.596242
265 0.596816
266 0.596865
273 0.598552
274 0.600178
280 0.601577
289 0.603948
310 0.604701
311 0.607521
312 0.608824
314 0.611509
316 0.61315
321 0.613366
325 0.61556
327 0.617037
334 0.617191
335 0.619233
349 0.619264
351 0.620497
357 0.620576
364 0.622236
373 0.622766
374 0.622954
376 0.62498
386 0.625543
396 0.625979
398 0.626082
402 0.626301
404 0.627787
412 0.627883
414 0.628176
417 0.628477
418 0.629564
421 0.629851
431 0.630527
434 0.630539
462 0.631388
463 0.631813
464 0.63361
467 0.634283
473 0.634931
481 0.636614
491 0.636849
495 0.638489
505 0.638557
521 0.638866
543 0.640889
544 0.642423
569 0.642444
580 0.643437
585 0.643524
586 0.644641
593 0.644897
599 0.645238
616 0.646115
630 0.647709
633 0.648324
637 0.649593
640 0.651123
643 0.651531
655 0.651824
678 0.651952
679 0.652654
687 0.653716
690 0.654136
699 0.654887
702 0.655943
704 0.656043
716 0.656961
720 0.657029
724 0.657648
746 0.659118
747 0.66032
753 0.660597
775 0.66137
779 0.66181
805 0.662642
807 0.662897
818 0.663173
827 0.663739
831 0.665338
832 0.667739
838 0.668655
849 0.670065
852 0.670732
882 0.670789
897 0.67186
901 0.672071
902 0.673438
905 0.673606
914 0.673611
939 0.673678
943 0.675276
957 0.675634
972 0.676331
975 0.677048
976 0.677659
985 0.67768
991 0.678481
1013 0.679074
1058 0.679583
1080 0.680084
1088 0.680388
1112 0.680714
1171 0.680996
1178 0.68195
1191 0.682708
1192 0.683595
1210 0.68432
1224 0.685208
1231 0.685836
1236 0.687799
1239 0.687969
1259 0.688228
1272 0.688254
1281 0.688665
1314 0.689379
1322 0.690251
1380 0.690344
1382 0.690585
1385 0.691772
1432 0.691783
1433 0.691972
1450 0.693168
1456 0.693771
1469 0.694874
1477 0.695418
1505 0.695447
1537 0.695646
1557 0.696877
1566 0.697594
1571 0.698934
1612 0.699744
1678 0.700979
1685 0.701061
1695 0.701469
1704 0.702008
1735 0.702761
1774 0.702765
1817 0.702956
1940 0.704447
1983 0.705183
2279 0.706733
2339 0.706935
2373 0.707039
2434 0.70783
2446 0.707948
2469 0.708597
2470 0.708615
2592 0.709694
2920 0.709776
2972 0.71026
2997 0.71185
3194 0.71265
3431 0.712705
3789 0.7132
3797 0.713683
3868 0.714176
3951 0.715414
