0 0.49446
1 0.494677
3 0.495268
6 0.495446
9 0.497615
10 0.499955
11 0.499987
13 0.501288
14 0.504095
15 0.504818
17 0.505025
20 0.505895
21 0.506138
22 0.507029
23 0.509046
24 0.509505
26 0.509594
28 0.509748
29 0.510396
30 0.512785
31 0.514534
32 0.516424
33 0.516814
37 0.51735
38 0.519491
39 0.520134
40 0.520551
47 0.522224
49 0.522553
51 0.52413
55 0.525923
56 0.526833
58 0.528376
59 0.529025
62 0.530273
65 0.530452
68 0.533124
69 0.534261
70 0.53435
71 0.535683
74 0.535802
76 0.537433
85 0.540107
86 0.540191
87 0.540849
91 0.542351
92 0.543945
94 0.544709
97 0.545649
101 0.548088
105 0.548756
115 0.55019
118 0.551467
120 0.551881
125 0.552753
127 0.553149
130 0.555016
133 0.558387
137 0.560143
138 0.560612
140 0.560976
151 0.561325
153 0.562033
157 0.563965
167 0.564001
169 0.566623
170 0.567903
177 0.569022
181 0.569921
187 0.570824
188 0.5715
192 0.573744
198 0.574563
199 0.574939
205 0.576839
212 0.577043
213 0.578248
216 0.578937
226 0.579062
227 0.579085
228 0.580265
229 0.581029
236 0.582333
249 0.583132
250 0.584671
251 0.585255
254 0.585284
263 0.585979
267 0.587293
268 0.587312
269 0.58844
276 0.590695
278 0.59365
283 0.594015
285 0.595261
291 0.596284
292 0.596662
293 0.597092
294 0.598424
296 0.598534
297 0.599316
307 0.601297
308 0.601994
312 0.602374
313 0.603443
323 0.604245
332 0.605339
336 0.606485
338 0.607927
354 0.608179
362 0.610846
364 0.611636
372 0.613603
384 0.613604
387 0.613917
390 0.614506
391 0.615242
392 0.616424
398 0.618025
403 0.618793
408 0.618843
413 0.61889
415 0.619756
422 0.619962
438 0.621995
443 0.622719
444 0.623639
446 0.625012
449 0.625013
451 0.626206
452 0.626315
453 0.62707
458 0.627927
479 0.629606
491 0.629715
493 0.630029
496 0.631384
500 0.633252
504 0.635633
511 0.63701
532 0.637249
534 0.637911
536 0.638347
540 0.639068
545 0.639503
554 0.640005
575 0.640402
577 0.643372
590 0.645138
592 0.646834
593 0.646849
598 0.64743
607 0.649363
622 0.650381
625 0.651111
640 0.651675
648 0.654941
649 0.655168
653 0.656309
656 0.656658
694 0.657639
698 0.658477
707 0.660014
712 0.660401
752 0.661031
753 0.662297
760 0.663214
775 0.663644
784 0.663714
817 0.664039
822 0.665182
826 0.66679
847 0.667607
850 0.667825
858 0.668881
859 0.66903
878 0.670184
883 0.671026
889 0.672655
923 0.673211
932 0.67413
933 0.674353
955 0.675504
964 0.67617
967 0.676882
973 0.677573
976 0.678718
977 0.679593
992 0.680667
1005 0.681249
1006 0.681616
1020 0.684893
1089 0.685694
1124 0.686065
1154 0.686632
1155 0.686661
1158 0.687922
1222 0.689059
1245 0.689642
1268 0.690255
1300 0.691161
1309 0.691431
1325 0.692172
1332 0.694469
1338 0.694747
1345 0.694926
1363 0.695676
1402 0.696019
1404 0.697487
1408 0.697646
1414 0.697988
1442 0.69871
1501 0.699495
1502 0.700302
1595 0.700643
1625 0.70067
1662 0.700733
1753 0.701088
1806 0.701681
1857 0.70274
1870 0.702766
1891 0.703073
1915 0.703447
1999 0.703645
2016 0.703713
2040 0.703978
2041 0.704885
2043 0.705752
2050 0.706288
2168 0.706789
2235 0.707904
2306 0.708212
2314 0.708235
2338 0.708717
2375 0.708911
2412 0.71034
2563 0.710901
2789 0.711609
2864 0.711881
2888 0.712069
2943 0.712743
3151 0.713137
3181 0.713747
3277 0.714481
3392 0.715035
3501 0.715189
3507 0.715539
3534 0.715918
3939 0.715928
3993 0.716167
4166 0.716261
4244 0.717154
4419 0.717686
