0 0.504982
2 0.505987
5 0.506184
7 0.507815
8 0.508748
9 0.509908
12 0.510395
14 0.511947
15 0.512592
17 0.513822
18 0.514311
20 0.517138
22 0.517552
24 0.519225
29 0.521346
30 0.523521
31 0.524327
32 0.525077
33 0.526195
42 0.527814
44 0.52841
45 0.529276
47 0.529423
51 0.530665
55 0.53317
59 0.534033
60 0.534874
61 0.535953
62 0.536947
67 0.537633
69 0.539297
74 0.540575
75 0.54229
76 0.543128
78 0.545689
79 0.546328
83 0.546836
84 0.547813
85 0.549663
87 0.551047
91 0.55133
93 0.551896
95 0.552669
98 0.555181
99 0.55585
101 0.556571
102 0.557262
104 0.557321
109 0.558929
113 0.559503
114 0.561037
116 0.561437
117 0.562096
118 0.564642
120 0.565405
123 0.566729
125 0.568093
126 0.568292
138 0.568622
143 0.569021
144 0.569271
151 0.569307
152 0.570393
156 0.570768
158 0.571847
159 0.574633
161 0.575043
162 0.575301
163 0.575323
165 0.575712
167 0.577451
170 0.577752
171 0.577884
174 0.578526
176 0.579181
177 0.580162
182 0.580616
186 0.581504
194 0.581511
197 0.581514
198 0.582449
201 0.583235
205 0.586424
206 0.587337
218 0.589216
228 0.58989
233 0.591488
236 0.591695
237 0.59246
243 0.593083
246 0.593441
255 0.593595
256 0.594526
261 0.594997
262 0.595674
265 0.597723
270 0.597769
271 0.601519
272 0.602515
278 0.602942
285 0.603014
296 0.603421
298 0.603699
300 0.604161
305 0.604567
318 0.60485
320 0.60699
322 0.608005
323 0.60853
341 0.609513
345 0.609976
348 0.611092
350 0.611374
358 0.613659
361 0.614061
366 0.615103
371 0.617
372 0.618488
384 0.618789
390 0.620688
393 0.620952
398 0.621774
411 0.621844
413 0.62305
416 0.624791
421 0.62561
426 0.626077
429 0.62608
430 0.626485
436 0.626604
437 0.62672
449 0.627116
459 0.627201
463 0.628871
465 0.629073
466 0.629109
470 0.629239
476 0.630085
483 0.630332
489 0.630828
493 0.631858
494 0.631896
507 0.632674
508 0.633525
523 0.636455
524 0.636841
525 0.637031
526 0.637248
540 0.637626
543 0.638091
545 0.638343
552 0.638509
568 0.638708
573 0.640189
590 0.640618
596 0.640765
603 0.640918
608 0.644475
618 0.644691
639 0.645117
641 0.645152
644 0.647441
645 0.647621
650 0.648008
651 0.64829
678 0.648708
682 0.64905
697 0.65049
700 0.650877
714 0.651147
715 0.653422
727 0.654681
732 0.656039
733 0.659114
737 0.659218
768 0.660703
770 0.66098
776 0.661426
778 0.663073
780 0.663182
784 0.664386
794 0.66444
806 0.66742
833 0.66763
872 0.667982
885 0.668831
894 0.669762
905 0.669803
909 0.6702
918 0.670626
927 0.671419
934 0.671927
947 0.673023
963 0.673182
964 0.673389
981 0.6738
1000 0.675578
1001 0.676429
1027 0.6771
1031 0.677743
1048 0.677743
1069 0.678043
1078 0.678516
1087 0.679038
1109 0.680659
1120 0.682197
1121 0.68273
1155 0.683211
1161 0.683978
1162 0.684065
1173 0.686031
1196 0.686721
1201 0.687291
1252 0.689028
1259 0.690296
1294 0.691609
1496 0.692353
1514 0.693408
1522 0.694265
1554 0.694945
1637 0.695352
1677 0.695551
1737 0.697278
1789 0.697668
1792 0.697791
1794 0.698474
1888 0.698767
1958 0.699295
2093 0.69939
2167 0.700084
2342 0.70114
2406 0.701303
2434 0.701926
2477 0.703077
2609 0.704931
2736 0.705144
2758 0.705318
2804 0.706281
3078 0.706696
