0 0.489449
2 0.489595
7 0.49121
8 0.491993
10 0.493054
20 0.495284
21 0.496091
23 0.497271
24 0.498452
25 0.49849
27 0.499531
29 0.500228
30 0.500973
31 0.501646
32 0.502843
33 0.503563
36 0.506561
37 0.506906
40 0.507829
41 0.508467
42 0.510526
44 0.510876
46 0.510966
47 0.512291
49 0.51312
54 0.515458
57 0.516489
58 0.517532
62 0.518786
63 0.519476
65 0.520238
68 0.520789
69 0.521752
70 0.522016
71 0.523013
72 0.524698
74 0.526138
75 0.529388
76 0.52953
77 0.529627
80 0.530101
81 0.531081
84 0.532163
87 0.534066
91 0.535976
94 0.536038
96 0.536086
99 0.536464
102 0.537494
104 0.540603
107 0.541462
108 0.542516
110 0.542685
113 0.543768
115 0.544574
116 0.546669
120 0.549033
121 0.549482
123 0.549673
124 0.551123
125 0.551126
129 0.552083
139 0.552486
140 0.552833
141 0.557272
143 0.559773
149 0.561152
150 0.56193
153 0.561988
160 0.567698
165 0.5679
170 0.568424
175 0.569114
177 0.571389
178 0.571991
181 0.572083
183 0.573127
185 0.576693
187 0.577659
189 0.578119
192 0.581033
194 0.581277
197 0.581643
203 0.581883
204 0.582365
210 0.582751
211 0.582924
217 0.583315
218 0.584844
219 0.585408
220 0.587414
225 0.587496
228 0.587967
234 0.58809
235 0.588801
241 0.590024
245 0.590194
251 0.591157
252 0.594081
256 0.595241
257 0.596806
261 0.597083
267 0.597603
268 0.598184
272 0.598641
274 0.599745
282 0.602658
283 0.604466
285 0.605674
287 0.605915
289 0.60681
290 0.607891
308 0.60837
310 0.608932
321 0.610148
324 0.612067
333 0.612645
337 0.613578
340 0.615123
343 0.616613
344 0.617311
349 0.617529
356 0.618386
357 0.618994
360 0.619499
365 0.620556
370 0.622681
375 0.622694
377 0.622996
379 0.623456
387 0.623906
388 0.625048
389 0.625413
390 0.625451
397 0.626519
401 0.627868
405 0.627982
406 0.629853
412 0.63141
417 0.634898
418 0.63637
424 0.637017
427 0.637106
432 0.63726
439 0.637607
442 0.637766
458 0.639383
470 0.640001
471 0.640182
477 0.641162
478 0.641205
488 0.641299
489 0.64148
498 0.642712
501 0.643509
502 0.64593
521 0.647765
527 0.648014
529 0.650649
535 0.650766
538 0.651544
539 0.652412
540 0.652433
542 0.653125
543 0.653156
544 0.653313
547 0.653418
558 0.654971
568 0.655919
572 0.656927
582 0.65755
583 0.659905
585 0.66089
589 0.661242
594 0.661731
607 0.662593
608 0.662789
611 0.665089
619 0.665554
620 0.66594
633 0.666523
636 0.666605
662 0.667354
679 0.669752
683 0.67068
704 0.672969
705 0.673037
710 0.674789
732 0.674884
734 0.674895
742 0.674899
759 0.676955
764 0.677693
768 0.677803
775 0.678298
779 0.678667
802 0.679695
809 0.679969
813 0.680435
818 0.680645
824 0.680669
864 0.68073
867 0.680998
868 0.681287
871 0.681604
877 0.683205
886 0.68381
900 0.684336
931 0.685138
936 0.685222
971 0.68673
988 0.687363
1022 0.687732
1026 0.689328
1045 0.6903
1073 0.690362
1134 0.691223
1150 0.691609
1223 0.692036
1243 0.695855
1244 0.696442
1256 0.696457
1272 0.696831
1313 0.697046
1369 0.697458
1378 0.697838
1381 0.698009
1386 0.69842
1397 0.69917
1442 0.700428
1478 0.700641
1624 0.701291
1631 0.701814
1717 0.702332
1723 0.702392
1812 0.702504
1922 0.703698
2080 0.704518
2156 0.704558
2172 0.705182
2256 0.706073
2523 0.706236
2698 0.706769
