0 0.5106
2 0.511259
4 0.511574
6 0.51181
10 0.51181
11 0.514396
15 0.514962
19 0.515162
20 0.518152
22 0.518928
24 0.520402
25 0.521097
27 0.523022
32 0.523407
35 0.524922
36 0.524972
38 0.526203
39 0.52852
40 0.529035
45 0.530111
47 0.530494
49 0.530731
51 0.531817
55 0.532303
56 0.53482
58 0.535796
61 0.536577
62 0.537761
64 0.539322
65 0.539837
66 0.53994
67 0.541203
68 0.541829
74 0.544403
78 0.545393
80 0.546791
85 0.548281
86 0.54844
88 0.549192
96 0.549333
97 0.55005
99 0.550498
101 0.552816
102 0.552933
103 0.555089
104 0.556544
106 0.559332
119 0.560526
120 0.56124
123 0.561246
126 0.561775
129 0.563235
130 0.563724
133 0.565007
134 0.566061
135 0.56669
136 0.567519
137 0.568465
142 0.568742
143 0.569105
144 0.569351
146 0.569554
153 0.57087
162 0.570916
163 0.570927
164 0.572277
170 0.572319
173 0.574239
175 0.577211
176 0.578784
178 0.578974
181 0.579863
182 0.580905
186 0.581847
187 0.582417
198 0.584346
200 0.585042
201 0.586539
202 0.588449
203 0.588457
213 0.58949
216 0.590308
221 0.590491
224 0.590817
231 0.591391
235 0.592056
242 0.59216
244 0.592242
252 0.594604
256 0.595686
258 0.595806
266 0.596111
269 0.597322
273 0.597531
277 0.598592
279 0.599077
282 0.599274
285 0.59993
292 0.601285
293 0.601369
296 0.60245
297 0.602666
300 0.604216
305 0.606601
306 0.609153
307 0.60936
311 0.609669
316 0.609975
320 0.610209
321 0.610284
322 0.611429
325 0.611809
331 0.611928
345 0.612486
349 0.613803
351 0.614331
353 0.615312
354 0.61554
357 0.616111
359 0.618506
368 0.619746
369 0.620408
371 0.622253
374 0.622789
378 0.623148
384 0.623445
387 0.623662
389 0.625435
395 0.625954
402 0.62642
405 0.626599
408 0.626841
415 0.627159
434 0.62814
437 0.628153
440 0.629287
442 0.629388
445 0.630211
446 0.630759
451 0.630852
460 0.632079
467 0.632109
473 0.632576
478 0.632704
483 0.633987
492 0.634074
497 0.634461
520 0.635653
523 0.636059
528 0.63612
529 0.63617
537 0.636424
543 0.636425
545 0.636959
565 0.637851
573 0.637924
576 0.63838
584 0.638556
589 0.638565
599 0.638808
608 0.63883
647 0.639352
652 0.640326
682 0.640695
705 0.641211
708 0.643676
713 0.644075
723 0.645632
731 0.647935
735 0.648762
740 0.649413
749 0.650198
750 0.651339
757 0.651992
773 0.652349
775 0.652549
781 0.652917
788 0.652968
789 0.653245
796 0.653799
800 0.653989
802 0.654154
826 0.655665
831 0.655708
847 0.655853
862 0.655903
874 0.656963
894 0.657117
903 0.657333
906 0.657555
919 0.658183
923 0.65828
928 0.658707
934 0.658861
937 0.659345
939 0.660668
956 0.660783
961 0.661452
972 0.661538
995 0.661737
998 0.662379
1001 0.662633
1013 0.662832
1037 0.664007
1042 0.66427
1043 0.664355
1045 0.665782
1068 0.666097
1084 0.666811
1086 0.667233
1088 0.667597
1092 0.667879
1096 0.66952
1101 0.669624
1108 0.669649
1121 0.671118
1128 0.67139
1143 0.671463
1146 0.671507
1148 0.67165
1165 0.671846
1170 0.672847
1188 0.67334
1197 0.67369
1206 0.674463
1216 0.67581
1232 0.67653
1239 0.676735
1258 0.677018
1265 0.678319
1276 0.678646
1283 0.679469
1287 0.679802
1294 0.681048
1310 0.682267
1311 0.682293
1346 0.683372
1446 0.683654
1447 0.684284
1462 0.684364
1486 0.684634
1512 0.686184
1520 0.686392
1521 0.686452
1531 0.687437
1575 0.68778
1601 0.687783
1636 0.688088
1637 0.689799
1701 0.689932
1751 0.690697
1807 0.691129
1828 0.692051
1848 0.692141
1890 0.693207
1915 0.694151
1976 0.694377
1982 0.694527
2115 0.69561
2261 0.695633
2333 0.696077
2628 0.69672
2848 0.697353
