0 0.505177
3 0.50523
5 0.506938
7 0.508291
8 0.508854
10 0.508876
13 0.508992
14 0.511238
15 0.512446
16 0.513111
17 0.515484
20 0.515711
21 0.515928
24 0.516257
28 0.51785
32 0.51889
37 0.520026
38 0.520822
40 0.522411
42 0.523505
46 0.524802
49 0.525102
50 0.525449
53 0.526587
57 0.527404
61 0.528244
62 0.529743
65 0.530543
68 0.53074
70 0.531251
72 0.531645
79 0.532751
82 0.533138
83 0.533517
88 0.533658
89 0.534861
92 0.535405
99 0.536101
101 0.537249
102 0.53736
103 0.538051
110 0.538364
114 0.538446
115 0.539318
118 0.543319
123 0.544567
125 0.544642
126 0.545406
127 0.548241
130 0.548397
133 0.549139
135 0.54993
139 0.550096
140 0.55055
145 0.552591
148 0.55373
150 0.555358
153 0.556509
156 0.557198
157 0.557559
158 0.557717
159 0.559096
160 0.560287
164 0.560341
169 0.561833
170 0.562468
172 0.565366
174 0.565573
179 0.568765
182 0.572542
186 0.573747
191 0.574616
192 0.577887
198 0.577951
207 0.578332
227 0.579611
231 0.581636
232 0.581734
245 0.581769
252 0.58282
253 0.582911
255 0.583701
260 0.584993
262 0.586225
274 0.586729
279 0.586811
284 0.587271
291 0.587297
294 0.588619
295 0.589961
301 0.590607
302 0.591245
304 0.591775
306 0.592522
309 0.593017
310 0.593669
312 0.595155
314 0.595685
331 0.596986
335 0.597049
339 0.597057
341 0.597437
351 0.599965
364 0.601868
366 0.602591
370 0.603501
371 0.604267
372 0.605701
373 0.606545
375 0.607082
377 0.607112
378 0.60713
385 0.609765
390 0.610192
404 0.612302
419 0.614012
423 0.614181
427 0.614784
430 0.616215
432 0.616568
435 0.617312
436 0.618169
437 0.618603
443 0.619258
445 0.619506
447 0.619971
452 0.620243
454 0.620633
462 0.621905
463 0.621973
465 0.622218
468 0.622942
472 0.623083
475 0.62356
477 0.62375
479 0.624785
492 0.625839
493 0.625899
504 0.626913
516 0.628871
533 0.630743
537 0.632461
538 0.633005
554 0.633242
555 0.635299
561 0.635336
567 0.635822
571 0.637732
581 0.637866
588 0.637949
590 0.637963
593 0.638524
595 0.639235
601 0.640443
605 0.641927
608 0.643098
611 0.643615
617 0.64371
619 0.644797
623 0.646584
630 0.647158
635 0.647499
643 0.649411
654 0.649771
661 0.650436
668 0.652029
669 0.652986
670 0.653332
683 0.654139
685 0.655078
686 0.65523
689 0.655356
695 0.656331
696 0.657896
712 0.658526
717 0.658596
719 0.658792
733 0.659181
735 0.659306
739 0.660212
747 0.660256
751 0.66226
757 0.662941
759 0.663233
771 0.663509
772 0.66446
805 0.664676
806 0.664698
816 0.666799
826 0.666826
832 0.66734
834 0.668219
868 0.669318
889 0.670395
892 0.670599
897 0.671214
910 0.671803
922 0.672721
932 0.672932
955 0.673052
979 0.673653
1000 0.675179
1020 0.675204
1025 0.675354
1029 0.675417
1032 0.675821
1039 0.676096
1041 0.677324
1071 0.677545
1083 0.677559
1093 0.677901
1120 0.678198
1126 0.678841
1145 0.679157
1156 0.679321
1173 0.679549
1176 0.680262
1192 0.68037
1215 0.680653
1219 0.68177
1225 0.681982
1230 0.682269
1234 0.683765
1262 0.684522
1287 0.685909
1288 0.686507
1297 0.687082
1325 0.68733
1344 0.687731
1350 0.688401
1352 0.68845
1355 0.689372
1366 0.689989
1368 0.690762
1369 0.690825
1372 0.691597
1387 0.691606
1399 0.692107
1452 0.69218
1477 0.693055
1478 0.693442
1489 0.694445
1521 0.694474
1564 0.694865
1570 0.695767
1575 0.696244
1607 0.697694
1643 0.698367
1675 0.698613
1779 0.699236
1869 0.699465
1995 0.699576
2001 0.700151
2054 0.701057
2099 0.701777
2264 0.702272
2342 0.703161
2344 0.70472
2377 0.704964
2626 0.705247
2790 0.70546
2825 0.70573
2914 0.706709
3112 0.706734
3309 0.707397
3691 0.707457
3694 0.708106
3756 0.708475
4084 0.708801
4123 0.708874
4187 0.709476
4292 0.710146
4316 0.710326
4358 0.710854
4373 0.711047
4388 0.711373
