0 0.48587
1 0.486302
3 0.486708
5 0.487107
8 0.491833
9 0.491991
10 0.492838
11 0.494256
12 0.494579
13 0.497776
14 0.498615
20 0.499077
21 0.500574
24 0.501252
30 0.502743
32 0.503799
36 0.505466
38 0.506502
39 0.508319
42 0.509004
44 0.509072
45 0.510856
46 0.512151
47 0.51269
51 0.512826
52 0.513269
54 0.514489
56 0.515204
58 0.515473
63 0.515482
64 0.517429
65 0.518634
67 0.519984
68 0.520786
72 0.52169
74 0.522922
76 0.52372
77 0.525129
80 0.527474
84 0.527688
86 0.531717
87 0.533357
90 0.533983
91 0.536717
92 0.537331
95 0.537438
101 0.537764
105 0.538161
110 0.538813
111 0.539563
115 0.540111
124 0.542297
125 0.543005
128 0.544189
129 0.544369
130 0.544382
131 0.544912
132 0.545826
133 0.545906
134 0.54711
135 0.547823
141 0.551768
142 0.55206
143 0.553662
144 0.55382
146 0.553922
148 0.554081
151 0.554254
154 0.555782
158 0.556469
159 0.556719
168 0.557268
172 0.557386
180 0.55792
181 0.558091
182 0.558562
185 0.55904
188 0.559261
191 0.560724
197 0.563105
202 0.563873
209 0.564926
210 0.565599
212 0.565967
215 0.566155
217 0.56629
222 0.5706
223 0.572457
224 0.5732
237 0.573505
242 0.573913
260 0.576301
261 0.577091
267 0.577582
270 0.577927
278 0.581375
282 0.583038
288 0.58477
291 0.585088
296 0.586398
297 0.587759
304 0.588487
306 0.588591
316 0.589737
320 0.590205
321 0.590285
323 0.59277
324 0.593583
325 0.594738
330 0.595323
334 0.596645
342 0.597158
358 0.598068
371 0.598749
378 0.60067
381 0.600789
384 0.601985
385 0.602602
389 0.603564
392 0.604347
396 0.605291
400 0.605847
416 0.606706
418 0.607586
422 0.609849
425 0.610044
427 0.610084
428 0.610972
432 0.611234
437 0.612786
448 0.613196
450 0.614053
460 0.615673
461 0.615812
479 0.616096
481 0.617079
486 0.618334
487 0.619515
490 0.620644
491 0.620824
494 0.621701
515 0.622438
518 0.623104
519 0.62373
527 0.624193
528 0.624523
529 0.626277
535 0.626648
567 0.627183
577 0.627529
578 0.628563
582 0.630491
598 0.631959
607 0.632339
627 0.633039
642 0.638291
643 0.638309
652 0.639122
653 0.641558
656 0.642041
660 0.643685
661 0.644212
679 0.645221
681 0.645337
694 0.645625
706 0.645997
716 0.646902
719 0.647056
722 0.647676
726 0.649525
756 0.649708
762 0.651927
767 0.653122
786 0.653397
789 0.653662
797 0.654038
804 0.654183
810 0.65693
822 0.656993
827 0.657351
828 0.657415
833 0.657538
837 0.658022
844 0.658198
872 0.658749
877 0.658829
904 0.65974
920 0.661128
959 0.661409
964 0.661715
974 0.662129
977 0.662479
983 0.663561
997 0.663601
1002 0.665748
1004 0.666116
1021 0.666349
1031 0.666907
1037 0.667786
1045 0.668873
1052 0.669497
1058 0.670183
1061 0.670474
1073 0.671776
1074 0.671843
1075 0.672387
1082 0.672425
1083 0.673019
1123 0.674515
1149 0.674611
1151 0.675046
1167 0.677042
1189 0.677182
1207 0.677212
1216 0.677593
1251 0.679389
1329 0.68317
1379 0.683299
1383 0.683622
1392 0.68368
1410 0.684501
1423 0.686064
1435 0.687355
1454 0.688806
1460 0.689729
1487 0.691456
1510 0.694411
1523 0.69461
1545 0.694619
1588 0.695064
1597 0.695897
1623 0.696655
1625 0.696786
1653 0.69679
1710 0.696943
1711 0.69726
1713 0.697542
1727 0.697814
1749 0.698542
1766 0.698963
1822 0.699464
1837 0.70005
1866 0.700673
1876 0.702678
1896 0.702764
1908 0.703006
1977 0.703645
1988 0.703719
2040 0.703731
2060 0.704187
2224 0.70419
2333 0.704206
2425 0.704669
2615 0.704839
2764 0.70558
2790 0.706113
2814 0.706578
2898 0.706651
2899 0.707916
3285 0.708454
3323 0.708871
3526 0.709025
