0 0.514786
2 0.515217
5 0.51593
6 0.516546
7 0.51749
9 0.519617
11 0.52216
13 0.522204
14 0.52255
15 0.523421
16 0.524169
18 0.524567
19 0.526281
21 0.52644
23 0.526866
27 0.528148
29 0.530234
31 0.533784
41 0.533833
42 0.534114
45 0.534589
47 0.535952
52 0.538186
53 0.538677
59 0.540432
62 0.541686
65 0.54435
67 0.546185
76 0.546398
78 0.546645
84 0.546753
86 0.549244
89 0.550454
90 0.55176
91 0.554354
92 0.556534
93 0.558893
95 0.560009
96 0.56274
98 0.56433
100 0.564754
102 0.567906
107 0.569395
108 0.569569
115 0.571281
117 0.573736
120 0.575795
123 0.5764
125 0.576652
127 0.577885
139 0.579839
141 0.58121
156 0.583015
158 0.583138
162 0.583397
163 0.583665
167 0.583851
172 0.584056
175 0.584662
177 0.585556
181 0.585696
182 0.585805
183 0.586339
195 0.587074
198 0.588981
203 0.592384
214 0.593417
218 0.593753
223 0.596095
237 0.596117
244 0.596591
247 0.59757
248 0.598043
251 0.598348
252 0.598641
256 0.601222
258 0.604535
259 0.604545
260 0.606391
264 0.607791
268 0.6091
269 0.610116
274 0.610672
277 0.611139
285 0.611179
287 0.611421
288 0.612401
289 0.612846
290 0.61322
300 0.614009
306 0.61477
308 0.615562
314 0.616018
320 0.616873
323 0.618224
326 0.620429
327 0.620818
328 0.621869
346 0.622325
347 0.62323
355 0.624883
360 0.625908
362 0.626652
368 0.627473
374 0.627523
375 0.629402
387 0.629414
394 0.63168
404 0.631754
406 0.634812
418 0.635921
419 0.636704
438 0.637218
443 0.637847
451 0.638277
453 0.638814
468 0.639879
480 0.639993
483 0.641194
487 0.641773
491 0.643004
506 0.643802
516 0.645185
521 0.647221
531 0.648401
534 0.649158
544 0.649541
546 0.649774
547 0.65024
557 0.651126
559 0.651536
561 0.654205
578 0.655337
580 0.655505
594 0.655541
597 0.656295
622 0.65669
637 0.656976
639 0.657506
641 0.657783
645 0.657837
651 0.657966
652 0.658334
661 0.659192
670 0.660054
675 0.660899
682 0.661791
683 0.662224
693 0.664052
700 0.66566
704 0.665868
710 0.667574
711 0.667946
717 0.668144
752 0.668532
760 0.668919
763 0.669083
773 0.669585
779 0.671363
783 0.671378
786 0.671494
810 0.672582
828 0.673813
850 0.676501
870 0.676801
875 0.677698
877 0.678313
902 0.678525
904 0.678714
915 0.679303
919 0.67947
935 0.679516
943 0.680708
946 0.680718
956 0.680909
962 0.681076
965 0.683043
969 0.683916
973 0.683994
1010 0.684717
1011 0.685477
1021 0.686388
1028 0.686436
1043 0.687263
1044 0.687766
1054 0.687833
1064 0.687928
1086 0.688033
1097 0.68834
1116 0.688515
1133 0.688925
1145 0.689144
1150 0.689639
1161 0.689779
1173 0.691338
1197 0.691453
1205 0.691461
1268 0.691942
1275 0.695558
1286 0.695904
1336 0.696001
1376 0.697333
1406 0.697985
1413 0.697996
1415 0.699227
1449 0.701252
1484 0.702516
1504 0.703245
1507 0.704783
1514 0.705066
1521 0.705158
1525 0.705582
1529 0.706004
1574 0.706303
1593 0.706483
1680 0.707014
1728 0.707424
1744 0.707641
1764 0.707774
1775 0.70831
1968 0.70893
2052 0.710703
2071 0.711235
2073 0.711915
2076 0.712033
2112 0.712198
2134 0.712229
2211 0.712531
2212 0.712922
2290 0.714086
2449 0.71528
2472 0.715544
2508 0.71566
2773 0.715735
