0 0.499368
2 0.500108
5 0.501773
8 0.501941
9 0.502287
11 0.502983
12 0.5032
13 0.505789
14 0.509434
15 0.509726
16 0.509905
17 0.51154
20 0.513243
21 0.516864
22 0.518012
24 0.51836
28 0.520218
33 0.521926
34 0.522182
36 0.522233
38 0.522486
40 0.523862
45 0.524678
46 0.526567
47 0.526859
48 0.528066
56 0.528709
59 0.529187
60 0.52978
61 0.530385
63 0.531881
64 0.532158
65 0.532796
66 0.533072
67 0.533452
69 0.533989
70 0.537042
72 0.537666
73 0.5388
78 0.538934
81 0.540545
82 0.541725
83 0.54301
87 0.544303
88 0.545112
90 0.546096
91 0.546299
92 0.54711
94 0.54773
100 0.547846
101 0.549032
106 0.550226
107 0.551697
112 0.551968
114 0.552141
119 0.553
129 0.553593
131 0.553716
134 0.555655
135 0.556029
139 0.556283
145 0.557602
148 0.557961
149 0.558491
151 0.559435
152 0.561319
157 0.561418
161 0.562163
164 0.566964
167 0.568327
168 0.56938
172 0.569918
173 0.570317
175 0.571631
178 0.571654
183 0.572398
186 0.572838
195 0.573028
196 0.574552
199 0.575092
201 0.576041
202 0.577154
203 0.579046
204 0.579541
206 0.580202
209 0.582046
211 0.582487
213 0.585067
215 0.586277
217 0.587436
218 0.588565
231 0.588916
233 0.589449
237 0.590574
239 0.592258
240 0.593276
243 0.594265
247 0.59661
249 0.596711
253 0.597784
266 0.598648
267 0.599408
278 0.601675
281 0.603442
287 0.603607
289 0.60419
298 0.607751
299 0.60876
300 0.609252
312 0.610692
314 0.612248
316 0.613456
328 0.61356
331 0.613902
336 0.614419
337 0.61485
346 0.615122
349 0.616586
354 0.617853
361 0.619138
366 0.619227
375 0.61931
376 0.619546
377 0.622211
386 0.622784
389 0.622999
394 0.623442
400 0.623747
408 0.624449
436 0.625028
442 0.625244
461 0.625535
465 0.626248
467 0.62747
476 0.627904
501 0.628406
502 0.628648
516 0.629177
518 0.630875
520 0.631387
521 0.631953
537 0.633217
540 0.633546
543 0.634014
545 0.634919
550 0.636104
558 0.637457
560 0.638301
572 0.639069
580 0.639459
582 0.641458
588 0.642635
592 0.644151
593 0.644605
596 0.644728
597 0.64499
607 0.646343
636 0.648168
646 0.649183
652 0.649638
656 0.650573
661 0.651342
666 0.651683
667 0.652504
675 0.653713
679 0.65425
688 0.654929
703 0.655488
704 0.656373
711 0.656745
717 0.657437
729 0.65821
732 0.658582
745 0.662247
787 0.662876
802 0.664514
809 0.665197
815 0.666943
820 0.667594
828 0.668117
830 0.669224
860 0.670061
890 0.670141
914 0.670144
924 0.672779
949 0.673266
970 0.673354
980 0.674766
992 0.675157
1005 0.675593
1026 0.676236
1054 0.676664
1086 0.677207
1105 0.67721
1121 0.678327
1188 0.678738
1195 0.680064
1197 0.680068
1226 0.680131
1235 0.680898
1244 0.68114
1281 0.684806
1302 0.685897
1303 0.686199
1310 0.686614
1338 0.687078
1362 0.687971
1413 0.688046
1499 0.689081
1515 0.689201
1556 0.689238
1569 0.689609
1585 0.689618
1623 0.690557
1641 0.6907
1714 0.691259
1716 0.691927
1764 0.69309
1794 0.69315
1814 0.693245
1846 0.693399
1891 0.694322
1907 0.695045
1929 0.695472
1967 0.69673
2002 0.697677
2006 0.69843
2064 0.698777
2101 0.699164
2119 0.700359
2128 0.70156
2157 0.701693
2199 0.703751
2212 0.703994
2319 0.704007
2456 0.70443
2495 0.705283
2500 0.706145
2588 0.706361
2612 0.707793
2630 0.707832
2639 0.708446
2645 0.708848
2681 0.709348
2732 0.70948
2768 0.710748
2799 0.711316
2851 0.711854
2889 0.711988
3025 0.71263
3054 0.712789
3189 0.713172
3340 0.713546
3498 0.713623
3755 0.713865
3792 0.714338
3834 0.714369
4104 0.714478
