0 0.492407
1 0.495469
2 0.497354
3 0.499348
5 0.502222
6 0.503166
10 0.504656
12 0.505835
17 0.507078
21 0.507255
22 0.508428
26 0.508452
29 0.51005
30 0.511891
31 0.512036
33 0.513268
35 0.51407
36 0.515451
39 0.517552
40 0.518296
45 0.518683
46 0.519065
51 0.522334
52 0.523099
54 0.523505
55 0.525038
56 0.525388
57 0.526844
58 0.527314
64 0.528922
65 0.529841
66 0.530552
68 0.530982
72 0.532858
73 0.533687
76 0.53525
78 0.535419
81 0.535978
84 0.536499
86 0.536763
88 0.540942
89 0.541219
90 0.541415
91 0.542037
92 0.542562
95 0.542798
97 0.544274
101 0.546316
103 0.547252
104 0.548367
107 0.548503
113 0.548701
118 0.549812
120 0.550308
124 0.550376
125 0.550689
126 0.550755
131 0.550791
134 0.552779
135 0.55483
137 0.555084
140 0.556678
145 0.557997
146 0.558066
151 0.559437
153 0.560907
157 0.561179
158 0.561377
160 0.562948
161 0.563815
162 0.564189
163 0.564832
165 0.565335
166 0.565794
167 0.566576
174 0.567496
175 0.568831
178 0.569737
179 0.569882
181 0.570358
184 0.570958
186 0.574158
187 0.574782
192 0.574931
194 0.575047
196 0.576138
213 0.576698
214 0.576782
215 0.578129
222 0.578417
232 0.580004
233 0.580035
234 0.580367
237 0.581132
238 0.582374
243 0.582925
244 0.583432
248 0.584519
249 0.585947
252 0.586639
254 0.5872
259 0.587224
264 0.589458
266 0.589703
280 0.59156
290 0.592165
292 0.592304
293 0.595563
297 0.595769
298 0.596156
303 0.598635
310 0.599898
315 0.600285
316 0.600528
318 0.600995
319 0.602396
323 0.603721
328 0.604226
331 0.604408
339 0.604888
340 0.606293
341 0.607478
343 0.608227
347 0.609377
349 0.611077
352 0.612111
356 0.612416
357 0.615406
368 0.61555
373 0.616693
374 0.617811
377 0.61951
379 0.620178
384 0.620356
385 0.623032
387 0.624119
388 0.626361
390 0.628141
397 0.628886
402 0.629228
406 0.629584
408 0.630691
409 0.630997
413 0.631586
421 0.632918
423 0.633454
427 0.633765
429 0.634744
431 0.635087
443 0.636129
445 0.636497
449 0.637087
453 0.637155
457 0.639097
464 0.641119
484 0.642542
486 0.643795
489 0.64458
495 0.645473
498 0.645539
499 0.646098
521 0.646244
552 0.646609
559 0.648661
561 0.650913
562 0.651401
581 0.651672
589 0.65258
600 0.652949
606 0.653293
607 0.655257
612 0.656137
615 0.656803
630 0.656836
633 0.656856
639 0.65902
643 0.659557
646 0.660897
649 0.662004
655 0.662311
669 0.662403
671 0.662621
672 0.662629
693 0.662828
698 0.664036
699 0.66465
712 0.665363
736 0.665924
745 0.666278
748 0.667775
755 0.667877
766 0.667914
767 0.668589
776 0.668627
780 0.668993
797 0.670484
805 0.672552
818 0.673312
829 0.674965
850 0.675258
856 0.675328
861 0.676427
862 0.676845
868 0.677011
879 0.677165
890 0.678243
892 0.678643
912 0.679208
924 0.679792
930 0.680328
933 0.680403
956 0.680961
976 0.681761
998 0.681807
1004 0.682303
1041 0.683286
1048 0.684552
1055 0.685538
1060 0.685888
1066 0.685956
1118 0.686263
1126 0.687535
1129 0.688464
1130 0.689364
1165 0.689408
1167 0.689658
1169 0.689739
1181 0.690453
1193 0.690504
1198 0.691325
1201 0.691495
1207 0.693004
1229 0.693327
1238 0.694018
1241 0.694736
1255 0.695179
1294 0.695527
1299 0.695623
1360 0.695894
1373 0.696009
1377 0.696327
1384 0.697011
1431 0.698487
1444 0.69903
1458 0.699245
1493 0.700903
1497 0.701073
1553 0.701128
1588 0.701805
1595 0.702215
1604 0.702752
1630 0.702911
1794 0.702915
1851 0.702917
1866 0.704562
1892 0.705199
1956 0.706444
1962 0.708732
1965 0.709133
1977 0.710407
2047 0.711058
2083 0.7117
2193 0.712594
2455 0.712792
2469 0.71317
2606 0.713775
2622 0.714235
2681 0.71461
2808 0.716175
2861 0.716413
2942 0.716823
3222 0.717557
3402 0.717757
