0 0.529332
1 0.530584
2 0.532101
6 0.533282
7 0.53343
10 0.534229
13 0.534279
15 0.536687
19 0.539086
23 0.540062
25 0.542033
26 0.543596
27 0.544065
28 0.546459
29 0.546476
33 0.547174
34 0.547429
37 0.548424
43 0.550806
45 0.551983
48 0.553041
53 0.55348
66 0.554472
67 0.555422
68 0.555901
75 0.557759
76 0.557966
80 0.559197
82 0.559456
84 0.559756
85 0.560817
87 0.563314
88 0.563316
89 0.563341
91 0.564879
94 0.566037
95 0.567796
98 0.568421
101 0.570876
102 0.57168
110 0.571689
113 0.572256
114 0.573215
116 0.573251
117 0.573484
119 0.573809
120 0.575428
124 0.576344
125 0.577109
131 0.577801
132 0.577864
133 0.578224
138 0.579481
145 0.579574
150 0.58257
151 0.583456
160 0.585155
161 0.585446
168 0.58661
171 0.586826
177 0.588312
186 0.589695
193 0.591341
203 0.591544
205 0.59175
208 0.591763
223 0.592044
233 0.594564
239 0.595197
243 0.596999
248 0.597363
252 0.597677
256 0.597697
259 0.598561
261 0.598582
270 0.600618
277 0.602047
280 0.602376
283 0.604104
287 0.605464
293 0.605498
297 0.605714
298 0.606095
301 0.606192
302 0.606395
309 0.606584
326 0.607952
336 0.608445
339 0.608983
340 0.609807
343 0.610017
349 0.610181
351 0.611069
354 0.611341
355 0.612136
357 0.613131
365 0.614411
375 0.614717
384 0.614898
390 0.615086
398 0.615424
403 0.615551
404 0.61572
405 0.617301
418 0.618944
422 0.619144
426 0.61965
430 0.620386
434 0.621806
444 0.622016
460 0.622599
480 0.623766
481 0.62415
484 0.625259
486 0.62769
489 0.628048
494 0.628203
503 0.628327
504 0.629003
508 0.629072
522 0.629291
532 0.629388
534 0.629883
539 0.630743
541 0.631516
544 0.633094
551 0.633577
553 0.633791
558 0.634457
560 0.63524
563 0.635303
568 0.635443
569 0.635708
575 0.636853
594 0.639166
598 0.640076
603 0.641247
608 0.64174
611 0.642356
612 0.642728
613 0.643005
621 0.643606
631 0.644253
635 0.645721
650 0.646589
657 0.6466
665 0.647572
667 0.64892
683 0.648971
689 0.649677
693 0.650083
695 0.651906
715 0.653632
724 0.653906
725 0.654323
728 0.655191
759 0.655913
765 0.656374
769 0.656803
784 0.657935
791 0.658997
794 0.659358
803 0.659401
811 0.660782
834 0.662534
837 0.663192
848 0.663344
856 0.664302
871 0.665167
889 0.665421
891 0.665919
907 0.665966
926 0.66635
943 0.667272
955 0.668454
959 0.670019
973 0.670235
989 0.670926
998 0.672164
1016 0.672414
1024 0.672548
1043 0.673878
1058 0.674076
1061 0.674353
1107 0.675585
1119 0.675704
1123 0.676283
1162 0.676626
1200 0.677346
1229 0.677433
1237 0.677474
1246 0.677531
1250 0.677814
1258 0.677943
1279 0.679776
1325 0.680187
1335 0.680918
1361 0.681189
1375 0.681301
1395 0.681541
1400 0.68165
1402 0.682126
1405 0.682729
1437 0.683678
1441 0.683834
1477 0.684477
1496 0.684529
1557 0.684644
1561 0.685327
1563 0.685408
1565 0.68769
1569 0.688042
1579 0.68808
1580 0.688084
1606 0.68814
1609 0.68867
1615 0.689814
1643 0.690954
1691 0.691985
1705 0.692831
1766 0.692965
1769 0.693608
1771 0.694563
1781 0.6952
1850 0.695755
1897 0.6964
1903 0.696671
1905 0.696914
1944 0.697228
1982 0.698279
1993 0.698654
2001 0.698936
2002 0.699023
2025 0.69911
2041 0.699677
2047 0.700301
2053 0.700766
2083 0.700855
2115 0.701398
2119 0.701702
2120 0.703355
2137 0.703682
2171 0.703929
2184 0.704423
2341 0.705454
2387 0.705495
2388 0.70616
2425 0.706956
2495 0.707598
2678 0.707752
2724 0.709038
3058 0.709059
3119 0.709246
3144 0.709636
3214 0.710127
3403 0.710302
