0 0.509567
1 0.510195
2 0.512519
3 0.514496
4 0.515053
5 0.517186
6 0.518113
7 0.519811
9 0.521421
10 0.522771
12 0.524803
13 0.525281
14 0.5264
18 0.526463
24 0.527102
25 0.528653
27 0.529423
34 0.529842
35 0.530213
41 0.53186
44 0.532954
45 0.534056
46 0.534271
47 0.534458
48 0.535112
51 0.535201
53 0.536599
54 0.536979
58 0.538758
59 0.53903
60 0.541399
61 0.542639
62 0.542725
72 0.543134
77 0.54325
78 0.543849
83 0.544645
89 0.546712
96 0.547174
97 0.547729
113 0.548607
120 0.54873
121 0.549413
126 0.550608
127 0.551261
128 0.552083
133 0.554059
135 0.554706
137 0.555061
142 0.556243
143 0.556333
146 0.556439
151 0.55645
157 0.557515
161 0.557977
163 0.559259
166 0.560957
169 0.562538
171 0.564256
172 0.564406
173 0.565213
190 0.567109
194 0.567577
206 0.568707
209 0.570912
212 0.572196
218 0.572321
219 0.576048
223 0.576927
231 0.577482
236 0.577486
238 0.578434
263 0.578731
264 0.580339
266 0.580341
267 0.580446
268 0.581069
272 0.582018
273 0.582778
276 0.582889
277 0.583356
289 0.584044
292 0.584396
293 0.586531
305 0.586837
307 0.587621
316 0.588632
321 0.589916
325 0.590292
337 0.590999
339 0.591736
340 0.591931
342 0.592793
343 0.593566
348 0.594296
351 0.594778
352 0.595454
354 0.596403
369 0.597685
371 0.599005
372 0.601727
373 0.603356
376 0.60388
383 0.605363
389 0.605911
398 0.607228
399 0.608303
404 0.61095
405 0.611453
408 0.612684
414 0.612697
423 0.614955
429 0.617491
433 0.617971
434 0.622034
438 0.622459
449 0.624975
451 0.626194
462 0.626948
466 0.627984
472 0.627999
486 0.62908
501 0.630809
521 0.631673
528 0.632423
530 0.632687
535 0.63483
555 0.635067
556 0.635156
561 0.636089
564 0.636218
572 0.636296
573 0.638309
579 0.63886
582 0.64047
590 0.642231
597 0.642303
600 0.642437
610 0.643108
638 0.643606
645 0.644631
648 0.646764
654 0.647266
667 0.647387
683 0.648174
690 0.649871
699 0.651168
702 0.651412
716 0.65198
723 0.652145
729 0.65222
732 0.652647
742 0.652985
752 0.653411
756 0.653628
762 0.655528
774 0.655708
781 0.655738
793 0.657846
798 0.658457
822 0.660111
830 0.661943
837 0.662273
845 0.663512
860 0.665389
864 0.665806
871 0.667128
877 0.668686
879 0.66874
884 0.669853
895 0.670495
912 0.671089
918 0.674152
922 0.674501
924 0.674708
928 0.67496
932 0.675848
935 0.676162
953 0.67683
965 0.678973
989 0.679841
999 0.680692
1031 0.681259
1051 0.682158
1067 0.682693
1084 0.683638
1089 0.68396
1098 0.68413
1108 0.684873
1114 0.685328
1137 0.685571
1146 0.686526
1174 0.686782
1175 0.686786
1176 0.687902
1207 0.688266
1254 0.689667
1260 0.690204
1278 0.691179
1281 0.691405
1316 0.69218
1317 0.69275
1319 0.692847
1328 0.693561
1352 0.693823
1381 0.694462
1402 0.694776
1428 0.695218
1462 0.695504
1464 0.69554
1473 0.695806
1541 0.697633
1557 0.698417
1567 0.698919
1579 0.699447
1583 0.700678
1584 0.701215
1625 0.701299
1659 0.701764
1669 0.701884
1675 0.701991
1703 0.702403
1708 0.702577
1740 0.703083
1769 0.703481
1797 0.703829
1802 0.703902
1850 0.704284
1929 0.704776
1986 0.705795
2004 0.705812
2008 0.707865
2126 0.708551
2133 0.708926
2223 0.709123
2234 0.710102
2235 0.710315
2244 0.710474
2396 0.710816
2514 0.711311
2526 0.711415
2658 0.712058
2764 0.712241
3014 0.712394
3076 0.712634
3175 0.713367
3442 0.713529
3538 0.714269
3770 0.714828
3811 0.715238
4039 0.715651
4063 0.716182
4287 0.717772
4655 0.718393
5049 0.719401
