0 4885.02
1 4872.3
2 4855.63
3 4839.07
4 4829.44
5 4818.88
6 4805.42
7 4795.59
8 4787.26
9 4776.77
10 4767.42
11 4760.7
12 4754.31
13 4741.66
14 4734.45
15 4727.04
16 4720.82
17 4714.08
18 4705.72
19 4703.23
20 4696.69
21 4690.36
22 4685.03
23 4680.88
24 4672.66
25 4667.01
26 4661.86
27 4656.47
28 4652.14
29 4645.55
30 4640.07
31 4636.77
32 4633.09
33 4631.03
34 4626.52
35 4622.11
36 4617.7
37 4614.01
38 4608.5
39 4605.25
40 4601.85
41 4598.15
42 4592.61
43 4589.41
44 4586.81
45 4582.19
46 4579.36
47 4576.17
48 4574.74
49 4571.98
50 4568.79
51 4565.88
52 4562.59
53 4559.75
54 4557.15
55 4555.3
56 4551.07
57 4548.66
58 4546.92
59 4544.33
60 4540.58
61 4537.85
62 4536.62
63 4535.31
64 4533.61
65 4531.11
66 4528.24
67 4525.89
68 4524.77
69 4522.02
70 4520.11
71 4516.93
72 4515.42
73 4512.64
74 4510.65
75 4508.47
76 4507.12
77 4504.46
78 4503.45
79 4501.52
80 4498.67
81 4496
82 4495.03
83 4491.65
84 4489.05
85 4488.16
86 4486.19
87 4484.67
88 4483.03
89 4482.42
90 4480.1
91 4477.65
92 4475.83
93 4473.27
94 4472.32
95 4471.38
96 4469.9
97 4469.32
98 4468.1
99 4467.75
100 4466.45
101 4464.74
102 4462.81
103 4461.95
104 4460.64
105 4460.13
106 4457.9
107 4456.76
108 4455.69
109 4454.45
110 4452.76
111 4452.41
112 4451.58
113 4450.9
114 4449.19
115 4447.3
116 4446.1
117 4445.34
118 4444.73
119 4443.58
120 4442.19
121 4441.48
122 4439.8
123 4438.62
124 4437.25
125 4436.2
126 4435.41
127 4434.97
128 4433.49
129 4432.54
130 4429.88
131 4428.2
132 4427.45
133 4426.37
134 4426
135 4423.96
136 4422.09
137 4421.51
138 4420.9
139 4418.71
140 4417.41
141 4417.04
142 4415.73
143 4414.58
144 4412.76
145 4411.9
146 4410.69
147 4410.14
148 4408.45
149 4407.42
150 4407.27
151 4406.37
152 4405.52
153 4405.16
154 4404.85
155 4403.91
156 4402.59
157 4401.81
158 4401.33
159 4400.69
160 4400.36
161 4400.08
162 4399.56
163 4398.04
164 4397.02
165 4396.03
166 4394.92
167 4392.97
168 4392.04
169 4391.13
170 4390.28
171 4389.93
172 4389.34
173 4388.58
174 4387.65
175 4387.05
176 4386.52
177 4385.07
178 4384.38
179 4383.49
180 4382.94
181 4381.98
182 4380.59
183 4379.2
184 4378.18
185 4376.94
186 4375.12
187 4374.14
188 4373.73
189 4372.4
190 4371.15
191 4370.24
192 4369.27
193 4367.69
194 4366.85
195 4365.69
196 4364.87
197 4364.49
198 4363.84
199 4362.46
200 4361.57
201 4361.12
202 4360.8
203 4360.09
204 4359.43
205 4358.62
206 4357.67
207 4357.16
208 4356.29
209 4354.7
210 4354.35
211 4353.71
212 4352.91
213 4352.39
214 4352.22
215 4351.86
216 4351
217 4350.72
218 4349.22
219 4348.44
220 4348.07
221 4347.18
222 4346.64
223 4346.08
224 4345.32
225 4344.92
226 4344.07
227 4343.19
228 4342.3
229 4341.62
230 4340.85
231 4339.64
232 4338.55
233 4337.94
234 4337.08
235 4336.57
236 4335.59
237 4335.3
238 4334.85
239 4334.42
240 4334.19
241 4333.86
242 4333.68
243 4332.64
244 4332.14
245 4331
246 4330.11
247 4329.1
248 4328.77
249 4328.67
250 4328.18
251 4328.1
252 4327.51
253 4327.03
254 4326.67
255 4326.66
256 4325.81
257 4324.97
258 4324.48
259 4323.64
260 4323.62
261 4322.94
262 4322.42
263 4322.04
264 4319.87
265 4319.18
266 4318.81
267 4318.46
268 4317.97
269 4316.99
270 4316.95
271 4316.43
272 4315.95
273 4315.35
274 4314.1
275 4313.52
276 4313.47
277 4312.8
278 4312.68
279 4311.98
280 4311.67
281 4310.75
282 4310.44
283 4309.46
284 4309.19
285 4308.46
286 4307.58
287 4307.39
288 4307.2
289 4306.74
290 4305.81
291 4305.04
292 4304.72
293 4304.59
294 4304.09
295 4303.77
296 4303.14
297 4302.63
298 4301.97
299 4301.54
300 4301.53
301 4301.42
302 4300
303 4299.61
304 4299.48
305 4299.1
306 4298.71
307 4298.52
308 4297.87
309 4297.54
310 4297.13
311 4296.16
312 4295.37
313 4295.14
314 4295.08
315 4294.57
316 4294.29
317 4294.17
318 4293.84
319 4293.66
320 4293.34
321 4293.18
322 4292.77
323 4292.15
324 4291.81
325 4290.89
326 4290.4
327 4290.07
328 4289.38
329 4288.96
330 4288.73
331 4288.51
332 4288.43
333 4288.06
334 4287.49
335 4286.9
336 4286.81
337 4286.67
338 4286.2
339 4285.85
340 4284.9
341 4284.86
342 4284.17
343 4283.67
344 4282.5
345 4282.14
346 4281.57
347 4281.52
348 4280.68
349 4280.06
350 4279.82
351 4278.83
352 4278.62
353 4277.73
354 4276.97
355 4276.67
356 4276.06
357 4275.83
358 4275.8
359 4275.71
360 4275.64
361 4275.53
362 4275.49
363 4275.21
364 4274.91
365 4274.08
366 4273.76
367 4273.68
368 4273.5
369 4272.98
370 4272.94
371 4272.54
372 4272.34
373 4271.86
374 4271.33
375 4271.2
376 4271.04
377 4270.66
378 4270.44
379 4269.95
380 4269.43
381 4268.77
382 4268.51
383 4267.97
385 4267.88
386 4267.73
387 4267.62
388 4266.94
389 4266.7
390 4266.27
391 4265.88
392 4265.52
393 4265.16
394 4264.63
395 4264.3
396 4263.97
397 4263.63
398 4262.95
399 4262.76
400 4262.1
401 4262.03
402 4261.8
403 4261.3
404 4261.04
405 4260.43
406 4260.18
408 4259.76
409 4259.75
410 4258.87
411 4258.79
412 4258.64
413 4258.15
414 4257.68
415 4257.03
416 4256.86
417 4256.3
418 4256.04
419 4255.92
420 4255.23
421 4255.17
422 4255.06
423 4254.98
424 4254.66
425 4254.43
426 4254
427 4253.87
428 4253.59
429 4252.98
430 4252.66
431 4252.32
432 4252.08
433 4251.9
434 4251.85
435 4251.65
436 4251.48
438 4251.31
439 4250.95
440 4250.91
441 4250.73
442 4250.35
443 4249.58
444 4249.49
445 4249.18
446 4248.61
447 4247.7
448 4247.58
449 4247.38
450 4246.99
451 4246.8
452 4246.57
453 4246.29
454 4246.11
455 4245.97
456 4245.95
457 4245.57
458 4245.14
459 4244.65
460 4244.61
461 4244.43
462 4244.09
463 4243.6
464 4243.22
465 4243.19
466 4242.88
467 4242.7
468 4242.56
469 4242.46
470 4242.27
471 4242.14
472 4241.95
473 4241.12
474 4240.99
475 4240.44
476 4240.09
477 4240.08
478 4239.94
479 4239.68
480 4239.52
481 4238.67
482 4238.45
483 4238.05
484 4237.93
485 4237.71
486 4237.65
487 4237.34
488 4236.96
489 4236.6
490 4236.54
491 4235.84
492 4235.8
493 4235.59
494 4235.41
496 4235.1
497 4234.99
498 4234.36
499 4234.35
500 4234.04
502 4233.73
503 4233.18
504 4232.87
505 4232.52
506 4232.3
507 4232.08
508 4231.52
509 4231.47
510 4231.42
511 4231.2
512 4231.05
513 4230.91
514 4230.79
515 4230.22
516 4230.21
517 4229.96
518 4229.68
519 4229.27
520 4229.06
521 4228.84
522 4228.81
523 4228.58
524 4227.95
525 4227.89
526 4227.8
527 4227.43
528 4227.3
529 4227.06
530 4226.86
531 4226.66
532 4226.55
533 4226.22
534 4225.8
535 4225.64
536 4225.54
537 4225.13
539 4224.46
541 4224.18
542 4224.11
543 4223.96
544 4223.85
545 4223.83
546 4223.74
547 4223.66
548 4223.35
550 4222.87
551 4222.67
552 4222.13
553 4221.88
555 4221.56
556 4221.49
557 4221.41
559 4221.18
560 4220.92
561 4220.85
562 4220.82
563 4220.63
564 4220.4
565 4220.24
566 4220.08
567 4219.9
568 4219.87
570 4219.77
571 4219.72
572 4218.93
573 4218.56
575 4218.06
576 4217.71
577 4217.65
578 4217.5
579 4217.27
580 4217.08
581 4216.79
582 4216.49
583 4216.27
584 4216.18
585 4216.14
586 4216.07
587 4215.95
588 4215.82
589 4215.72
590 4215.62
591 4215.55
592 4215.52
593 4215.21
594 4215.14
595 4214.76
596 4214.75
597 4214.72
598 4214.63
599 4214.17
600 4213.95
601 4213.63
603 4213.49
604 4212.95
605 4212.64
607 4212.56
608 4212.21
609 4212
610 4211.87
611 4211.56
612 4211.36
613 4211.05
614 4210.94
615 4210.8
618 4210.61
619 4210.6
620 4210.3
621 4210.29
622 4210.23
623 4210.03
624 4209.96
625 4209.88
626 4209.61
628 4209.09
629 4208.76
630 4208.57
632 4208.55
633 4208.42
634 4208.12
635 4207.86
636 4207.73
637 4207.22
639 4207.06
640 4206.78
642 4206.74
643 4206.31
644 4206.08
645 4206.03
646 4205.8
647 4205.75
648 4205.66
649 4205.34
651 4205.23
652 4205.22
653 4205.13
654 4204.89
655 4204.56
656 4204.49
657 4204.41
658 4204.31
659 4204.05
661 4203.98
662 4203.75
663 4203.31
664 4203.29
665 4202.86
667 4202.71
668 4202.5
669 4202.29
670 4201.8
671 4201.11
672 4200.82
674 4200.8
675 4200.73
676 4200.64
677 4200.4
678 4200.16
679 4200.04
680 4199.76
681 4199.57
683 4199.54
684 4199.52
685 4199.31
686 4199.05
687 4198.21
688 4197.97
689 4197.79
690 4197.66
691 4197.49
692 4196.92
693 4196.77
694 4196.69
695 4196.16
696 4195.96
697 4195.92
698 4195.69
699 4195.59
700 4195.41
701 4195.36
702 4195.23
703 4194.9
705 4194.85
706 4194.3
707 4193.86
708 4193.74
709 4193.27
710 4193.18
711 4192.56
712 4192.48
713 4192.34
714 4192.21
715 4192.19
716 4192.11
717 4192.08
718 4191.76
719 4191.59
720 4191.55
721 4191.38
722 4190.94
723 4190.53
724 4190.47
725 4190.33
726 4190.12
727 4190.04
728 4189.55
729 4189.48
731 4189.38
732 4189.34
734 4189.23
735 4188.77
737 4188.66
738 4188.53
740 4188.37
742 4188.1
743 4188.09
744 4188.03
745 4187.97
746 4187.86
747 4187.75
749 4187.62
750 4187.6
751 4187.44
754 4187.38
755 4187.2
756 4187.13
757 4186.93
758 4186.64
759 4186.56
761 4186.42
762 4186.36
763 4186.25
764 4186.14
766 4185.93
767 4185.9
768 4185.81
769 4185.78
770 4185.5
771 4185.26
773 4185.25
774 4184.98
776 4184.91
777 4184.76
778 4184.62
779 4184.31
780 4184.17
781 4183.99
782 4183.98
783 4183.9
784 4183.87
785 4183.8
786 4183.77
787 4183.73
788 4183.71
790 4183.65
791 4183.51
792 4183.4
793 4183.32
795 4183.24
796 4183.18
797 4183.08
798 4182.98
800 4182.97
802 4182.33
803 4182.32
804 4182.06
805 4181.9
806 4181.82
808 4181.71
809 4181.67
810 4181.43
813 4181.39
815 4181.37
816 4181.2
817 4180.87
818 4180.7
819 4180.69
820 4180.51
822 4180.06
823 4179.98
824 4179.96
826 4179.82
827 4179.67
829 4179.63
830 4179.27
831 4179.1
832 4179.03
833 4178.78
834 4178.75
835 4178.63
836 4178.59
837 4178.56
839 4178.49
840 4178.36
842 4178.35
843 4178.23
846 4178.13
847 4178.08
848 4177.95
849 4177.82
850 4177.59
851 4177.41
852 4177.31
853 4177.13
854 4177.04
855 4177.02
857 4176.99
858 4176.84
859 4176.63
860 4176.35
861 4176.33
862 4176.27
863 4176.24
864 4176.22
865 4176.06
866 4175.97
867 4175.92
868 4175.83
869 4175.7
870 4175.55
871 4175.51
872 4175.44
873 4175.27
874 4175.11
875 4174.88
876 4174.81
877 4174.61
879 4174.45
880 4174.19
882 4174.06
883 4173.99
884 4173.89
886 4173.74
887 4173.7
888 4173.61
889 4173.42
890 4173.4
891 4173.27
892 4172.97
893 4172.95
894 4172.93
895 4172.9
896 4172.64
897 4172.63
898 4172.57
899 4172.21
900 4172.06
901 4171.99
902 4171.98
904 4171.86
905 4171.73
906 4171.72
907 4171.66
909 4171.61
911 4171.53
914 4171.5
915 4171.48
917 4171.42
918 4171.41
919 4171.23
920 4171.22
921 4170.95
922 4170.82
924 4170.74
925 4170.51
926 4170.34
927 4170.24
928 4170.14
929 4170.01
930 4169.92
933 4169.72
934 4169.51
936 4169.22
937 4169.18
938 4169.13
941 4168.81
943 4168.7
944 4168.33
945 4168.3
947 4168.22
950 4168.01
951 4167.93
952 4167.86
953 4167.81
954 4167.8
955 4167.72
956 4167.5
957 4167.4
958 4167.34
960 4166.99
961 4166.95
962 4166.66
963 4166.61
964 4166.6
965 4166.54
966 4166.48
968 4166.4
971 4166.3
972 4166.16
973 4166.11
974 4166.1
976 4165.37
977 4165.36
978 4165.34
980 4165.08
981 4164.8
983 4164.73
984 4164.34
985 4164.27
986 4163.93
987 4163.81
988 4163.69
990 4163.54
992 4163.41
995 4163.4
997 4163.39
998 4163.17
1000 4163.14
1001 4163.11
1002 4163.09
1003 4162.97
1004 4162.88
1006 4162.43
1008 4162.38
1010 4162.28
1012 4162.13
1013 4162.06
1016 4161.99
1017 4161.93
1019 4161.92
1020 4161.61
1021 4161.57
1024 4161.24
1025 4161.18
1026 4161.1
1027 4161.09
1029 4160.94
1030 4160.89
1032 4160.78
1033 4160.73
1034 4160.61
1035 4160.58
1036 4160.56
1037 4160.38
1038 4160.34
1039 4160.27
1040 4159.96
1043 4159.94
1045 4159.91
1046 4159.71
1047 4159.66
1049 4159.65
1050 4159.34
1053 4159.22
1054 4159.14
1056 4159.12
1057 4159.07
1058 4158.97
1060 4158.87
1061 4158.79
1062 4158.64
1063 4158.62
1065 4158.6
1066 4158.52
1067 4158.41
1068 4158.4
1069 4158.3
1070 4158.01
1071 4157.96
1072 4157.87
1074 4157.74
1075 4157.69
1076 4157.62
1077 4157.49
1078 4157.39
1080 4157.09
1081 4157.03
1082 4156.9
1083 4156.76
1085 4156.73
1086 4156.55
1088 4156.49
1089 4156.31
1090 4156.15
1093 4155.94
1094 4155.93
1098 4155.88
1099 4155.83
1100 4155.76
1101 4155.75
1103 4155.7
1104 4155.67
1105 4155.64
1106 4155.57
1107 4155.39
1109 4155.36
1110 4155.29
1111 4155.26
1112 4155.19
1113 4155.09
1115 4155.01
1116 4154.99
1117 4154.75
1118 4154.64
1120 4154.57
1121 4154.45
1122 4154.32
1123 4154.21
1124 4153.72
1125 4153.66
1127 4153.64
1128 4153.57
1129 4153.46
1130 4153.43
1132 4153.1
1133 4153.09
1134 4152.84
1135 4152.78
1136 4152.59
1137 4152.46
1138 4152.44
1139 4152.39
1140 4152.31
1141 4152.15
1142 4152.12
1143 4152.08
1144 4151.8
1145 4151.78
1146 4151.45
1147 4151.37
1149 4151.2
1150 4151.12
1151 4150.39
1152 4150.17
1153 4150.01
1155 4150
1156 4149.98
1157 4149.96
1160 4149.69
1161 4149.51
1162 4149.48
1163 4149.33
1164 4149.26
1165 4149.14
1166 4149.07
1167 4149.06
1168 4149.03
1171 4149
1172 4148.87
1173 4148.7
1177 4148.63
1178 4148.48
1181 4148.47
1182 4148.3
1183 4148.25
1184 4148.22
1186 4148.16
1190 4148.15
1193 4148.1
1198 4148.08
1201 4148.04
1202 4147.87
1204 4147.76
1206 4147.73
1210 4147.57
1211 4147.54
1212 4147.47
1213 4147.44
1215 4147.43
1216 4147.39
1218 4147.36
1220 4147.32
1221 4147.23
1222 4147.1
1224 4147
1225 4146.78
1226 4146.67
1228 4146.52
1230 4146.37
1231 4146.35
1235 4146.17
1237 4146.02
1239 4146
1240 4145.92
1241 4145.82
1242 4145.7
1243 4145.68
1245 4145.61
1247 4145.6
1249 4145.53
1251 4145.42
1252 4145.32
1253 4144.9
1256 4144.77
1264 4144.72
1267 4144.36
1268 4144.3
1270 4144.08
1272 4143.95
1273 4143.86
1275 4143.66
1276 4143.65
1280 4143.62
1281 4143.48
1282 4143.4
1284 4143.28
1286 4143.27
1287 4143.24
1288 4142.97
1291 4142.7
1292 4142.66
1293 4142.63
1294 4142.6
1295 4142.54
1296 4142.52
1300 4142.48
1301 4142.39
1303 4142.23
1306 4142.17
1308 4142.16
1309 4142.13
1310 4141.91
1313 4141.84
1316 4141.81
1317 4141.79
1318 4141.71
1320 4141.59
1321 4141.56
1322 4141.42
1324 4141.31
1325 4141.19
1326 4141.09
1327 4140.95
1328 4140.83
1329 4140.6
1330 4140.31
1331 4140.24
1332 4140.13
1333 4140.09
1334 4139.8
1335 4139.78
1336 4139.74
1337 4139.71
1338 4139.37
1343 4139.22
1344 4139.14
1345 4139.13
1348 4139.09
1349 4138.84
1351 4138.7
1353 4138.69
1356 4138.67
1357 4138.62
1358 4138.5
1359 4138.44
1360 4138.42
1361 4138.29
1362 4138.16
1364 4138.09
1368 4137.89
1369 4137.87
1370 4137.8
1371 4137.77
1374 4137.76
1375 4137.63
1377 4137.58
1380 4137.56
1382 4137.52
1383 4137.35
1384 4137.26
1385 4137.18
1386 4137.15
1388 4137.12
1389 4137.08
1390 4136.96
1391 4136.85
1392 4136.73
1393 4136.57
1395 4136.55
1396 4136.54
1397 4136.49
1398 4136.38
1399 4136.25
1401 4136.21
1402 4136.2
1404 4136.15
1406 4136.13
1407 4135.98
1408 4135.94
1409 4135.93
1410 4135.83
1411 4135.81
1412 4135.8
1413 4135.63
1414 4135.5
1416 4135.08
1418 4135.06
1421 4134.95
1422 4134.86
1423 4134.69
1425 4134.65
1426 4134.61
1428 4134.6
1429 4134.49
1430 4134.47
1432 4134.44
1434 4134.42
1435 4134.28
1436 4134.27
1438 4134.22
1439 4134.03
1440 4133.99
1442 4133.8
1443 4133.78
1444 4133.74
1446 4133.72
1447 4133.34
1448 4133.3
1449 4133.24
1451 4133.22
1452 4133.16
1453 4133.14
1456 4133.05
1457 4133.02
1458 4133
1459 4132.88
1460 4132.75
1463 4132.71
1469 4132.69
1471 4132.6
1472 4132.57
1474 4132.51
1477 4132.5
1478 4132.29
1479 4132.18
1480 4132.17
1485 4132
1486 4131.92
1487 4131.9
1488 4131.89
1490 4131.79
1492 4131.75
1493 4131.74
1495 4131.72
1496 4131.62
1497 4131.44
1498 4131.34
1499 4131.31
1502 4131.3
1503 4131.27
1506 4131.23
1509 4131.21
1510 4131.15
1511 4130.92
1512 4130.84
1513 4130.8
1516 4130.72
1517 4130.68
1518 4130.62
1520 4130.57
1522 4130.44
1525 4130.27
1527 4130.25
1530 4130.23
1531 4130.07
1534 4129.91
1535 4129.81
1536 4129.77
1537 4129.63
1538 4129.61
1542 4129.57
1546 4129.5
1547 4129.49
1549 4129.31
1551 4129.3
1555 4129.25
1563 4129.21
1564 4129.14
1565 4129.02
1566 4128.99
1567 4128.92
1569 4128.88
1571 4128.82
1572 4128.81
1574 4128.74
1575 4128.68
1579 4128.62
1580 4128.53
1581 4128.52
1584 4128.42
1586 4128.4
1587 4128.03
1588 4127.94
1592 4127.88
1595 4127.77
1599 4127.71
1600 4127.61
1602 4127.16
1603 4127.08
1604 4126.89
1605 4126.85
1607 4126.84
1609 4126.83
1610 4126.78
1611 4126.69
1613 4126.5
1614 4126.45
1615 4126.35
1618 4126.25
1619 4126.23
1620 4126.15
1621 4126.01
1623 4126
1624 4125.96
1625 4125.91
1626 4125.85
1627 4125.67
1631 4125.59
1633 4125.49
1634 4125.4
1635 4125.37
1636 4125.33
1637 4125.28
1641 4125.27
1642 4125.21
1644 4125.18
1646 4125.14
1648 4125.09
1649 4125.06
1651 4124.96
1652 4124.83
1653 4124.66
1656 4124.52
1657 4124.51
1658 4124.42
1660 4124.15
1662 4124.03
1663 4123.7
1666 4123.69
1667 4123.55
1669 4123.46
1671 4123.44
1676 4123.39
1677 4123.35
1678 4123.2
1681 4123.17
1683 4122.98
1685 4122.76
1686 4122.75
1687 4122.7
1690 4122.65
1691 4122.63
1694 4122.55
1695 4122.43
1697 4122.42
1699 4122.41
1700 4122.39
1704 4122.34
1705 4122.31
1707 4122.18
1708 4122.07
1709 4121.94
1711 4121.93
1712 4121.8
1713 4121.75
1714 4121.66
1718 4121.52
1720 4121.4
1721 4121.19
1723 4121.16
1724 4120.87
1726 4120.82
1727 4120.7
1731 4120.69
1732 4120.49
1733 4120.46
1740 4120.4
1741 4120.26
1742 4120.2
1746 4119.79
1747 4119.73
1748 4119.7
1750 4119.6
1751 4119.5
1752 4119.28
1757 4119.25
1762 4119.22
1763 4119.2
1765 4119.01
1768 4118.88
1770 4118.85
1771 4118.81
1772 4118.8
1774 4118.76
1775 4118.64
1777 4118.56
1779 4118.47
1780 4118.36
1781 4118.31
1784 4118.25
1785 4118.22
1787 4118.09
1788 4118.07
1789 4117.98
1790 4117.9
1792 4117.78
1793 4117.59
1794 4117.53
1795 4117.38
1796 4117.17
1798 4117.02
1799 4116.99
1800 4116.94
1804 4116.93
1806 4116.84
1807 4116.83
1808 4116.67
1809 4116.63
1810 4116.55
1811 4116.18
1814 4116.12
1816 4115.95
1817 4115.88
1818 4115.86
1820 4115.8
1822 4115.77
1824 4115.76
1825 4115.62
1827 4115.55
1828 4115.46
1829 4115.44
1830 4115.38
1833 4115.3
1834 4115.24
1835 4114.91
1841 4114.88
1845 4114.86
1846 4114.7
1847 4114.66
1848 4114.53
1849 4114.52
1852 4114.48
1856 4114.47
1858 4114.46
1860 4114.39
1861 4114.37
1864 4113.81
1865 4113.8
1866 4113.64
1867 4113.58
1870 4113.57
1873 4113.54
1877 4113.44
1880 4113.38
1884 4113.27
1887 4113.03
1897 4113.01
1900 4113
1903 4112.99
1904 4112.94
1905 4112.85
1906 4112.72
1908 4112.57
1912 4112.53
1913 4112.48
1916 4112.39
1919 4112.36
1920 4112.28
1922 4112.21
1925 4112.16
1926 4111.71
1928 4111.62
1930 4111.49
1931 4111.33
1932 4111.26
1933 4111.23
1936 4111.18
1937 4110.93
1938 4110.86
1939 4110.83
1942 4110.64
1945 4110.59
1947 4110.58
1953 4110.55
1955 4110.32
1957 4110.05
1959 4109.98
1960 4109.89
1961 4109.81
1962 4109.66
1964 4109.55
1966 4109.46
1969 4109.35
1970 4109.33
1972 4109.32
1973 4109.28
1975 4109.24
1979 4109.14
1981 4109.04
1983 4108.97
1986 4108.9
1987 4108.87
1988 4108.77
1992 4108.6
1993 4108.56
1994 4108.49
1995 4108.48
1996 4108.39
1998 4108.36
2000 4108.34
2001 4108.26
2002 4108.25
2003 4108.2
2005 4108.07
2007 4108.02
2008 4108.01
2009 4107.88
2010 4107.67
2012 4107.64
2014 4107.62
2018 4107.6
2020 4107.51
2023 4107.47
2024 4107.46
2025 4107.35
2026 4107.23
2027 4107.1
2028 4106.96
2030 4106.77
2031 4106.73
2032 4106.7
2033 4106.69
2035 4106.52
2036 4106.51
2037 4106.49
2038 4106.44
2043 4106.42
2045 4106.41
2046 4106.35
2048 4106.33
2053 4106.31
2054 4106.28
2057 4106.18
2058 4106.06
2059 4106.04
2061 4106.03
2062 4106.01
2066 4105.95
2067 4105.92
2071 4105.89
2072 4105.88
2074 4105.87
2075 4105.85
2077 4105.78
2081 4105.75
2082 4105.63
2083 4105.62
2085 4105.56
2086 4105.3
2088 4105.23
2091 4105.2
2092 4105.19
2093 4105.18
2094 4105.09
2095 4104.99
2096 4104.96
2098 4104.91
2100 4104.79
2103 4104.77
2104 4104.71
2109 4104.65
2111 4104.5
2114 4104.4
2122 4104.36
2124 4104.34
2125 4104.27
2127 4104.19
2128 4104.07
2129 4104.04
2131 4103.93
2134 4103.81
2137 4103.73
2138 4103.65
2139 4103.61
2140 4103.59
2148 4103.54
2149 4103.4
2152 4103.28
2155 4103.24
2158 4103.22
2159 4103.16
2160 4103.13
2162 4102.95
2163 4102.94
2164 4102.93
2168 4102.91
2171 4102.88
2172 4102.84
2176 4102.77
2178 4102.75
2180 4102.69
2182 4102.58
2183 4102.56
2184 4102.47
2185 4102.24
2186 4102.13
2187 4102.08
2192 4102.06
2193 4102.03
2196 4101.95
2199 4101.88
2200 4101.78
2201 4101.77
2205 4101.59
2208 4101.57
2210 4101.52
2213 4101.46
2215 4101.42
2217 4101.36
2224 4101.18
2228 4101.15
2229 4101.1
2230 4101.05
2232 4101
2235 4100.96
2240 4100.9
2242 4100.88
2244 4100.87
2245 4100.72
2246 4100.67
2249 4100.59
2251 4100.47
2253 4100.44
2255 4100.41
2257 4100.4
2258 4100.32
2262 4100.3
2264 4100.29
2268 4100.19
2275 4100.18
2276 4100.07
2277 4100.05
2278 4100.04
2280 4100.03
2281 4099.97
2283 4099.93
2284 4099.92
2286 4099.84
2288 4099.72
2289 4099.66
2292 4099.64
2297 4099.59
2299 4099.57
2300 4099.55
2301 4099.54
2302 4099.52
2309 4099.51
2311 4099.46
2315 4099.36
2316 4099.3
2319 4099.27
2320 4099.25
2321 4099.24
2324 4099.15
2325 4099.14
2327 4099.11
2328 4099.09
2329 4098.98
2337 4098.72
2338 4098.7
2341 4098.68
2343 4098.59
2344 4098.52
2345 4098.48
2346 4098.44
2350 4098.43
2353 4098.41
2359 4098.38
2367 4098.36
2368 4098.35
2371 4098.3
2377 4098.18
2378 4098.09
2379 4098.07
2381 4097.95
2383 4097.9
2390 4097.81
2391 4097.58
2392 4097.52
2396 4097.51
2399 4097.5
2400 4097.45
2408 4097.4
2410 4097.29
2414 4097.24
2415 4097.18
2418 4097.14
2419 4097.06
2424 4097
2425 4096.95
2426 4096.81
2427 4096.79
2430 4096.75
2432 4096.7
2433 4096.68
2437 4096.66
2438 4096.65
2442 4096.61
2443 4096.57
2445 4096.54
2446 4096.53
2448 4096.52
2450 4096.46
2451 4096.45
2452 4096.25
2453 4096.23
2455 4096.19
2457 4096.16
2458 4096.14
2460 4096.07
2464 4096.06
2468 4096.02
2470 4095.95
2472 4095.85
2473 4095.84
2475 4095.78
2485 4095.77
2486 4095.73
2487 4095.58
2488 4095.56
2489 4095.42
2490 4095.35
2491 4095.17
2492 4095.15
2496 4095.14
2500 4094.99
2501 4094.98
2505 4094.93
2508 4094.86
2510 4094.85
2514 4094.83
2516 4094.65
2519 4094.62
2520 4094.56
2526 4094.54
2527 4094.48
2528 4094.45
2529 4094.44
2532 4094.43
2534 4094.41
2535 4094.36
2537 4094.32
2538 4094.31
2539 4094.05
2540 4094
2544 4093.99
2547 4093.97
2548 4093.96
2549 4093.92
2551 4093.84
2553 4093.75
2558 4093.74
2560 4093.71
2565 4093.66
2570 4093.64
2572 4093.58
2573 4093.5
2577 4093.42
2579 4093.3
2583 4093.18
2587 4093.15
2589 4093.14
2593 4093.12
2594 4093.11
2597 4092.94
2598 4092.93
2600 4092.89
2601 4092.74
2602 4092.6
2605 4092.48
2606 4092.4
2607 4092.37
2608 4092.28
2615 4092.24
2616 4092.2
2617 4092.11
2620 4092.08
2622 4091.86
2623 4091.84
2624 4091.79
2625 4091.74
2626 4091.71
2627 4091.65
2629 4091.52
2633 4091.51
2634 4091.47
2635 4091.27
2644 4091.26
2646 4091.17
2648 4091.1
2655 4090.93
2656 4090.9
2657 4090.89
2660 4090.77
2662 4090.73
2663 4090.69
2664 4090.62
2665 4090.53
2669 4090.52
2670 4090.45
2671 4090.37
2675 4090.35
2677 4090.26
2680 4090.19
2681 4090.09
2683 4090.05
2688 4090.02
2691 4089.94
2692 4089.93
2694 4089.92
2699 4089.91
2708 4089.9
2709 4089.78
2711 4089.74
2712 4089.7
2714 4089.63
2717 4089.43
2718 4089.37
2720 4089.35
2721 4089.33
2722 4089.21
2725 4089.18
2732 4089.11
2736 4089.09
2737 4089.08
2740 4088.94
2741 4088.73
2742 4088.7
2743 4088.46
2746 4088.44
2748 4088.38
2749 4088.36
2750 4088.33
2757 4088.31
2764 4088.3
2766 4088.1
2768 4088.09
2770 4087.98
2771 4087.95
2775 4087.93
2776 4087.91
2778 4087.75
2780 4087.74
2783 4087.67
2784 4087.56
2785 4087.53
2786 4087.51
2791 4087.46
2805 4087.45
2807 4087.44
2811 4087.3
2820 4087.08
2822 4087.04
2829 4087.03
2830 4086.92
2836 4086.91
2839 4086.89
2844 4086.86
2846 4086.82
2847 4086.72
2856 4086.66
2858 4086.62
2862 4086.46
2865 4086.45
2866 4086.44
2868 4086.41
2869 4086.33
2875 4086.3
2876 4086.22
2882 4086.14
2888 4086.07
2890 4086.04
2894 4085.92
2896 4085.86
2898 4085.79
2901 4085.75
2902 4085.72
2905 4085.71
2907 4085.7
2912 4085.67
2914 4085.54
2920 4085.46
2922 4085.44
2925 4085.36
2927 4085.18
2928 4085.14
2932 4085.13
2933 4085.11
2934 4084.95
2939 4084.93
2941 4084.9
2944 4084.83
2948 4084.82
2951 4084.78
2956 4084.74
2959 4084.63
2961 4084.58
2963 4084.5
2967 4084.45
2968 4084.35
2975 4084.31
2977 4084.24
2979 4084.22
2980 4084.19
2986 4084.16
2990 4084.09
2992 4084.02
2994 4083.98
2996 4083.95
2999 4083.89
3002 4083.78
3004 4083.77
3012 4083.6
3015 4083.59
3021 4083.16
3022 4083.13
3023 4083.03
3026 4082.99
3028 4082.98
3030 4082.89
3032 4082.86
3033 4082.83
3035 4082.72
3046 4082.67
3049 4082.64
3059 4082.6
3060 4082.49
3061 4082.45
3069 4082.43
3070 4082.42
3086 4082.24
3088 4082.23
3091 4082.15
3092 4082.13
3093 4082.12
3094 4082.11
3101 4082.09
3103 4082.07
3104 4082.06
3105 4081.89
3110 4081.88
3113 4081.79
3114 4081.73
3115 4081.72
3118 4081.65
3124 4081.64
3125 4081.53
3126 4081.49
3128 4081.46
3129 4081.44
3130 4081.37
3133 4081.34
3140 4081.24
3142 4081.21
3143 4081.18
3144 4081.06
3148 4081.04
3151 4081.02
3153 4080.91
3155 4080.9
3156 4080.79
3160 4080.67
3163 4080.62
3165 4080.59
3167 4080.54
3169 4080.53
3170 4080.52
3172 4080.34
3173 4080.27
3181 4080.24
3183 4080.12
3186 4079.98
3189 4079.96
3195 4079.93
3198 4079.87
3199 4079.82
3200 4079.67
3210 4079.55
3212 4079.52
3217 4079.51
3220 4079.49
3221 4079.4
3227 4079.38
3234 4079.33
3237 4079.32
3238 4079.29
3239 4079.27
3247 4079.23
3251 4079.21
3252 4079.2
3260 4079.19
3265 4079.16
3267 4079.07
3270 4079.03
3275 4079.02
3278 4079.01
3281 4078.97
3282 4078.92
3285 4078.91
3288 4078.86
3289 4078.77
3293 4078.71
3295 4078.7
3299 4078.61
3303 4078.1
3306 4078.05
3307 4077.96
3311 4077.89
3317 4077.85
3321 4077.71
3322 4077.53
3326 4077.46
3327 4077.42
3335 4077.3
3341 4077.25
3349 4077.18
3354 4077.05
3356 4077.01
3357 4076.94
3358 4076.93
3365 4076.87
3370 4076.86
3371 4076.85
3373 4076.78
3374 4076.72
3378 4076.71
3379 4076.52
3381 4076.51
3382 4076.44
3383 4076.42
3384 4076.3
3385 4076.26
3387 4076.25
3388 4076.03
3389 4075.92
3392 4075.9
3395 4075.89
3397 4075.78
3400 4075.63
3402 4075.52
3408 4075.45
3423 4075.43
3424 4075.4
3426 4075.3
3429 4075.27
3431 4075.21
3434 4075.2
3435 4075.19
3440 4075.1
3444 4075.09
3447 4075.07
3448 4075.04
3449 4074.99
3452 4074.96
3457 4074.88
3459 4074.86
3461 4074.85
3466 4074.81
3469 4074.79
3471 4074.72
3473 4074.66
3482 4074.55
3484 4074.54
3487 4074.51
3488 4074.45
3494 4074.41
3496 4074.39
3498 4074.34
3500 4074.32
3505 4074.3
3506 4074.25
3507 4074.16
3509 4074.15
3513 4074.09
3514 4074.06
3516 4073.99
3521 4073.94
3528 4073.91
3529 4073.85
3534 4073.79
3537 4073.77
3540 4073.7
3545 4073.69
3549 4073.59
3557 4073.56
3558 4073.47
3560 4073.43
3561 4073.29
3563 4073.27
3571 4073.23
3573 4073.19
3584 4073.11
3588 4073.1
3589 4073.08
3590 4073.04
3592 4073.01
3595 4072.93
3596 4072.88
3598 4072.79
3599 4072.72
3615 4072.68
3618 4072.65
3619 4072.58
3622 4072.55
3625 4072.54
3626 4072.45
3630 4072.43
3631 4072.4
3632 4072.35
3633 4072.32
3638 4072.24
3640 4072.18
3642 4072.15
3643 4072.13
3649 4072.03
3650 4072.02
3651 4072.01
3654 4071.97
3656 4071.87
3659 4071.63
3662 4071.61
3664 4071.58
3666 4071.55
3671 4071.52
3677 4071.5
3680 4071.46
3683 4071.38
3687 4071.31
3691 4071.21
3693 4071.19
3695 4071.18
3700 4071.09
3701 4071.07
3702 4071.05
3705 4071.03
3709 4070.77
3719 4070.69
3720 4070.68
3721 4070.62
3723 4070.53
3738 4070.48
3744 4070.45
3756 4070.43
3759 4070.39
3763 4070.32
3769 4070.3
3773 4070.28
3774 4070.26
3775 4070.23
3776 4070.12
3788 4070.09
3794 4070.08
3795 4070.07
3797 4070.02
3799 4069.97
3801 4069.87
3802 4069.85
3804 4069.82
3806 4069.8
3807 4069.72
3817 4069.7
3821 4069.69
3822 4069.68
3824 4069.56
3829 4069.55
3831 4069.52
3848 4069.48
3851 4069.45
3853 4069.43
3856 4069.4
3859 4069.35
3864 4069.31
3866 4069.3
3874 4069.29
3876 4069.16
3883 4069.13
3886 4069.12
3887 4069.07
3889 4069.01
3894 4069
3895 4068.99
3896 4068.87
3897 4068.77
3901 4068.74
3903 4068.72
3906 4068.66
3913 4068.49
3914 4068.41
3917 4068.35
3920 4068.34
3923 4068.27
3926 4068.26
3927 4068.25
3928 4068.16
3930 4068.14
3936 4068.04
3937 4068.03
3942 4067.97
3947 4067.95
3948 4067.91
3955 4067.89
3959 4067.88
3961 4067.82
3962 4067.49
3971 4067.45
3972 4067.39
3975 4067.21
3977 4067.16
3980 4067.15
3991 4067.13
3992 4066.99
4008 4066.95
4015 4066.89
4018 4066.87
4019 4066.81
4026 4066.75
4038 4066.68
4046 4066.62
4052 4066.59
4057 4066.58
4058 4066.55
4060 4066.49
4065 4066.48
4071 4066.46
4074 4066.45
4077 4066.44
4079 4066.27
4094 4066.17
4099 4066.09
4100 4066.06
4103 4066
4104 4065.96
4105 4065.95
4106 4065.86
4108 4065.85
4111 4065.81
4112 4065.77
4113 4065.65
4114 4065.5
4116 4065.49
4118 4065.48
4129 4065.47
4131 4065.43
4136 4065.37
4137 4065.35
4144 4065.26
4145 4065.24
4146 4065.17
4148 4064.94
4150 4064.9
4151 4064.71
4152 4064.67
4157 4064.62
4162 4064.61
4164 4064.59
4171 4064.55
4173 4064.54
4180 4064.53
4181 4064.49
4182 4064.46
4186 4064.39
4193 4064.27
4198 4064.26
4200 4064.21
4206 4064.12
4217 4064.07
4221 4064.05
4222 4064.03
4229 4063.98
4231 4063.9
4233 4063.88
4235 4063.74
4238 4063.63
4239 4063.55
4241 4063.52
4243 4063.48
4254 4063.25
4255 4063.23
4256 4063.16
4258 4063.07
4265 4063.05
4268 4063.04
4270 4062.98
4280 4062.96
4284 4062.93
4291 4062.92
4296 4062.84
4298 4062.76
4307 4062.74
4314 4062.68
4320 4062.63
4329 4062.61
4339 4062.54
4347 4062.5
4348 4062.49
4356 4062.45
4357 4062.41
4362 4062.39
4366 4062.37
4368 4062.33
4370 4062.3
4371 4062.28
4375 4062.24
4377 4062.21
4379 4062.18
4384 4062.12
4385 4062.06
4387 4062.01
4392 4061.98
4393 4061.93
4396 4061.92
4402 4061.77
4405 4061.73
4406 4061.64
4409 4061.63
4412 4061.6
4414 4061.59
4424 4061.55
4426 4061.47
4427 4061.45
4447 4061.4
4449 4061.36
4450 4061.31
4458 4061.3
4466 4061.27
4474 4061.21
4481 4061.11
4483 4061.05
4486 4061.04
4490 4060.99
4495 4060.94
4497 4060.93
4507 4060.92
4508 4060.81
4511 4060.69
4513 4060.66
4514 4060.63
4516 4060.58
4519 4060.55
4521 4060.52
4522 4060.51
4524 4060.48
4526 4060.47
4532 4060.44
4546 4060.39
4550 4060.33
4562 4060.22
4566 4060.19
4573 4060.16
4575 4060.09
4576 4060.04
4577 4059.99
4581 4059.95
4582 4059.89
4583 4059.83
4586 4059.81
4596 4059.78
4600 4059.67
4603 4059.54
4607 4059.53
4609 4059.5
4618 4059.47
4628 4059.45
4637 4059.42
4638 4059.38
4639 4059.37
4650 4059.34
4657 4059.33
4662 4059.22
4672 4059.19
4673 4059.18
4675 4059.16
4680 4059.13
4682 4059.12
4693 4059.09
4697 4059.06
4699 4059.03
4703 4058.96
4708 4058.94
4721 4058.88
4726 4058.83
4730 4058.81
4735 4058.79
4736 4058.71
4737 4058.59
4738 4058.53
4742 4058.5
4744 4058.36
4752 4058.32
4753 4058.31
4759 4058.28
4760 4058.23
4767 4058.21
4773 4058.2
4780 4058.15
4790 4058.08
4793 4058.02
4794 4057.94
4795 4057.91
4801 4057.86
4802 4057.79
4803 4057.74
4804 4057.73
4814 4057.71
4820 4057.62
4822 4057.53
4825 4057.49
4826 4057.47
4829 4057.36
4835 4057.35
4839 4057.29
4844 4057.17
4846 4057.15
4851 4057.14
4853 4057.05
4855 4057.03
4858 4057.02
4859 4056.99
4860 4056.93
4863 4056.92
4867 4056.91
4877 4056.82
4879 4056.8
4884 4056.77
4889 4056.64
4890 4056.63
4891 4056.59
4894 4056.58
4900 4056.44
4910 4056.43
4913 4056.36
4914 4056.28
4919 4056.19
4927 4056.17
4939 4056.15
4941 4056.13
4942 4056.09
4952 4056.06
4955 4055.97
4957 4055.85
4961 4055.84
4962 4055.81
4966 4055.79
4973 4055.73
4991 4055.72
4993 4055.69
4996 4055.66
5005 4055.65
5009 4055.64
5017 4055.58
5021 4055.52
5022 4055.48
5028 4055.33
5031 4055.29
5032 4055.25
5037 4055.24
5039 4055.21
5043 4055.2
5049 4055.17
5061 4055.13
5068 4055.09
5075 4055.04
5097 4055
5104 4054.92
5107 4054.81
5112 4054.75
5116 4054.7
5118 4054.6
5123 4054.52
5124 4054.48
5129 4054.41
5130 4054.37
5139 4054.36
5146 4054.34
5148 4054.2
5153 4054.19
5161 4054.11
5165 4054.01
5166 4053.98
5174 4053.95
5175 4053.92
5190 4053.85
5199 4053.83
5203 4053.82
5225 4053.76
5237 4053.75
5251 4053.72
5252 4053.7
5253 4053.67
5272 4053.66
5278 4053.64
5284 4053.59
5290 4053.57
5296 4053.55
5300 4053.52
5305 4053.48
5308 4053.32
5319 4053.3
5322 4053.26
5333 4053.25
5337 4053.24
5339 4053.23
5345 4053.22
5352 4053.18
5373 4053.17
5376 4053.14
5386 4053.03
5389 4053.01
5392 4052.94
5393 4052.89
5399 4052.75
5401 4052.74
5414 4052.68
5416 4052.64
5421 4052.54
5425 4052.45
5427 4052.41
5429 4052.36
5431 4052.35
5432 4052.31
5438 4052.29
5443 4052.26
5450 4052.24
5451 4052.17
5457 4052.13
5459 4052.09
5460 4052.04
5473 4052.01
5480 4051.99
5485 4051.91
5493 4051.84
5494 4051.81
5497 4051.76
5501 4051.7
5506 4051.67
5515 4051.64
5517 4051.63
5518 4051.62
5520 4051.58
5529 4051.56
5530 4051.55
5534 4051.47
5536 4051.42
5541 4051.41
5542 4051.38
5543 4051.32
5546 4051.3
5551 4051.2
5561 4051.19
5562 4051.18
5571 4051.16
5577 4051.08
5578 4051.03
5581 4050.93
5607 4050.88
5610 4050.86
5612 4050.82
5613 4050.79
5621 4050.76
5623 4050.7
5637 4050.69
5642 4050.64
5646 4050.62
5649 4050.58
5651 4050.57
5657 4050.51
5661 4050.43
5676 4050.39
5696 4050.34
5702 4050.32
5705 4050.29
5722 4050.19
5728 4050.17
5749 4050.14
5752 4050.07
5753 4049.97
5756 4049.96
5759 4049.94
5762 4049.9
5765 4049.88
5774 4049.84
5783 4049.78
5786 4049.72
5797 4049.67
5802 4049.62
5820 4049.61
5822 4049.5
5830 4049.49
5835 4049.41
5836 4049.36
5848 4049.35
5858 4049.29
5861 4049.23
5865 4049.18
5867 4049.17
5875 4049.11
5885 4049.08
5897 4049.06
5898 4049.01
5905 4049
5909 4048.96
5918 4048.94
5919 4048.91
5930 4048.88
5932 4048.82
5933 4048.79
5934 4048.78
5939 4048.77
5942 4048.75
5964 4048.69
5965 4048.68
5970 4048.58
5976 4048.55
5980 4048.51
5984 4048.5
5985 4048.41
5995 4048.37
6003 4048.35
6009 4048.34
6010 4048.29
6013 4048.28
6024 4048.23
6025 4048.22
6028 4048.2
6032 4048.17
6034 4047.97
6037 4047.93
6041 4047.92
6053 4047.84
6066 4047.81
6068 4047.73
6072 4047.59
6074 4047.55
6075 4047.52
6079 4047.5
6082 4047.45
6085 4047.38
6086 4047.37
6087 4047.35
6088 4047.3
6092 4047.29
6098 4047.28
6102 4047.27
6106 4047.22
6107 4047.09
6108 4047.05
6119 4047.01
6120 4046.96
6126 4046.93
6129 4046.88
6132 4046.86
6141 4046.79
6144 4046.68
6149 4046.65
6150 4046.62
6169 4046.59
6171 4046.58
6180 4046.56
6189 4046.54
6190 4046.52
6191 4046.5
6207 4046.49
6208 4046.46
6216 4046.45
6218 4046.3
6219 4046.18
6223 4046.16
6235 4046.13
6241 4046.12
6242 4046.09
6243 4046.07
6250 4046.05
6251 4046.03
6252 4045.98
6258 4045.94
6266 4045.92
6273 4045.82
6276 4045.61
6282 4045.57
6287 4045.55
6297 4045.53
6298 4045.35
6304 4045.32
6314 4045.21
6315 4045.16
6322 4045.13
6329 4045.04
6330 4045.03
6336 4045.01
6339 4044.8
6344 4044.76
6361 4044.74
6362 4044.73
6371 4044.71
6372 4044.6
6377 4044.47
6383 4044.45
6389 4044.36
6393 4044.31
6397 4044.3
6401 4044.1
6403 4044.08
6404 4044.05
6420 4044.04
6431 4043.99
6440 4043.93
6451 4043.91
6455 4043.82
6463 4043.8
6466 4043.71
6473 4043.69
6483 4043.68
6486 4043.65
6488 4043.6
6492 4043.57
6496 4043.55
6509 4043.52
6521 4043.44
6535 4043.42
6536 4043.38
6549 4043.32
6557 4043.29
6581 4043.26
6589 4043.24
6590 4043.22
6591 4043.21
6602 4043.14
6609 4043.12
6613 4043.05
6614 4043.04
6617 4043.03
6621 4042.97
6625 4042.89
6627 4042.73
6634 4042.72
6635 4042.63
6639 4042.56
6653 4042.5
6659 4042.45
6661 4042.4
6662 4042.34
6671 4042.32
6686 4042.29
6706 4042.25
6713 4042.24
6723 4042.16
6724 4042.11
6732 4042.09
6743 4042.06
6779 4041.98
6781 4041.97
6789 4041.9
6798 4041.88
6816 4041.87
6825 4041.84
6829 4041.82
6836 4041.81
6838 4041.8
6841 4041.79
6842 4041.78
6849 4041.77
6850 4041.74
6853 4041.7
6880 4041.69
6887 4041.65
6902 4041.61
6910 4041.51
6915 4041.45
6924 4041.44
6930 4041.36
6931 4041.34
6932 4041.31
6943 4041.26
6979 4041.23
6988 4041.21
7011 4041.19
7013 4041.12
7016 4041.1
7022 4041.09
7036 4041.07
7041 4041.02
7050 4041.01
7076 4041
7080 4040.92
7086 4040.91
7087 4040.84
7112 4040.83
7117 4040.81
7132 4040.8
7135 4040.75
7139 4040.7
7140 4040.69
7148 4040.66
7149 4040.64
7150 4040.57
7159 4040.56
7163 4040.55
7164 4040.51
7182 4040.5
7197 4040.48
7200 4040.47
7204 4040.44
7206 4040.42
7207 4040.39
7213 4040.38
7214 4040.33
7218 4040.29
7219 4040.21
7224 4040.17
7244 4040.11
7248 4040.09
7265 4040.05
7295 4040.02
7299 4039.94
7301 4039.93
7302 4039.92
7305 4039.91
7307 4039.89
7308 4039.87
7339 4039.86
7346 4039.82
7357 4039.81
7358 4039.75
7377 4039.73
7410 4039.65
7418 4039.64
7423 4039.63
7426 4039.59
7427 4039.54
7438 4039.51
7448 4039.47
7453 4039.46
7458 4039.33
7460 4039.3
7484 4039.24
7485 4039.21
7508 4039.2
7520 4039.17
7550 4039.13
7555 4039.1
7579 4039.04
7580 4039.03
7583 4039.02
7595 4039.01
7599 4038.99
7614 4038.93
7623 4038.9
7624 4038.86
7644 4038.85
7646 4038.84
7651 4038.82
7670 4038.8
7685 4038.76
7694 4038.75
7699 4038.68
7708 4038.63
7712 4038.62
7721 4038.58
7727 4038.56
7729 4038.52
7732 4038.51
7733 4038.5
7752 4038.47
7763 4038.41
7777 4038.4
7779 4038.36
7786 4038.35
7804 4038.3
7808 4038.26
7820 4038.23
7821 4038.2
7830 4038.07
7837 4038.05
7843 4037.99
7856 4037.97
7869 4037.96
7879 4037.95
7889 4037.9
7906 4037.87
7911 4037.8
7912 4037.79
7914 4037.73
7919 4037.7
7927 4037.69
7930 4037.62
7931 4037.61
7944 4037.6
7952 4037.59
7959 4037.52
7968 4037.5
7979 4037.41
7980 4037.31
7984 4037.29
7990 4037.21
8002 4037.14
8009 4036.67
8011 4036.61
8019 4036.56
8023 4036.54
8035 4036.5
8047 4036.47
8091 4036.43
8094 4036.42
8117 4036.37
8124 4036.31
8135 4036.25
8145 4036.19
8149 4036.16
8157 4036.13
8176 4036.11
8182 4036.04
8183 4035.99
8186 4035.98
8198 4035.93
8201 4035.92
8210 4035.89
8211 4035.86
8214 4035.84
8228 4035.68
8229 4035.67
8230 4035.65
8238 4035.64
8239 4035.59
8241 4035.52
8245 4035.45
8254 4035.41
8267 4035.4
8281 4035.38
8295 4035.34
8304 4035.28
8316 4035.24
8325 4035.23
8333 4035.18
8348 4035.17
8349 4035.12
8353 4035.08
8400 4035.07
8415 4035.06
8422 4035
8428 4034.99
8438 4034.92
8448 4034.91
8469 4034.88
8483 4034.86
8497 4034.85
8499 4034.84
8516 4034.82
8519 4034.81
8522 4034.78
8530 4034.76
8539 4034.75
8550 4034.73
8558 4034.68
8582 4034.65
8583 4034.6
8594 4034.49
8596 4034.48
8603 4034.47
8637 4034.46
8647 4034.41
8648 4034.34
8651 4034.32
8669 4034.27
8670 4034.24
8687 4034.2
8690 4034.16
8702 4034.11
8705 4034.08
8713 4034.04
8740 4034.01
8744 4034
8748 4033.97
8752 4033.96
8794 4033.88
8796 4033.86
8799 4033.84
8830 4033.83
8837 4033.78
8840 4033.75
8860 4033.74
8901 4033.72
8916 4033.71
8918 4033.68
8920 4033.65
8931 4033.64
8944 4033.55
8948 4033.54
8969 4033.48
8977 4033.38
8988 4033.36
8993 4033.34
9000 4033.31
9032 4033.26
9041 4033.24
9061 4033.23
9081 4033.2
9092 4033.15
9093 4033.11
9100 4033.08
9125 4033.07
9130 4033.06
9133 4033.01
9145 4032.99
9161 4032.91
9166 4032.76
9168 4032.7
9170 4032.67
9174 4032.65
9187 4032.6
9191 4032.59
9202 4032.53
9207 4032.5
9221 4032.47
9228 4032.43
9229 4032.41
9247 4032.4
9254 4032.37
9259 4032.36
9265 4032.32
9268 4032.31
9282 4032.28
9301 4032.2
9322 4032.18
9323 4032.08
9328 4032.06
9361 4032.04
9374 4032.01
9396 4032
9402 4031.99
9417 4031.97
9443 4031.92
9468 4031.9
9472 4031.79
9488 4031.77
9499 4031.71
9516 4031.7
9531 4031.59
9543 4031.54
9547 4031.51
9548 4031.39
9549 4031.38
9553 4031.29
9574 4031.23
9591 4031.22
9594 4031.2
9629 4031.17
9649 4031.15
9650 4031.12
9661 4031.08
9664 4031.01
9681 4030.99
9695 4030.98
9697 4030.96
9721 4030.95
9731 4030.9
9757 4030.84
9758 4030.79
9759 4030.65
9774 4030.62
9780 4030.59
9782 4030.57
9783 4030.53
9789 4030.51
9790 4030.5
9793 4030.48
9804 4030.47
9807 4030.46
9825 4030.44
9837 4030.42
9838 4030.37
9839 4030.35
9862 4030.32
9871 4030.31
9878 4030.23
9886 4030.22
9894 4030.2
9899 4030.19
9914 4030.17
9927 4030.15
9933 4030.09
9944 4030.07
9954 4030.01
9956 4030
9959 4029.91
9965 4029.81
9985 4029.77
9987 4029.68
9993 4029.63
10000 4029.6
10005 4029.57
10012 4029.56
10051 4029.53
10055 4029.44
10058 4029.43
10074 4029.42
10079 4029.35
10084 4029.32
10101 4029.3
10117 4029.13
10118 4029.1
10129 4029.09
10141 4029.05
10169 4029.02
10173 4029
10177 4028.91
10179 4028.87
10189 4028.86
10210 4028.84
10214 4028.79
10255 4028.78
10276 4028.73
10282 4028.71
10293 4028.6
10308 4028.58
10312 4028.57
10335 4028.45
10372 4028.42
10375 4028.37
10381 4028.27
10449 4028.26
10452 4028.21
10460 4028.2
10467 4028.19
10481 4028.17
10487 4028.14
10495 4028.12
10499 4028.06
10505 4028.03
10512 4028.01
10529 4027.98
10533 4027.96
10535 4027.95
10542 4027.85
10565 4027.84
10568 4027.83
10579 4027.8
10627 4027.76
10629 4027.69
10645 4027.68
10651 4027.67
10675 4027.65
10688 4027.64
10696 4027.63
10704 4027.6
10706 4027.59
10717 4027.52
10735 4027.51
10738 4027.47
10744 4027.46
10759 4027.42
10764 4027.35
10786 4027.34
10798 4027.33
10800 4027.27
10822 4027.25
10871 4027.1
10880 4027.08
10893 4027.04
10898 4026.97
10928 4026.96
10966 4026.94
10984 4026.89
11004 4026.87
11018 4026.85
11030 4026.84
11036 4026.82
11055 4026.73
11060 4026.65
11071 4026.64
11100 4026.63
11125 4026.56
11129 4026.54
11149 4026.49
11163 4026.48
11164 4026.45
11212 4026.37
11228 4026.28
11230 4026.27
11331 4026.15
11369 4026.1
11370 4025.98
11373 4025.97
11385 4025.95
11395 4025.91
11401 4025.87
11406 4025.77
11417 4025.76
11429 4025.72
11462 4025.7
11465 4025.69
11480 4025.68
11485 4025.63
11488 4025.59
11501 4025.57
11519 4025.56
11532 4025.55
11540 4025.53
11541 4025.52
11542 4025.48
11546 4025.45
11580 4025.44
11597 4025.4
11628 4025.33
11640 4025.21
11663 4025.19
11671 4025.17
11702 4025.14
11705 4025.11
11765 4025.09
11766 4024.99
11768 4024.96
11771 4024.9
11776 4024.87
11800 4024.86
11816 4024.78
11825 4024.71
11826 4024.7
11848 4024.64
11862 4024.55
11864 4024.5
11870 4024.41
11871 4024.37
11926 4024.31
11933 4024.3
11953 4024.23
11959 4024.22
11962 4024.16
11963 4024.15
11972 4024.13
11975 4024.12
12019 4024.06
12044 4024.05
12079 4024.04
12085 4024.03
12091 4023.98
12111 4023.89
12128 4023.86
12129 4023.83
12136 4023.7
12153 4023.69
12154 4023.67
12159 4023.59
12161 4023.53
12165 4023.49
12167 4023.47
12169 4023.46
12182 4023.41
12185 4023.4
12186 4023.38
12194 4023.34
12199 4023.31
12215 4023.29
12232 4023.27
12233 4023.26
12236 4023.13
12244 4023.11
12249 4023.1
12253 4023.08
12262 4023.07
12279 4023.06
12280 4023.02
12285 4022.99
12289 4022.89
12293 4022.77
12331 4022.76
12346 4022.74
12347 4022.71
12353 4022.69
12370 4022.68
12374 4022.59
12380 4022.53
12402 4022.52
12404 4022.41
12418 4022.3
12426 4022.2
12434 4022.19
12470 4022.18
12489 4022.1
12525 4022.09
12569 4022.04
12577 4021.92
12579 4021.89
12595 4021.88
12606 4021.84
12609 4021.81
12611 4021.78
12612 4021.75
12617 4021.59
12668 4021.58
12734 4021.55
12741 4021.47
12765 4021.45
12769 4021.44
12782 4021.43
12799 4021.41
12808 4021.37
12813 4021.35
12822 4021.33
12853 4021.32
12862 4021.23
12881 4021.21
12898 4021.19
12917 4021.17
12922 4021.14
12926 4021.13
12931 4021.08
13014 4021
13017 4020.97
13071 4020.95
13076 4020.91
13079 4020.89
13086 4020.87
13102 4020.85
13146 4020.83
13164 4020.78
13212 4020.76
13256 4020.72
13262 4020.61
13263 4020.56
13269 4020.55
13305 4020.54
13318 4020.45
13323 4020.44
13440 4020.4
13498 4020.39
13502 4020.35
13546 4020.3
13547 4020.27
13565 4020.2
13642 4020.17
13662 4020.15
13671 4020.11
13678 4020.1
13692 4020.03
13733 4019.99
13736 4019.94
13739 4019.92
13783 4019.89
13789 4019.73
13847 4019.63
13854 4019.57
13862 4019.49
13894 4019.48
13908 4019.42
13913 4019.39
13951 4019.38
13959 4019.37
13961 4019.35
13963 4019.32
14043 4019.31
14068 4019.29
14109 4019.23
14120 4019.18
14126 4019.15
14145 4019.14
14155 4019.12
14158 4019.11
14167 4019.05
14171 4018.96
14176 4018.95
14199 4018.88
14203 4018.82
14282 4018.78
14306 4018.75
14326 4018.73
14390 4018.71
14398 4018.59
14402 4018.58
14403 4018.57
14406 4018.56
14414 4018.55
14415 4018.54
14446 4018.53
14475 4018.5
14495 4018.47
14530 4018.4
14555 4018.39
14556 4018.34
14560 4018.33
14585 4018.27
14609 4018.26
14634 4018.22
14687 4018.06
14699 4018.01
14725 4017.97
14742 4017.92
14745 4017.89
14761 4017.84
14811 4017.83
14813 4017.75
14818 4017.74
14835 4017.73
14836 4017.72
14847 4017.7
14849 4017.68
14878 4017.67
14881 4017.59
14899 4017.56
14918 4017.55
14929 4017.52
14948 4017.51
14950 4017.48
14956 4017.46
14960 4017.41
14971 4017.38
15005 4017.37
15014 4017.36
15042 4017.34
15071 4017.33
15099 4017.28
15131 4017.21
15144 4017.2
15153 4017.11
15179 4017.1
15191 4017.09
15240 4017.08
15251 4017.05
15262 4017.04
15272 4017.03
15290 4016.99
15328 4016.97
15335 4016.93
15353 4016.91
15411 4016.86
15443 4016.85
15448 4016.82
15449 4016.8
15462 4016.77
15519 4016.73
15521 4016.72
15557 4016.67
15562 4016.65
15595 4016.64
15607 4016.61
15610 4016.6
15663 4016.59
15672 4016.58
15673 4016.57
15721 4016.56
15739 4016.54
15740 4016.53
15785 4016.52
15808 4016.51
15824 4016.45
15969 4016.44
16000 4016.41
16018 4016.35
16072 4016.32
16074 4016.31
16080 4016.27
16081 4016.21
16109 4016.17
16138 4016.16
16146 4016.09
16182 4016.08
16225 4016.06
16234 4015.98
16274 4015.88
16284 4015.87
16291 4015.86
16340 4015.8
16369 4015.77
16381 4015.75
16450 4015.66
16457 4015.59
16536 4015.58
16549 4015.57
16598 4015.52
16606 4015.5
16613 4015.49
16615 4015.46
16629 4015.45
16640 4015.43
16715 4015.42
16744 4015.4
16778 4015.36
16800 4015.35
16801 4015.33
16824 4015.32
16828 4015.3
16848 4015.26
16860 4015.24
16895 4015.2
16896 4015.17
16934 4015.15
16997 4015.14
16999 4015.13
17011 4015.1
17068 4014.98
17076 4014.96
17085 4014.87
17108 4014.84
17109 4014.81
17112 4014.77
17117 4014.75
17138 4014.74
17173 4014.71
17186 4014.65
17193 4014.61
17220 4014.57
17222 4014.55
17232 4014.48
17234 4014.43
17255 4014.38
17267 4014.35
17299 4014.33
17312 4014.26
17317 4014.23
17323 4014.2
17334 4014.19
17348 4014.18
17351 4014.14
17359 4014.04
17364 4013.99
17374 4013.97
17386 4013.87
17398 4013.86
17400 4013.81
17417 4013.79
17422 4013.77
17458 4013.72
17462 4013.71
17468 4013.7
17471 4013.66
17472 4013.65
17554 4013.53
17582 4013.5
17642 4013.48
17705 4013.45
17722 4013.43
17755 4013.36
17784 4013.32
17808 4013.3
17813 4013.28
17818 4013.26
17829 4013.14
17835 4013.12
17868 4013.11
17907 4012.98
17919 4012.97
17926 4012.96
17942 4012.84
17956 4012.78
17991 4012.77
18001 4012.73
18015 4012.72
18021 4012.68
18028 4012.64
18037 4012.58
18051 4012.55
18086 4012.53
18088 4012.43
18093 4012.42
18096 4012.37
18141 4012.33
18188 4012.32
18211 4012.24
18221 4012.23
18236 4012.21
18244 4012.2
18273 4012.18
18289 4012.14
18356 4012.09
18379 4012.07
18404 4012.05
18506 4012.04
18616 4012.02
18619 4011.96
18626 4011.93
18666 4011.92
18709 4011.9
18737 4011.89
18885 4011.86
18900 4011.81
18918 4011.8
19025 4011.77
19056 4011.74
19060 4011.69
19073 4011.67
19099 4011.66
19101 4011.64
19161 4011.62
19195 4011.61
19218 4011.57
19251 4011.52
19397 4011.5
19436 4011.48
19444 4011.41
19449 4011.35
19491 4011.34
19520 4011.32
19521 4011.3
19530 4011.29
19555 4011.26
19563 4011.25
19834 4011.23
19891 4011.2
19903 4011.14
19949 4011.12
20010 4011.06
20069 4011.04
20073 4011
20074 4010.94
20100 4010.92
20133 4010.86
20157 4010.82
20178 4010.78
20270 4010.76
20275 4010.74
20333 4010.72
20358 4010.67
20364 4010.64
20406 4010.63
20407 4010.61
20429 4010.52
20443 4010.44
20493 4010.4
20511 4010.39
20524 4010.37
20567 4010.33
20626 4010.28
20673 4010.26
20720 4010.25
20814 4010.19
20815 4010.18
20824 4010.14
20875 4010.08
20884 4010.05
20936 4010.04
20951 4010.03
20980 4010.01
21001 4009.98
21117 4009.92
21119 4009.91
21159 4009.9
21227 4009.88
21241 4009.85
21245 4009.84
21254 4009.83
21324 4009.8
21413 4009.77
21431 4009.75
21472 4009.7
21474 4009.64
21497 4009.63
21543 4009.62
21573 4009.55
21590 4009.53
21607 4009.52
21669 4009.49
21920 4009.48
22070 4009.47
22087 4009.44
22142 4009.4
22146 4009.38
22149 4009.32
22191 4009.26
22207 4009.25
22255 4009.22
22259 4009.2
22264 4009.16
22360 4009.15
22442 4009.14
22477 4009.13
22505 4009.09
22555 4009.05
22588 4008.98
22609 4008.97
22616 4008.91
22619 4008.9
22702 4008.88
22714 4008.85
22725 4008.83
22726 4008.82
22745 4008.75
22776 4008.72
22787 4008.7
22803 4008.69
22829 4008.68
22841 4008.66
22845 4008.64
22869 4008.62
22870 4008.55
22962 4008.54
22970 4008.53
23002 4008.52
23025 4008.5
23038 4008.47
23039 4008.42
23050 4008.41
23070 4008.4
23076 4008.39
23079 4008.36
23142 4008.31
23144 4008.29
23167 4008.28
23200 4008.23
23205 4008.15
23260 4008.14
23265 4008.12
23280 4008.11
23293 4008.05
23302 4008.02
23369 4007.96
23382 4007.93
23489 4007.91
23519 4007.89
23527 4007.86
23532 4007.83
23574 4007.82
23605 4007.73
23623 4007.7
23692 4007.66
23730 4007.65
23746 4007.63
23754 4007.62
23812 4007.61
23846 4007.57
23914 4007.55
24048 4007.51
24105 4007.48
24186 4007.45
24203 4007.43
24211 4007.41
24215 4007.4
24264 4007.39
24274 4007.37
24391 4007.36
24526 4007.34
24541 4007.33
24543 4007.32
24550 4007.29
24551 4007.28
24568 4007.27
24601 4007.26
24627 4007.25
24669 4007.19
24700 4007.18
24710 4007.14
24722 4007.13
24749 4007.12
24759 4007.1
24777 4007.08
24811 4007.06
24860 4007
24872 4006.97
24916 4006.96
24934 4006.94
24978 4006.91
25033 4006.86
25050 4006.85
25075 4006.84
25159 4006.79
25171 4006.75
25178 4006.72
25253 4006.71
25269 4006.67
25285 4006.65
25314 4006.64
25326 4006.63
25347 4006.59
25362 4006.58
25414 4006.57
25477 4006.54
25596 4006.53
25640 4006.51
25646 4006.5
25660 4006.48
25661 4006.46
25678 4006.39
25694 4006.38
25746 4006.37
25794 4006.34
25800 4006.32
25876 4006.31
25933 4006.3
25944 4006.29
25963 4006.27
25970 4006.25
26009 4006.24
26026 4006.22
26031 4006.21
26051 4006.2
26171 4006.18
26175 4006.17
26189 4006.16
26193 4006.13
26238 4006.1
26239 4006.07
26269 4006.06
26274 4006.05
26300 4006.03
26436 4006.01
26442 4005.94
26447 4005.84
26459 4005.83
26464 4005.82
26484 4005.81
26526 4005.8
26567 4005.77
26580 4005.76
26636 4005.72
26639 4005.69
26640 4005.67
26679 4005.66
26724 4005.64
26731 4005.61
26739 4005.59
26759 4005.58
26774 4005.57
26847 4005.56
27046 4005.53
27086 4005.51
27107 4005.5
27112 4005.48
27113 4005.45
27183 4005.43
27209 4005.4
27352 4005.39
27369 4005.32
27379 4005.28
27394 4005.27
27421 4005.24
27574 4005.13
27619 4005.12
27696 4005.11
27699 4005.07
27706 4005.05
27729 4005.04
27738 4004.94
27741 4004.88
27754 4004.87
27767 4004.83
27790 4004.81
27886 4004.72
27889 4004.71
28020 4004.7
28168 4004.69
28217 4004.66
28256 4004.62
28401 4004.58
28403 4004.57
28470 4004.56
28490 4004.44
28501 4004.41
28556 4004.39
28590 4004.37
28624 4004.34
28629 4004.29
28651 4004.21
28668 4004.13
28670 4004.12
28677 4004.09
28733 4004.08
28764 4004.01
28807 4004
28899 4003.98
28909 4003.97
28914 4003.96
28966 4003.94
28999 4003.88
29077 4003.85
29080 4003.84
29105 4003.83
29114 4003.82
29162 4003.78
29224 4003.77
29235 4003.73
29253 4003.71
29277 4003.7
29361 4003.67
29488 4003.65
29602 4003.64
29703 4003.63
29769 4003.6
29770 4003.59
29781 4003.54
29854 4003.53
29860 4003.52
29961 4003.49
30048 4003.47
30101 4003.44
30115 4003.43
30135 4003.41
30206 4003.4
30230 4003.36
30241 4003.35
30247 4003.3
30273 4003.29
30285 4003.2
30534 4003.19
30631 4003.17
30639 4003.1
30643 4003.07
30734 4003.06
30741 4003.04
30790 4003
30805 4002.95
30817 4002.89
30818 4002.88
30820 4002.86
30821 4002.81
30822 4002.58
30848 4002.56
30999 4002.51
31141 4002.49
31293 4002.48
31383 4002.41
31419 4002.39
31478 4002.38
31535 4002.35
31544 4002.28
31609 4002.27
31676 4002.24
31686 4002.23
31698 4002.19
31797 4002.15
31837 4002.14
31856 4002.1
31895 4002.09
31904 4002.05
31984 4002.02
32073 4002
32106 4001.89
32192 4001.87
32292 4001.85
32315 4001.8
32330 4001.79
32364 4001.78
32403 4001.76
32405 4001.67
32478 4001.66
32482 4001.62
32495 4001.59
32562 4001.56
32604 4001.54
32626 4001.5
32635 4001.49
32762 4001.48
32847 4001.46
33024 4001.44
33163 4001.43
33467 4001.4
33638 4001.39
33673 4001.34
33975 4001.31
33983 4001.3
34039 4001.28
34190 4001.26
34450 4001.23
34455 4001.21
34528 4001.2
34585 4001.19
34594 4001.16
34612 4001.12
34668 4001.1
34674 4001.09
34772 4001.06
34964 4001.05
34985 4001.03
35065 4001
35069 4000.96
35091 4000.95
35097 4000.93
35145 4000.91
35166 4000.9
35204 4000.87
35269 4000.85
35292 4000.84
35297 4000.82
35332 4000.81
35337 4000.79
35435 4000.77
35717 4000.72
35741 4000.71
35745 4000.7
35748 4000.64
35780 4000.63
35793 4000.61
35819 4000.52
35868 4000.51
35881 4000.34
35902 4000.28
35910 4000.27
35964 4000.26
36029 4000.25
36104 4000.22
36200 4000.16
36233 4000.15
36239 4000.13
36244 4000.06
36269 4000.01
36430 3999.96
36545 3999.94
36551 3999.93
36599 3999.89
36670 3999.88
36695 3999.87
36808 3999.86
36815 3999.83
36872 3999.8
36877 3999.76
36919 3999.75
36985 3999.69
37000 3999.65
37009 3999.63
37136 3999.62
37148 3999.6
37188 3999.56
37274 3999.53
37414 3999.48
37426 3999.31
37574 3999.29
37638 3999.24
37641 3999.23
37765 3999.21
37884 3999.15
37965 3999.13
37984 3999.12
37985 3999.09
38029 3999.07
38223 3999.04
38243 3999.03
38340 3999.02
38470 3999
38567 3998.99
38623 3998.97
38657 3998.96
38765 3998.91
38780 3998.9
38854 3998.89
38865 3998.87
38884 3998.82
38925 3998.79
38947 3998.72
38990 3998.64
39005 3998.62
39091 3998.59
39118 3998.58
39127 3998.55
39151 3998.54
39160 3998.51
39184 3998.48
39187 3998.43
39188 3998.41
39265 3998.4
39327 3998.39
39365 3998.37
39432 3998.34
39571 3998.33
39593 3998.32
39607 3998.3
39665 3998.28
39852 3998.26
39869 3998.11
40143 3998.09
40207 3998.07
40236 3998.06
40301 3998.05
40303 3998.02
40446 3997.99
40509 3997.98
40542 3997.96
40575 3997.95
40682 3997.88
40725 3997.86
40733 3997.82
40865 3997.77
41146 3997.76
41150 3997.74
41159 3997.7
41170 3997.68
41206 3997.67
41269 3997.57
41311 3997.51
41519 3997.47
41569 3997.46
41601 3997.45
41610 3997.39
41663 3997.37
41946 3997.36
42066 3997.3
42137 3997.29
42138 3997.27
42176 3997.23
42197 3997.14
42270 3997.13
42309 3997.05
42311 3997.03
42365 3996.95
42523 3996.93
42706 3996.9
42711 3996.88
42837 3996.86
42916 3996.82
43059 3996.81
43112 3996.78
43353 3996.74
43535 3996.71
43568 3996.66
44013 3996.62
44110 3996.56
44139 3996.49
44141 3996.48
44238 3996.47
44270 3996.44
44301 3996.41
44357 3996.4
44600 3996.29
44618 3996.28
44631 3996.23
44685 3996.21
44923 3996.16
45030 3996.15
45163 3996.14
45269 3996.13
45278 3996.06
45282 3995.99
45374 3995.97
45565 3995.96
45778 3995.95
45808 3995.94
45895 3995.93
45899 3995.92
46013 3995.91
46032 3995.89
46588 3995.85
46602 3995.83
46633 3995.82
46898 3995.78
47655 3995.76
48035 3995.72
48036 3995.7
48286 3995.66
48303 3995.65
48315 3995.63
48513 3995.61
48607 3995.6
48738 3995.57
48965 3995.51
49249 3995.47
49286 3995.46
49326 3995.45
49389 3995.43
49405 3995.39
49431 3995.38
49685 3995.37
50034 3995.34
50145 3995.31
50207 3995.29
50399 3995.26
50456 3995.22
50675 3995.21
50730 3995.18
50777 3995.17
50801 3995.16
50846 3995.15
50939 3995.14
51038 3995.11
51129 3995.05
51131 3995.04
51186 3995.02
51202 3995.01
51433 3995
51454 3994.99
51529 3994.94
51560 3994.9
51686 3994.82
51729 3994.8
51769 3994.76
51854 3994.74
51936 3994.69
52213 3994.67
52611 3994.63
52646 3994.62
52737 3994.6
53210 3994.59
53218 3994.58
53513 3994.57
53592 3994.55
53962 3994.54
54039 3994.52
54140 3994.49
54157 3994.42
54160 3994.39
54176 3994.38
54244 3994.36
54248 3994.28
54269 3994.24
54342 3994.23
54454 3994.16
54532 3994.13
54572 3994.1
54754 3994.09
54808 3994.06
54987 3994.02
54992 3994.01
55478 3993.95
55611 3993.93
55915 3993.9
56195 3993.86
56353 3993.85
56403 3993.73
56482 3993.71
56803 3993.7
56865 3993.69
56873 3993.62
56899 3993.59
56954 3993.56
57022 3993.54
57050 3993.42
57490 3993.4
57747 3993.35
57854 3993.34
57913 3993.33
57951 3993.25
58000 3993.21
58030 3993.15
58309 3993.13
58392 3993.12
58475 3993.1
58557 3993.06
58710 3993.05
59002 3993.03
59211 3993.01
59602 3992.95
59786 3992.91
60292 3992.9
60435 3992.89
60440 3992.88
60927 3992.85
61274 3992.82
61604 3992.78
61657 3992.76
62373 3992.7
62986 3992.68
63369 3992.66
64695 3992.65
65143 3992.6
65238 3992.58
65304 3992.49
65305 3992.43
65364 3992.42
65509 3992.38
65590 3992.33
65808 3992.29
65918 3992.22
66008 3992.13
66150 3992.11
66528 3992.09
66724 3992.04
66743 3991.92
66870 3991.91
67007 3991.88
67019 3991.83
67405 3991.64
67647 3991.63
67679 3991.62
67687 3991.6
67772 3991.56
67801 3991.53
68369 3991.52
68562 3991.49
68663 3991.48
68797 3991.44
69033 3991.42
69058 3991.4
69397 3991.38
69470 3991.36
69575 3991.33
69685 3991.29
69737 3991.25
70249 3991.23
70538 3991.19
70846 3991.18
70969 3991.17
70977 3991.1
70994 3991.08
71001 3991.07
71096 3991.06
71331 3991.03
71388 3991.02
71642 3991
71696 3990.98
71810 3990.97
72056 3990.93
72250 3990.9
72663 3990.89
72754 3990.86
72892 3990.83
72969 3990.8
73034 3990.67
73271 3990.66
73654 3990.64
73695 3990.61
74299 3990.6
74445 3990.59
74581 3990.58
74648 3990.52
74693 3990.48
74713 3990.45
74813 3990.44
74825 3990.43
74833 3990.4
74913 3990.33
74922 3990.31
74940 3990.29
74947 3990.28
74999 3990.25
75005 3990.24
75046 3990.21
75164 3990.15
75374 3990.14
75572 3990.09
75588 3990.05
76296 3990
76710 3989.98
76738 3989.97
76768 3989.94
76770 3989.93
76786 3989.92
76907 3989.87
77067 3989.82
77091 3989.81
77096 3989.8
77221 3989.77
77469 3989.74
77573 3989.72
77973 3989.71
78301 3989.66
78654 3989.59
78782 3989.57
79024 3989.5
79617 3989.49
79698 3989.48
79927 3989.44
80120 3989.38
80827 3989.31
81114 3989.3
81211 3989.23
81279 3989.21
81285 3989.16
81288 3989.15
81545 3989.11
81608 3989.07
81784 3988.98
82068 3988.93
82480 3988.9
82554 3988.84
82748 3988.82
82938 3988.81
82947 3988.77
82966 3988.74
83069 3988.73
83108 3988.7
83241 3988.66
83381 3988.65
83542 3988.64
83796 3988.61
84139 3988.58
84723 3988.53
84771 3988.48
84856 3988.45
85228 3988.43
85712 3988.42
85813 3988.41
85948 3988.37
86132 3988.36
86178 3988.34
86214 3988.33
86353 3988.31
86431 3988.28
86463 3988.24
86538 3988.22
86737 3988.2
87399 3988.14
87437 3988.11
88365 3988.1
88460 3988.07
88829 3988.05
88871 3988.02
88910 3987.95
89291 3987.94
89332 3987.93
89361 3987.9
89505 3987.84
89621 3987.83
90571 3987.78
90857 3987.76
91003 3987.72
91873 3987.71
92047 3987.69
92201 3987.66
92367 3987.62
92369 3987.61
92626 3987.6
92629 3987.59
92776 3987.58
92894 3987.57
94544 3987.52
95819 3987.51
96380 3987.43
96644 3987.42
96973 3987.4
98989 3987.38
99129 3987.37
99610 3987.32
99790 3987.28
100337 3987.27
100632 3987.24
100683 3987.23
101064 3987.21
101233 3987.18
101452 3987.16
101578 3987.15
101721 3987.05
101768 3987.03
101908 3987.01
102031 3986.99
102037 3986.98
102087 3986.96
102129 3986.94
102183 3986.92
102193 3986.88
102215 3986.8
102275 3986.75
102429 3986.73
102442 3986.68
102465 3986.67
102906 3986.64
102921 3986.56
102922 3986.5
102941 3986.44
102988 3986.41
104299 3986.31
105310 3986.29
105536 3986.28
107311 3986.27
107727 3986.26
107755 3986.24
107787 3986.21
109265 3986.19
109501 3986.18
109820 3986.12
109911 3986.09
109930 3985.99
109984 3985.94
110057 3985.93
110185 3985.92
110331 3985.91
110438 3985.83
111021 3985.82
111837 3985.73
112208 3985.69
112409 3985.68
112838 3985.66
113242 3985.65
114082 3985.64
114085 3985.62
115343 3985.57
116059 3985.54
116203 3985.48
116270 3985.46
116315 3985.45
116846 3985.44
117415 3985.42
117647 3985.41
118376 3985.31
118576 3985.29
118896 3985.27
119072 3985.25
119097 3985.23
119183 3985.21
119244 3985.2
119327 3985.18
120127 3985.16
120802 3985.13
120993 3985.12
121345 3985.11
121666 3985.1
121670 3985.07
121826 3985.06
121839 3985.02
122814 3985.01
123651 3985
124020 3984.97
124032 3984.96
124118 3984.95
125224 3984.88
125232 3984.86
125577 3984.84
125841 3984.8
126277 3984.79
126670 3984.76
127975 3984.73
128314 3984.72
128433 3984.69
128563 3984.67
128649 3984.6
129961 3984.57
130168 3984.56
130329 3984.51
131802 3984.47
132683 3984.46
132764 3984.4
134320 3984.39
134688 3984.37
134708 3984.32
134859 3984.31
134962 3984.3
135114 3984.24
135129 3984.19
135650 3984.13
135928 3984.11
136445 3984.1
137020 3984.09
137173 3984.08
137209 3984.07
138018 3984.06
139312 3984.02
139342 3984.01
139971 3983.98
142242 3983.97
143434 3983.96
143492 3983.92
143611 3983.88
144917 3983.86
145563 3983.85
145623 3983.84
146061 3983.8
146471 3983.78
146561 3983.77
147671 3983.72
147766 3983.64
148019 3983.62
148456 3983.61
148915 3983.6
149984 3983.45
150313 3983.44
150469 3983.42
150490 3983.41
150510 3983.39
150519 3983.37
150619 3983.32
150658 3983.31
150799 3983.28
150980 3983.26
151504 3983.19
151610 3983.17
152114 3983.05
152234 3983.02
152503 3983.01
153057 3982.99
153528 3982.98
153836 3982.97
154290 3982.94
154572 3982.92
155363 3982.85
155469 3982.84
156390 3982.82
157814 3982.81
158690 3982.8
159001 3982.78
159727 3982.76
160415 3982.75
160474 3982.74
160573 3982.7
160582 3982.68
160659 3982.66
161006 3982.63
161505 3982.58
161632 3982.53
161654 3982.52
161934 3982.51
162655 3982.48
163033 3982.46
163214 3982.45
163270 3982.43
164957 3982.4
169512 3982.38
169702 3982.34
169894 3982.33
169941 3982.29
172788 3982.28
179073 3982.22
179793 3982.17
179816 3982.16
179985 3982.12
180506 3982.1
186703 3982.07
188739 3982.04
189324 3981.98
189353 3981.97
189786 3981.95
190458 3981.9
191921 3981.87
194046 3981.84
195205 3981.81
195452 3981.78
197118 3981.77
197177 3981.76
198154 3981.74
198180 3981.73
198281 3981.72
198363 3981.69
199263 3981.61
200010 3981.6
200097 3981.58
201068 3981.51
202952 3981.47
204315 3981.46
204870 3981.43
205161 3981.4
205363 3981.38
205730 3981.35
208038 3981.34
209278 3981.33
209548 3981.24
216065 3981.21
216452 3981.2
216570 3981.19
216681 3981.15
216783 3981.12
220935 3981.09
221029 3981.08
221223 3981.06
221729 3981.05
222316 3981.04
222331 3981.02
222934 3980.96
223927 3980.94
224364 3980.89
225375 3980.85
225529 3980.79
225639 3980.76
225992 3980.75
227873 3980.73
228984 3980.72
229133 3980.69
231556 3980.64
232488 3980.58
234583 3980.56
235708 3980.54
236310 3980.5
236545 3980.49
236857 3980.48
237142 3980.46
237243 3980.44
238215 3980.4
239545 3980.33
239826 3980.31
240288 3980.3
240663 3980.27
240888 3980.25
241026 3980.24
244889 3980.14
245129 3980.13
245617 3980.12
249204 3980.06
254068 3980.02
257109 3980.01
257859 3979.99
257890 3979.96
258508 3979.94
260677 3979.92
261120 3979.9
261338 3979.84
262441 3979.82
264353 3979.78
264900 3979.75
265175 3979.73
266066 3979.7
266498 3979.69
267514 3979.68
267557 3979.67
267815 3979.65
272041 3979.61
272202 3979.6
279999 3979.59
280092 3979.5
280465 3979.49
281289 3979.45
282780 3979.44
283640 3979.43
283668 3979.4
283925 3979.39
284078 3979.36
284398 3979.34
284771 3979.32
285264 3979.3
286009 3979.29
286285 3979.28
286930 3979.23
287024 3979.19
287894 3979.17
288386 3979.16
288674 3979.13
289079 3979.11
289498 3979.09
289715 3979.07
289857 3979.05
291434 3979.03
292260 3978.98
292885 3978.97
294644 3978.92
295867 3978.89
298931 3978.85
299354 3978.83
299395 3978.8
299784 3978.76
302090 3978.75
303774 3978.74
314134 3978.71
316064 3978.67
316197 3978.66
316896 3978.64
316905 3978.62
317565 3978.53
317902 3978.52
317944 3978.46
318082 3978.43
318106 3978.42
318108 3978.38
318387 3978.37
318411 3978.34
318854 3978.33
318992 3978.32
319883 3978.31
320018 3978.3
320077 3978.26
320187 3978.24
320315 3978.23
320359 3978.22
321313 3978.2
321350 3978.15
321366 3978.14
324232 3978.1
324533 3978.08
324967 3978.05
325099 3978.03
325319 3977.97
325586 3977.93
331095 3977.92
331629 3977.91
331799 3977.87
332155 3977.86
332504 3977.8
343274 3977.79
350709 3977.77
352757 3977.72
353170 3977.7
353801 3977.68
354534 3977.67
360649 3977.64
373437 3977.59
375649 3977.58
375846 3977.57
376816 3977.51
377415 3977.5
378661 3977.48
379567 3977.47
379810 3977.44
381283 3977.43
382378 3977.41
383009 3977.4
383554 3977.36
383616 3977.34
383913 3977.26
384548 3977.23
384615 3977.22
384909 3977.19
385655 3977.17
385962 3977.15
387446 3977.14
388459 3977.06
398110 3977.05
400610 3977.03
411633 3977.02
411679 3977.01
411789 3976.94
411815 3976.91
412326 3976.88
412437 3976.86
412698 3976.85
412743 3976.84
413285 3976.83
414556 3976.77
415613 3976.75
417224 3976.74
418274 3976.73
419208 3976.72
439167 3976.71
442385 3976.7
443048 3976.62
443114 3976.61
443214 3976.55
443327 3976.54
443550 3976.53
443562 3976.5
444540 3976.48
444609 3976.39
444937 3976.36
445181 3976.32
445445 3976.3
445559 3976.28
445920 3976.24
453188 3976.21
454804 3976.19
455763 3976.17
456197 3976.15
457354 3976.14
462759 3976.1
469010 3976.09
469276 3976.08
470838 3976.07
473391 3976
474965 3975.94
474970 3975.89
480992 3975.88
482370 3975.87
483357 3975.86
485184 3975.83
485501 3975.8
486543 3975.79
500967 3975.78
501290 3975.77
501671 3975.75
503327 3975.72
503990 3975.7
504140 3975.69
506319 3975.68
506503 3975.66
512466 3975.64
515959 3975.63
516029 3975.62
516298 3975.61
519995 3975.6
520801 3975.59
525257 3975.58
532664 3975.55
561363 3975.54
562845 3975.51
563292 3975.47
565676 3975.46
570846 3975.43
571484 3975.42
571599 3975.38
572261 3975.36
572562 3975.3
577499 3975.26
579658 3975.22
581371 3975.21
583611 3975.18
583768 3975.17
584318 3975.14
585409 3975.11
586103 3975.07
607111 3975.06
614867 3975.05
616085 3975.04
620040 3975.03
623640 3975.01
624671 3975
629463 3974.97
658526 3974.94
660570 3974.91
661376 3974.88
698583 3974.87
752079 3974.84
752081 3974.75
753070 3974.72
753651 3974.71
753670 3974.68
754248 3974.64
762419 3974.62
762989 3974.61
763200 3974.6
763575 3974.59
766274 3974.58
768049 3974.56
774392 3974.54
775483 3974.51
812118 3974.5
827363 3974.36
853755 3974.35
872454 3974.34
882634 3974.31
989787 3974.3
990181 3974.29
991830 3974.28
996369 3974.26
996782 3974.19
997288 3974.17
998782 3974.15
999281 3974.11
1001477 3974.1
1022871 3974.09
1027601 3974.08
1074842 3974.06
1082820 3974.03
1086753 3974.01
1086916 3973.99
1087653 3973.97
1088674 3973.96
1090479 3973.95
1112490 3973.89
