512 0.50391431
1024 0.50800992
1536 0.51182519
2048 0.51541418
2560 0.51886187
3072 0.5221618
3584 0.52533531
4096 0.52841587
4608 0.53140763
5120 0.53432363
5632 0.53716881
6144 0.53993867
6656 0.54266201
7168 0.54534853
7680 0.54795275
8192 0.55050357
8704 0.55300532
9216 0.55546601
9728 0.55787572
10240 0.56024483
10752 0.56257588
11264 0.56485957
11776 0.56709943
12288 0.56932777
12800 0.57153143
13312 0.57372104
13824 0.57587016
14336 0.57798588
14848 0.58006078
15360 0.58209951
15872 0.58409424
16384 0.58608014
16896 0.58802085
17408 0.58994621
17920 0.59183336
18432 0.59370085
18944 0.59553304
19456 0.59736331
19968 0.59916491
20480 0.60093026
20992 0.60270526
21504 0.60443712
22016 0.60612424
22528 0.60781725
23040 0.60945763
23552 0.61108207
24064 0.61273205
24576 0.61436745
25088 0.61597254
25600 0.61751315
26112 0.61905812
26624 0.62059771
27136 0.62208886
27648 0.62355825
28160 0.62503254
28672 0.62647145
29184 0.62791968
29696 0.62930184
30208 0.63066011
30720 0.63199869
31232 0.63332804
31744 0.6346746
32256 0.63599362
32768 0.6372978
33280 0.6385507
33792 0.63980906
34304 0.6410744
34816 0.64231513
35328 0.64353831
35840 0.6447673
36352 0.64594792
36864 0.64708712
37376 0.64826444
37888 0.6494482
38400 0.6505621
38912 0.65169305
39424 0.65282971
39936 0.65390394
40448 0.65500415
40960 0.65605008
41472 0.65709248
41984 0.6581327
42496 0.65914412
43008 0.66019823
43520 0.661223
44032 0.66220326
44544 0.66315566
45056 0.66409939
45568 0.66508156
46080 0.66602159
46592 0.66694823
47104 0.66785062
47616 0.66877821
48128 0.6696732
48640 0.67057915
49152 0.67145514
49664 0.67236383
50176 0.67321478
50688 0.6740441
51200 0.67489342
51712 0.67569717
52224 0.67650525
52736 0.67729966
53248 0.67809292
53760 0.67885427
54272 0.6796643
54784 0.68047977
55296 0.68122502
55808 0.68196221
56320 0.6827226
56832 0.68347685
57344 0.68415869
57856 0.6848545
58368 0.68560788
58880 0.68630735
59392 0.68702266
59904 0.68766594
60416 0.68830815
60928 0.68894803
61440 0.68960805
61952 0.6902216
62464 0.69084596
62976 0.69142912
63488 0.69201879
64000 0.69260138
64512 0.69315445
65024 0.69368977
65536 0.69425425
66048 0.69479306
66560 0.69534871
67072 0.69586843
67584 0.69639738
68096 0.69692155
68608 0.69745752
69120 0.6979639
69632 0.69845012
70144 0.69893656
70656 0.69945739
71168 0.69994782
71680 0.70046811
72192 0.700963
72704 0.70143555
73216 0.70193103
73728 0.70235178
74240 0.70283912
74752 0.70323992
75264 0.7036718
75776 0.70411592
76288 0.704554
76800 0.70498678
77312 0.70539217
77824 0.70582402
78336 0.70621056
78848 0.70659708
79360 0.70693235
79872 0.7072522
80384 0.70768052
80896 0.70804977
81408 0.70842304
81920 0.70873294
82432 0.70905108
82944 0.70937412
83456 0.70973283
83968 0.71012525
84480 0.71045853
84992 0.71080504
85504 0.71108603
86016 0.71146505
86528 0.71179433
87040 0.71209216
87552 0.7123657
88064 0.71260886
88576 0.71288804
89088 0.71319404
89600 0.71347512
90112 0.71376375
90624 0.71399032
91136 0.71424681
91648 0.71445515
92160 0.71467705
92672 0.71489087
93184 0.71514004
93696 0.71540129
94208 0.7155446
94720 0.71569934
95232 0.71591094
95744 0.71606279
96256 0.71618115
96768 0.71633461
97280 0.7164806
97792 0.71660675
98304 0.71672734
98816 0.71682693
99328 0.71695324
99840 0.71703637
100352 0.71709214
100864 0.71716201
101376 0.71719804
101888 0.71722841
102400 0.71729078
102912 0.71731076
103424 0.7173597
103936 0.71740575
104448 0.71741692
104960 0.71743564
105472 0.71743674
105984 0.71743759
106496 0.717444
107008 0.71744684
107520 0.71744854
108032 0.71744878
108544 0.71744893
109056 0.71744903
109568 0.71744911
