0 0.479518
512 0.483839
1024 0.487536
1536 0.49112
2048 0.494457
2560 0.497786
3072 0.500971
3584 0.503969
4096 0.506808
4608 0.509645
5120 0.512428
5632 0.515178
6144 0.517924
6656 0.520574
7168 0.524179
7680 0.526803
8192 0.529406
8704 0.532004
9216 0.534563
9728 0.537089
10240 0.539538
10752 0.541975
11264 0.544381
11776 0.546759
12288 0.549129
12800 0.551492
13312 0.553758
13824 0.556021
14336 0.558229
14848 0.560572
15360 0.562758
15872 0.564902
16384 0.567035
16896 0.569137
17408 0.571232
17920 0.573326
18432 0.57535
18944 0.577343
19456 0.579773
19968 0.581739
20480 0.5837
20992 0.586478
21504 0.588418
22016 0.590332
22528 0.592241
23040 0.594145
23552 0.595988
24064 0.599765
24576 0.601541
25088 0.603275
25600 0.604948
26112 0.606565
26624 0.608175
27136 0.60978
27648 0.611378
28160 0.612961
28672 0.614516
29184 0.616065
29696 0.617612
30208 0.619214
30720 0.620737
31232 0.62225
31744 0.623758
32256 0.625204
32768 0.626645
33280 0.628071
33792 0.629455
34304 0.630758
34816 0.632038
35328 0.633311
35840 0.634575
36352 0.635809
36864 0.637034
37376 0.638243
37888 0.640937
38400 0.642328
38912 0.643533
39424 0.645742
39936 0.646934
40448 0.648102
40960 0.649257
41472 0.650412
41984 0.651547
42496 0.652666
43008 0.653747
43520 0.654816
44032 0.655872
44544 0.656928
45056 0.657963
45568 0.658994
46080 0.660014
46592 0.660999
47104 0.662955
47616 0.663931
48128 0.664888
48640 0.665824
49152 0.666723
49664 0.667608
50176 0.668486
50688 0.669349
51200 0.670851
51712 0.67171
52224 0.672566
52736 0.673379
53248 0.674191
53760 0.674994
54272 0.675779
54784 0.676562
55296 0.677343
55808 0.678116
56320 0.678842
56832 0.679936
57344 0.680641
57856 0.681343
58368 0.68204
58880 0.682726
59392 0.683394
59904 0.684034
60416 0.684663
60928 0.685237
61440 0.686405
61952 0.686972
62464 0.687538
62976 0.688104
63488 0.689183
64000 0.689744
64512 0.6903
65024 0.690851
65536 0.691393
66048 0.69193
66560 0.692451
67072 0.693149
67584 0.693665
68096 0.694541
68608 0.69519
69120 0.695679
69632 0.696153
70144 0.696571
70656 0.697165
71168 0.698396
71680 0.698933
72192 0.699348
72704 0.699729
73216 0.700098
73728 0.700441
74240 0.701741
74752 0.702083
75264 0.702424
75776 0.702748
76288 0.703056
76800 0.703349
77312 0.70364
77824 0.70392
78336 0.704181
78848 0.704424
79360 0.704659
79872 0.705217
80384 0.706493
80896 0.707848
81408 0.708434
81920 0.708662
82432 0.708879
82944 0.709085
83456 0.709261
83968 0.70942
84480 0.709562
84992 0.709704
85504 0.709856
86016 0.710321
86528 0.710436
87040 0.710988
87552 0.711187
88064 0.711299
88576 0.711408
89088 0.711511
89600 0.711604
90112 0.711696
90624 0.711905
91136 0.711994
91648 0.712083
92160 0.71217
92672 0.712234
93184 0.712298
93696 0.715356
94208 0.715419
94720 0.715481
95232 0.715526
95744 0.71556
96256 0.716019
96768 0.716948
97280 0.718014
97792 0.71804
98304 0.718055
98816 0.718067
99328 0.718074
99840 0.71808
