0 0.481168
512 0.486782
1024 0.492103
1536 0.497022
2048 0.501502
2560 0.505968
3072 0.510402
3584 0.514497
4096 0.518239
4608 0.521864
5120 0.525409
5632 0.528844
6144 0.531995
6656 0.535118
7168 0.537824
7680 0.54053
8192 0.543174
8704 0.545769
9216 0.548346
9728 0.550903
10240 0.553458
10752 0.555988
11264 0.558514
11776 0.561035
12288 0.563543
12800 0.566047
13312 0.568426
13824 0.570776
14336 0.573097
14848 0.575407
15360 0.577701
15872 0.579993
16384 0.582253
16896 0.584479
17408 0.587592
17920 0.589786
18432 0.591911
18944 0.593953
19456 0.59597
19968 0.597978
20480 0.59998
20992 0.602276
21504 0.604214
22016 0.606137
22528 0.608041
23040 0.609846
23552 0.611642
24064 0.613376
24576 0.615099
25088 0.616817
25600 0.618495
26112 0.620134
26624 0.621739
27136 0.623671
27648 0.625265
28160 0.626858
28672 0.628426
29184 0.629889
29696 0.631338
30208 0.632752
30720 0.634158
31232 0.635519
31744 0.636834
32256 0.638097
32768 0.639346
33280 0.640589
33792 0.64182
34304 0.643047
34816 0.644511
35328 0.645726
35840 0.646919
36352 0.64811
36864 0.649257
37376 0.650368
37888 0.651474
38400 0.652555
38912 0.653632
39424 0.655035
39936 0.656465
40448 0.657516
40960 0.658547
41472 0.65957
41984 0.660558
42496 0.661531
43008 0.662479
43520 0.663417
44032 0.664354
44544 0.665274
45056 0.666176
45568 0.667658
46080 0.668553
46592 0.669426
47104 0.670295
47616 0.67116
48128 0.672575
48640 0.674265
49152 0.675397
49664 0.676243
50176 0.677072
50688 0.677902
51200 0.67893
51712 0.679714
52224 0.680498
52736 0.681249
53248 0.682
53760 0.682732
54272 0.683446
54784 0.684144
55296 0.685037
55808 0.68573
56320 0.68639
56832 0.68704
57344 0.687682
57856 0.688321
58368 0.688956
58880 0.689583
59392 0.69093
59904 0.691559
60416 0.692165
60928 0.692735
61440 0.693278
61952 0.693794
62464 0.694303
62976 0.694804
63488 0.695293
64000 0.69577
64512 0.696229
65024 0.696778
65536 0.697416
66048 0.698045
66560 0.698502
67072 0.698958
67584 0.699407
68096 0.699851
68608 0.700335
69120 0.700974
69632 0.701817
70144 0.702355
70656 0.702782
71168 0.703268
71680 0.703693
72192 0.704107
72704 0.704518
73216 0.704911
73728 0.705491
74240 0.705881
74752 0.706239
75264 0.706596
75776 0.707538
76288 0.707879
76800 0.708208
77312 0.708535
77824 0.708858
78336 0.709173
78848 0.709481
79360 0.710054
79872 0.710346
80384 0.710626
80896 0.710905
81408 0.711181
81920 0.711435
82432 0.711661
82944 0.711877
83456 0.71371
83968 0.71389
84480 0.71407
84992 0.714245
85504 0.714399
86016 0.714544
86528 0.715626
87040 0.715767
87552 0.715898
88064 0.716021
88576 0.716558
89088 0.716668
89600 0.716765
90112 0.716845
90624 0.71692
91136 0.716984
91648 0.717398
92160 0.718128
92672 0.718188
93184 0.718649
93696 0.718697
94208 0.718742
94720 0.718746
