0 0.49446
512 0.49844
1024 0.502384
1536 0.506276
2048 0.509986
2560 0.513161
3072 0.51629
3584 0.519331
4096 0.522354
4608 0.525309
5120 0.528116
5632 0.530822
6144 0.533519
6656 0.536186
7168 0.538789
7680 0.541387
8192 0.544107
8704 0.546676
9216 0.549141
9728 0.551578
10240 0.554011
10752 0.55644
11264 0.558837
11776 0.561336
12288 0.563725
12800 0.566041
13312 0.568268
13824 0.570437
14336 0.572549
14848 0.574615
15360 0.576663
15872 0.578703
16384 0.580735
16896 0.582761
17408 0.584777
17920 0.586786
18432 0.588718
18944 0.590649
19456 0.592572
19968 0.594471
20480 0.596338
20992 0.598163
21504 0.600938
22016 0.602693
22528 0.604444
23040 0.606176
23552 0.608155
24064 0.609863
24576 0.61155
25088 0.613211
25600 0.61483
26112 0.616438
26624 0.618032
27136 0.619609
27648 0.621174
28160 0.622665
28672 0.624326
29184 0.625802
29696 0.627204
30208 0.628592
30720 0.629935
31232 0.631268
31744 0.6326
32256 0.633914
32768 0.635215
33280 0.636491
33792 0.637641
34304 0.638787
34816 0.639932
35328 0.641399
35840 0.642544
36352 0.643689
36864 0.644826
37376 0.645953
37888 0.647057
38400 0.648151
38912 0.649226
39424 0.650295
39936 0.651352
40448 0.653031
40960 0.654086
41472 0.65512
41984 0.656154
42496 0.657177
43008 0.658195
43520 0.6592
44032 0.660317
44544 0.661314
45056 0.662271
45568 0.663194
46080 0.664331
46592 0.665236
47104 0.666136
47616 0.667009
48128 0.667871
48640 0.668727
49152 0.669571
49664 0.670413
50176 0.671248
50688 0.672229
51200 0.673061
51712 0.673877
52224 0.67465
52736 0.675402
53248 0.676152
53760 0.676892
54272 0.677629
54784 0.678365
55296 0.679097
55808 0.679827
56320 0.680546
56832 0.681261
57344 0.682691
57856 0.683404
58368 0.684101
58880 0.684777
59392 0.685453
59904 0.686095
60416 0.68672
60928 0.687395
61440 0.688004
61952 0.688594
62464 0.689183
62976 0.689771
63488 0.690402
64000 0.690984
64512 0.691539
65024 0.692077
65536 0.692614
66048 0.693149
66560 0.693678
67072 0.694523
67584 0.695374
68096 0.69649
68608 0.69744
69120 0.698
69632 0.698526
70144 0.69902
70656 0.701728
71168 0.702657
71680 0.703117
72192 0.703572
72704 0.704012
73216 0.70513
73728 0.705555
74240 0.705976
74752 0.706393
75264 0.70679
75776 0.708105
76288 0.709192
76800 0.709578
77312 0.709958
77824 0.710334
78336 0.710701
78848 0.71105
79360 0.711375
79872 0.711731
80384 0.712038
80896 0.712326
81408 0.712569
81920 0.712809
82432 0.713081
82944 0.71329
83456 0.713497
83968 0.713704
84480 0.713911
84992 0.7141
85504 0.714279
86016 0.714455
86528 0.714628
87040 0.715414
87552 0.716199
88064 0.716369
88576 0.716535
89088 0.716694
89600 0.716835
90112 0.716919
90624 0.716987
91136 0.717045
91648 0.717194
92160 0.717927
92672 0.718115
93184 0.718457
93696 0.718549
94208 0.718963
94720 0.719013
95232 0.719535
95744 0.71958
96256 0.719624
96768 0.719732
97280 0.719826
97792 0.719859
98304 0.720473
98816 0.720499
99328 0.720514
99840 0.720524
100352 0.721057
100864 0.721152
101376 0.72116
