0 0.492407
512 0.496663
1024 0.500843
1536 0.504783
2048 0.508637
2560 0.512029
3072 0.515404
3584 0.518673
4096 0.521923
4608 0.524986
5120 0.527911
5632 0.530784
6144 0.533566
6656 0.536264
7168 0.538942
7680 0.541535
8192 0.544105
8704 0.546571
9216 0.548933
9728 0.551257
10240 0.553564
10752 0.555869
11264 0.558149
11776 0.56025
12288 0.562333
12800 0.564384
13312 0.566378
13824 0.568366
14336 0.570331
14848 0.572294
15360 0.574233
15872 0.576542
16384 0.57848
16896 0.580286
17408 0.582088
17920 0.583811
18432 0.585837
18944 0.587547
19456 0.589257
19968 0.590958
20480 0.592565
20992 0.594422
21504 0.596016
22016 0.597592
22528 0.599153
23040 0.600695
23552 0.602228
24064 0.603756
24576 0.605283
25088 0.606791
25600 0.608288
26112 0.610432
26624 0.611924
27136 0.613414
27648 0.614892
28160 0.61735
28672 0.618953
29184 0.620411
29696 0.622015
30208 0.623416
30720 0.624816
31232 0.626217
31744 0.627528
32256 0.628809
32768 0.630085
33280 0.631351
33792 0.632594
34304 0.633837
34816 0.635068
35328 0.636288
35840 0.637482
36352 0.638666
36864 0.639849
37376 0.641029
37888 0.642155
38400 0.643215
38912 0.644257
39424 0.64529
39936 0.646308
40448 0.647325
40960 0.648308
41472 0.649331
41984 0.650311
42496 0.651283
43008 0.652231
43520 0.653173
44032 0.654238
44544 0.655183
45056 0.656102
45568 0.657017
46080 0.65793
46592 0.658837
47104 0.659736
47616 0.660629
48128 0.661513
48640 0.662394
49152 0.663263
49664 0.66413
50176 0.664993
50688 0.665834
51200 0.666928
51712 0.668159
52224 0.668996
52736 0.66983
53248 0.670721
53760 0.671523
54272 0.672308
54784 0.673086
55296 0.673849
55808 0.674613
56320 0.676379
56832 0.677401
57344 0.678145
57856 0.67889
58368 0.679611
58880 0.680325
59392 0.681038
59904 0.681716
60416 0.682382
60928 0.683032
61440 0.68421
61952 0.684853
62464 0.68549
62976 0.686133
63488 0.686754
64000 0.687501
64512 0.688101
65024 0.68869
65536 0.689265
66048 0.689824
66560 0.690453
67072 0.691008
67584 0.691804
68096 0.692354
68608 0.692897
69120 0.693416
69632 0.694138
70144 0.694645
70656 0.695141
71168 0.695752
71680 0.696239
72192 0.696722
72704 0.697182
73216 0.697638
73728 0.698086
74240 0.699234
74752 0.699676
75264 0.700116
75776 0.701234
76288 0.701664
76800 0.702081
77312 0.702487
77824 0.702865
78336 0.703242
78848 0.703606
79360 0.703964
79872 0.70507
80384 0.705761
80896 0.706116
81408 0.706466
81920 0.706888
82432 0.707688
82944 0.708031
83456 0.709036
83968 0.709356
84480 0.710541
84992 0.710841
85504 0.711134
86016 0.712253
86528 0.712546
87040 0.712822
87552 0.71443
88064 0.7147
88576 0.714947
89088 0.715185
89600 0.71539
90112 0.715543
90624 0.715683
91136 0.715812
91648 0.716486
92160 0.716608
92672 0.716723
93184 0.716839
93696 0.716953
94208 0.717045
94720 0.717134
95232 0.717215
95744 0.71729
96256 0.71736
96768 0.717419
97280 0.71747
97792 0.718028
98304 0.718073
98816 0.718113
99328 0.718138
99840 0.719373
100352 0.719387
100864 0.721738
101376 0.721746
