0 0.512018
512 0.51639
1024 0.520332
1536 0.523962
2048 0.527237
2560 0.530458
3072 0.533673
3584 0.53684
4096 0.53999
4608 0.542917
5120 0.545777
5632 0.548568
6144 0.551236
6656 0.553867
7168 0.556378
7680 0.558871
8192 0.561356
8704 0.563778
9216 0.566024
9728 0.56825
10240 0.570366
10752 0.572476
11264 0.574568
11776 0.576626
12288 0.578644
12800 0.580638
13312 0.582605
13824 0.584713
14336 0.586676
14848 0.588638
15360 0.590554
15872 0.592462
16384 0.594322
16896 0.596149
17408 0.597865
17920 0.599562
18432 0.601235
18944 0.602898
19456 0.604535
19968 0.606161
20480 0.60778
20992 0.609376
21504 0.610953
22016 0.612513
22528 0.614052
23040 0.615584
23552 0.617096
24064 0.618598
24576 0.620098
25088 0.621563
25600 0.622916
26112 0.624265
26624 0.625561
27136 0.62722
27648 0.629818
28160 0.631131
28672 0.632394
29184 0.633652
29696 0.634875
30208 0.636096
30720 0.637289
31232 0.63848
31744 0.63966
32256 0.640804
32768 0.641941
33280 0.64306
33792 0.644176
34304 0.64526
34816 0.646519
35328 0.64757
35840 0.648605
36352 0.649636
36864 0.650632
37376 0.651616
37888 0.652579
38400 0.653541
38912 0.654551
39424 0.656178
39936 0.657137
40448 0.658094
40960 0.659041
41472 0.659984
41984 0.660911
42496 0.661821
43008 0.662709
43520 0.66359
44032 0.664836
44544 0.665715
45056 0.666571
45568 0.66742
46080 0.66826
46592 0.669098
47104 0.669924
47616 0.67092
48128 0.671703
48640 0.67257
49152 0.673335
49664 0.674083
50176 0.675031
50688 0.676461
51200 0.677205
51712 0.679247
52224 0.679968
52736 0.680682
53248 0.681384
53760 0.682076
54272 0.682759
54784 0.683421
55296 0.684077
55808 0.68529
56320 0.686529
56832 0.687185
57344 0.687836
57856 0.688487
58368 0.689136
58880 0.689778
59392 0.690416
59904 0.691042
60416 0.69166
60928 0.692419
61440 0.693425
61952 0.69403
62464 0.694626
62976 0.695206
63488 0.69578
64000 0.696798
64512 0.697335
65024 0.698307
65536 0.698849
66048 0.699385
66560 0.700687
67072 0.701203
67584 0.70171
68096 0.702205
68608 0.702686
69120 0.703783
69632 0.704254
70144 0.704682
70656 0.705109
71168 0.705535
71680 0.706084
72192 0.706673
72704 0.70763
73216 0.708532
73728 0.708957
74240 0.709372
74752 0.710402
75264 0.710803
75776 0.711194
76288 0.711572
76800 0.711945
77312 0.712295
77824 0.712636
78336 0.712966
78848 0.713274
79360 0.713573
79872 0.713861
80384 0.714209
80896 0.714467
81408 0.715494
81920 0.715859
82432 0.716102
82944 0.716841
83456 0.717076
83968 0.717309
84480 0.717958
84992 0.719127
85504 0.720308
86016 0.720581
86528 0.720909
87040 0.721112
87552 0.721311
88064 0.72149
88576 0.721649
89088 0.721804
89600 0.72307
90112 0.723761
90624 0.724032
91136 0.724184
91648 0.72433
92160 0.725084
92672 0.725229
93184 0.726311
93696 0.726445
94208 0.726576
94720 0.727757
95232 0.728614
95744 0.72874
96256 0.728855
96768 0.728952
97280 0.729039
97792 0.730105
98304 0.730331
98816 0.730418
99328 0.73109
99840 0.731222
100352 0.731308
100864 0.731392
101376 0.731423
101888 0.731438
102400 0.731447
102912 0.731451
