0 0.502139
512 0.507094
1024 0.510996
1536 0.51485
2048 0.518071
2560 0.521254
3072 0.524399
3584 0.527478
4096 0.530554
4608 0.533532
5120 0.536443
5632 0.539249
6144 0.542016
6656 0.544727
7168 0.547256
7680 0.549745
8192 0.552191
8704 0.554581
9216 0.557252
9728 0.559627
10240 0.561809
10752 0.56395
11264 0.566023
11776 0.56808
12288 0.570068
12800 0.572013
13312 0.573945
13824 0.576541
14336 0.578389
14848 0.580228
15360 0.581997
15872 0.583753
16384 0.585508
16896 0.587188
17408 0.588851
17920 0.590485
18432 0.592116
18944 0.594337
19456 0.595937
19968 0.597518
20480 0.599057
20992 0.600591
21504 0.603152
22016 0.604669
22528 0.606165
23040 0.60766
23552 0.609135
24064 0.610566
24576 0.611991
25088 0.613392
25600 0.614792
26112 0.616183
26624 0.617571
27136 0.618954
27648 0.620335
28160 0.621702
28672 0.623057
29184 0.6244
29696 0.62574
30208 0.627056
30720 0.628365
31232 0.62965
31744 0.630883
32256 0.632075
32768 0.633267
33280 0.634457
33792 0.635641
34304 0.636793
34816 0.637943
35328 0.639091
35840 0.640237
36352 0.64136
36864 0.642458
37376 0.643549
37888 0.644594
38400 0.645633
38912 0.64667
39424 0.647701
39936 0.648725
40448 0.649743
40960 0.650758
41472 0.651767
41984 0.652721
42496 0.653906
43008 0.654844
43520 0.655769
44032 0.656692
44544 0.657607
45056 0.658512
45568 0.659412
46080 0.660309
46592 0.66119
47104 0.662324
47616 0.664041
48128 0.665672
48640 0.666549
49152 0.667421
49664 0.668267
50176 0.669109
50688 0.669945
51200 0.670773
51712 0.671592
52224 0.672405
52736 0.67319
53248 0.673974
53760 0.674755
54272 0.675526
54784 0.676295
55296 0.67706
55808 0.677767
56320 0.678475
56832 0.679142
57344 0.679803
57856 0.6804
58368 0.680989
58880 0.68157
59392 0.682118
59904 0.682685
60416 0.683222
60928 0.683734
61440 0.684236
61952 0.684714
62464 0.685178
62976 0.685638
63488 0.686684
64000 0.687719
64512 0.688176
65024 0.688622
65536 0.689057
66048 0.689481
66560 0.689902
67072 0.690316
67584 0.690723
68096 0.691119
68608 0.691607
69120 0.691986
69632 0.692365
70144 0.692738
70656 0.693107
71168 0.693826
71680 0.694364
72192 0.694727
72704 0.695085
73216 0.69544
73728 0.695779
74240 0.696085
74752 0.696765
75264 0.697048
75776 0.697328
76288 0.698727
76800 0.699001
77312 0.700203
77824 0.700474
78336 0.70074
78848 0.700987
79360 0.701282
79872 0.701518
80384 0.701736
80896 0.701947
81408 0.702157
81920 0.702359
82432 0.70263
82944 0.702811
83456 0.703588
83968 0.703765
84480 0.705005
84992 0.70518
85504 0.705348
86016 0.70551
86528 0.705639
87040 0.705886
87552 0.706038
88064 0.706142
88576 0.706216
89088 0.708098
89600 0.708955
90112 0.709651
90624 0.70991
91136 0.710051
91648 0.710115
92160 0.710164
92672 0.710687
93184 0.710727
93696 0.71075
94208 0.710765
94720 0.710768
95232 0.712115
