0 0.514786
512 0.518685
1024 0.522279
1536 0.525829
2048 0.529232
2560 0.532546
3072 0.535698
3584 0.538749
4096 0.54168
4608 0.545016
5120 0.547854
5632 0.550668
6144 0.553426
6656 0.556087
7168 0.558681
7680 0.561198
8192 0.56365
8704 0.566041
9216 0.568423
9728 0.570799
10240 0.57317
10752 0.575529
11264 0.577871
11776 0.580105
12288 0.582314
12800 0.584519
13312 0.586712
13824 0.588839
14336 0.591096
14848 0.593197
15360 0.595283
15872 0.597286
16384 0.599743
16896 0.601742
17408 0.603736
17920 0.605644
18432 0.607541
18944 0.609376
19456 0.611209
19968 0.613034
20480 0.614839
20992 0.616612
21504 0.618324
22016 0.619986
22528 0.62163
23040 0.623262
23552 0.625074
24064 0.626699
24576 0.628307
25088 0.62987
25600 0.631387
26112 0.632876
26624 0.634348
27136 0.63576
27648 0.638492
28160 0.639903
28672 0.641301
29184 0.64264
29696 0.643965
30208 0.645692
30720 0.646978
31232 0.648209
31744 0.649441
32256 0.651961
32768 0.653192
33280 0.654402
33792 0.655529
34304 0.656642
34816 0.658629
35328 0.659728
35840 0.660736
36352 0.661674
36864 0.662585
37376 0.664255
37888 0.665165
38400 0.666057
38912 0.666943
39424 0.667815
39936 0.668666
40448 0.669487
40960 0.670813
41472 0.671742
41984 0.672654
42496 0.673481
43008 0.67428
43520 0.675101
44032 0.675891
44544 0.676681
45056 0.67785
45568 0.67903
46080 0.679815
46592 0.680599
47104 0.681456
47616 0.682239
48128 0.682988
48640 0.683732
49152 0.684549
49664 0.685293
50176 0.686036
50688 0.686834
51200 0.687712
51712 0.688434
52224 0.689139
52736 0.689841
53248 0.690525
53760 0.691184
54272 0.691807
54784 0.692412
55296 0.693
55808 0.693536
56320 0.694715
56832 0.695236
57344 0.69574
57856 0.696224
58368 0.69747
58880 0.697944
59392 0.69865
59904 0.699115
60416 0.699571
60928 0.699976
61440 0.700672
61952 0.701139
62464 0.701529
62976 0.701915
63488 0.7023
64000 0.702674
64512 0.703042
65024 0.703386
65536 0.703715
66048 0.70404
66560 0.704354
67072 0.705129
67584 0.705816
68096 0.706123
68608 0.706422
69120 0.706703
69632 0.706977
70144 0.707856
70656 0.70905
71168 0.709324
71680 0.709651
72192 0.70991
72704 0.710162
73216 0.710408
73728 0.710643
74240 0.710867
74752 0.712049
75264 0.712268
75776 0.712485
76288 0.712698
76800 0.712909
77312 0.713306
77824 0.713631
78336 0.713829
78848 0.714018
79360 0.714195
79872 0.71437
80384 0.714544
80896 0.714711
81408 0.714875
81920 0.715267
82432 0.715411
82944 0.716493
83456 0.716615
83968 0.716733
84480 0.716842
84992 0.717462
85504 0.717556
86016 0.717643
86528 0.717721
87040 0.717794
87552 0.717858
88064 0.717911
88576 0.717961
89088 0.718483
89600 0.71853
90112 0.71921
90624 0.719254
91136 0.719295
91648 0.719329
92160 0.71936
92672 0.719382
93184 0.719405
93696 0.720461
94208 0.720482
94720 0.720496
95232 0.721359
95744 0.722623
96256 0.722632
96768 0.722635
97280 0.723226
97792 0.723807
