0 0.496288
512 0.501419
1024 0.5065
1536 0.510932
2048 0.514254
2560 0.517464
3072 0.520646
3584 0.52377
4096 0.526833
4608 0.529651
5120 0.532327
5632 0.535002
6144 0.537582
6656 0.540151
7168 0.542707
7680 0.545195
8192 0.547677
8704 0.550056
9216 0.552791
9728 0.555119
10240 0.557387
10752 0.559632
11264 0.561818
11776 0.563988
12288 0.566156
12800 0.568289
13312 0.570414
13824 0.572877
14336 0.574986
14848 0.577802
15360 0.579828
15872 0.581832
16384 0.583776
16896 0.585654
17408 0.587529
17920 0.590226
18432 0.592068
18944 0.5939
19456 0.595821
19968 0.597628
20480 0.599409
20992 0.601161
21504 0.602939
22016 0.604689
22528 0.606428
23040 0.608391
23552 0.610102
24064 0.611763
24576 0.6134
25088 0.614996
25600 0.616535
26112 0.61806
26624 0.621081
27136 0.623127
27648 0.624553
28160 0.625978
28672 0.627291
29184 0.628681
29696 0.629975
30208 0.631264
30720 0.632532
31232 0.633733
31744 0.634891
32256 0.636927
32768 0.638085
33280 0.639234
33792 0.640379
34304 0.64152
34816 0.642621
35328 0.643692
35840 0.644753
36352 0.645773
36864 0.646784
37376 0.647762
37888 0.649186
38400 0.65016
38912 0.651111
39424 0.652623
39936 0.653702
40448 0.654652
40960 0.655563
41472 0.656448
41984 0.65733
42496 0.658189
43008 0.659045
43520 0.659894
44032 0.66074
44544 0.661553
45056 0.66234
45568 0.663117
46080 0.664694
46592 0.665468
47104 0.666238
47616 0.667006
48128 0.667751
48640 0.668489
49152 0.66987
49664 0.67059
50176 0.671302
50688 0.672014
51200 0.672717
51712 0.673416
52224 0.674871
52736 0.675558
53248 0.676539
53760 0.677223
54272 0.677899
54784 0.678572
55296 0.679243
55808 0.68025
56320 0.680909
56832 0.681561
57344 0.682203
57856 0.682842
58368 0.683814
58880 0.684441
59392 0.685038
59904 0.685628
60416 0.686217
60928 0.686803
61440 0.687356
61952 0.688422
62464 0.68897
62976 0.689513
63488 0.690048
64000 0.690576
64512 0.691101
65024 0.691996
65536 0.693282
66048 0.693805
66560 0.694325
67072 0.695023
67584 0.695544
68096 0.696063
68608 0.696567
69120 0.697068
69632 0.69758
70144 0.698077
70656 0.699035
71168 0.699523
71680 0.700001
72192 0.700907
72704 0.701325
73216 0.701726
73728 0.702117
74240 0.702884
74752 0.703263
75264 0.703627
75776 0.703968
76288 0.704308
76800 0.705166
77312 0.705473
77824 0.705764
78336 0.706049
78848 0.706316
79360 0.706579
79872 0.706831
80384 0.707082
80896 0.70732
81408 0.70774
81920 0.708807
82432 0.709335
82944 0.709723
83456 0.709947
83968 0.710156
84480 0.710364
84992 0.710569
85504 0.710748
86016 0.710923
86528 0.71109
87040 0.711249
87552 0.711364
88064 0.711576
88576 0.71164
89088 0.711666
89600 0.712769
90112 0.712795
90624 0.71282
91136 0.713091
91648 0.713174
92160 0.713197
92672 0.713377
93184 0.713741
93696 0.713961
94208 0.713965
