0 0.489449
512 0.493889
1024 0.498072
1536 0.502119
2048 0.506392
2560 0.510393
3072 0.514039
3584 0.517605
4096 0.521051
4608 0.524458
5120 0.527815
5632 0.531161
6144 0.534463
6656 0.537641
7168 0.54075
7680 0.543814
8192 0.546813
8704 0.549726
9216 0.552639
9728 0.555275
10240 0.557828
10752 0.560332
11264 0.562769
11776 0.565203
12288 0.567611
12800 0.569963
13312 0.572263
13824 0.574509
14336 0.576749
14848 0.578982
15360 0.581212
15872 0.583366
16384 0.585492
16896 0.587617
17408 0.589712
17920 0.591768
18432 0.593765
18944 0.595762
19456 0.597745
19968 0.599673
20480 0.601574
20992 0.60345
21504 0.605309
22016 0.607002
22528 0.608674
23040 0.610319
23552 0.612175
24064 0.613813
24576 0.61543
25088 0.617031
25600 0.618618
26112 0.620175
26624 0.621706
27136 0.623195
27648 0.624677
28160 0.626117
28672 0.627547
29184 0.628928
29696 0.630687
30208 0.632065
30720 0.633414
31232 0.634745
31744 0.636076
32256 0.637367
32768 0.638606
33280 0.639798
33792 0.640966
34304 0.642481
34816 0.644431
35328 0.645571
35840 0.646675
36352 0.64777
36864 0.648848
37376 0.650711
37888 0.65178
38400 0.652837
38912 0.653893
39424 0.654947
39936 0.655977
40448 0.657007
40960 0.658003
41472 0.658994
41984 0.660239
42496 0.661187
43008 0.662134
43520 0.663079
44032 0.6642
44544 0.665138
45056 0.666051
45568 0.666947
46080 0.66824
46592 0.669212
47104 0.670102
47616 0.670969
48128 0.671828
48640 0.672671
49152 0.673492
49664 0.674272
50176 0.675051
50688 0.675825
51200 0.676575
51712 0.677833
52224 0.678578
52736 0.679317
53248 0.680048
53760 0.680769
54272 0.681472
54784 0.682449
55296 0.683204
55808 0.684382
56320 0.685279
56832 0.685977
57344 0.686754
57856 0.687451
58368 0.68814
58880 0.688814
59392 0.68948
59904 0.690145
60416 0.691019
60928 0.691683
61440 0.692334
61952 0.692973
62464 0.693596
62976 0.694215
63488 0.695705
64000 0.696842
64512 0.697459
65024 0.698072
65536 0.698651
66048 0.699216
66560 0.699767
67072 0.700316
67584 0.700863
68096 0.701384
68608 0.702929
69120 0.703627
69632 0.704134
70144 0.70463
70656 0.70524
71168 0.705736
71680 0.70623
72192 0.706712
72704 0.70716
73216 0.707657
73728 0.708102
74240 0.708531
74752 0.708957
75264 0.709368
75776 0.709758
76288 0.71061
76800 0.710999
77312 0.711384
77824 0.711762
78336 0.712139
78848 0.712507
79360 0.712872
79872 0.71322
80384 0.713562
80896 0.713962
81408 0.714268
81920 0.71451
82432 0.714712
82944 0.714983
83456 0.715181
83968 0.715351
84480 0.715875
84992 0.716035
85504 0.716408
86016 0.71654
86528 0.716663
87040 0.716778
87552 0.716891
88064 0.71705
88576 0.71716
89088 0.717269
89600 0.717358
90112 0.717445
90624 0.71753
91136 0.71761
91648 0.71769
92160 0.717751
92672 0.717804
93184 0.717854
93696 0.717971
94208 0.718053
94720 0.71905
95232 0.719098
95744 0.719131
96256 0.719739
96768 0.719768
97280 0.719783
97792 0.719787
