0 0.506599
512 0.510288
1024 0.513391
1536 0.51646
2048 0.519497
2560 0.52245
3072 0.525322
3584 0.528128
4096 0.530904
4608 0.533669
5120 0.53643
5632 0.539161
6144 0.541844
6656 0.54448
7168 0.547027
7680 0.549562
8192 0.552094
8704 0.554601
9216 0.557631
9728 0.560128
10240 0.562603
10752 0.565022
11264 0.567344
11776 0.569644
12288 0.571802
12800 0.573878
13312 0.575953
13824 0.578007
14336 0.580058
14848 0.5821
15360 0.584101
15872 0.586064
16384 0.588012
16896 0.589918
17408 0.592171
17920 0.594071
18432 0.595898
18944 0.597707
19456 0.599503
19968 0.601266
20480 0.603026
20992 0.60478
21504 0.606505
22016 0.608228
22528 0.609931
23040 0.611622
23552 0.613384
24064 0.615061
24576 0.616735
25088 0.619933
25600 0.62157
26112 0.623198
26624 0.624801
27136 0.626694
27648 0.628228
28160 0.629723
28672 0.6312
29184 0.632654
29696 0.63517
30208 0.636583
30720 0.637988
31232 0.639393
31744 0.640784
32256 0.642164
32768 0.643892
33280 0.645247
33792 0.646602
34304 0.647949
34816 0.649294
35328 0.65062
35840 0.651905
36352 0.653157
36864 0.654362
37376 0.655563
37888 0.656762
38400 0.657843
38912 0.658913
39424 0.659937
39936 0.660929
40448 0.661887
40960 0.662825
41472 0.66376
41984 0.664678
42496 0.665578
43008 0.666472
43520 0.667344
44032 0.668447
44544 0.669314
45056 0.670176
45568 0.671029
46080 0.671865
46592 0.672691
47104 0.673687
47616 0.674507
48128 0.675327
48640 0.676144
49152 0.676955
49664 0.677752
50176 0.678546
50688 0.679331
51200 0.680115
51712 0.680899
52224 0.681681
52736 0.682383
53248 0.683072
53760 0.683726
54272 0.685878
54784 0.688049
55296 0.688701
55808 0.689348
56320 0.689979
56832 0.690607
57344 0.691206
57856 0.691787
58368 0.692344
58880 0.693409
59392 0.693941
59904 0.694457
60416 0.695931
60928 0.696445
61440 0.696953
61952 0.697449
62464 0.697926
62976 0.698394
63488 0.698821
64000 0.699239
64512 0.699645
65024 0.700046
65536 0.700414
66048 0.700767
66560 0.701084
67072 0.701526
67584 0.702469
68096 0.703167
68608 0.70398
69120 0.704623
69632 0.705013
70144 0.705982
70656 0.706679
71168 0.707451
71680 0.707758
72192 0.708063
72704 0.708352
73216 0.708921
73728 0.709464
74240 0.70975
74752 0.71047
75264 0.710908
75776 0.711185
76288 0.711468
76800 0.711745
77312 0.712017
77824 0.71227
78336 0.712514
78848 0.713407
79360 0.713871
79872 0.714109
80384 0.714345
80896 0.714575
81408 0.714801
81920 0.715061
82432 0.715279
82944 0.715489
83456 0.717208
83968 0.717407
84480 0.717594
84992 0.717775
85504 0.718571
86016 0.718737
86528 0.718899
87040 0.719054
87552 0.719201
88064 0.720317
88576 0.720425
89088 0.720513
89600 0.720611
90112 0.720697
90624 0.720916
91136 0.720998
91648 0.721078
92160 0.721128
92672 0.72165
93184 0.721697
93696 0.722377
94208 0.722423
94720 0.722445
95232 0.723502
95744 0.723522
96256 0.723532
