0 0.488128
512 0.494347
1024 0.499088
1536 0.503101
2048 0.507046
2560 0.51083
3072 0.514553
3584 0.517569
4096 0.520524
4608 0.523473
5120 0.526397
5632 0.529305
6144 0.532179
6656 0.535023
7168 0.537827
7680 0.54046
8192 0.543876
8704 0.546424
9216 0.548923
9728 0.551383
10240 0.553784
10752 0.55613
11264 0.558474
11776 0.560765
12288 0.563014
12800 0.565261
13312 0.567488
13824 0.569684
14336 0.571751
14848 0.573816
15360 0.575864
15872 0.577858
16384 0.57985
16896 0.581812
17408 0.583673
17920 0.58553
18432 0.587314
18944 0.589081
19456 0.590837
19968 0.592578
20480 0.594301
20992 0.596008
21504 0.597705
22016 0.599394
22528 0.601048
23040 0.602685
23552 0.604272
24064 0.605881
24576 0.607419
25088 0.608909
25600 0.61039
26112 0.611845
26624 0.613288
27136 0.614709
27648 0.61608
28160 0.617646
28672 0.619002
29184 0.621514
29696 0.622816
30208 0.624355
30720 0.625641
31232 0.626926
31744 0.628173
32256 0.629364
32768 0.630504
33280 0.631637
33792 0.632755
34304 0.633849
34816 0.634937
35328 0.636011
35840 0.637067
36352 0.638173
36864 0.639193
37376 0.640209
37888 0.641186
38400 0.642161
38912 0.643107
39424 0.644257
39936 0.645779
40448 0.647344
40960 0.648277
41472 0.649177
41984 0.650205
42496 0.651061
43008 0.652722
43520 0.65357
44032 0.654808
44544 0.655652
45056 0.656467
45568 0.658896
46080 0.659706
46592 0.660512
47104 0.661591
47616 0.662388
48128 0.663136
48640 0.66388
49152 0.664613
49664 0.665328
50176 0.66603
50688 0.66672
51200 0.6674
51712 0.66808
52224 0.668754
52736 0.669427
53248 0.670098
53760 0.670759
54272 0.671419
54784 0.672078
55296 0.672715
55808 0.673349
56320 0.674819
56832 0.675497
57344 0.67612
57856 0.676737
58368 0.677321
58880 0.677902
59392 0.678473
59904 0.679044
60416 0.679606
60928 0.680311
61440 0.680837
61952 0.681598
62464 0.682222
62976 0.682734
63488 0.68323
64000 0.6837
64512 0.684471
65024 0.684936
65536 0.685395
66048 0.685851
66560 0.6863
67072 0.686747
67584 0.688269
68096 0.689141
68608 0.690053
69120 0.690495
69632 0.690964
70144 0.691708
70656 0.692206
71168 0.692642
71680 0.693043
72192 0.693442
72704 0.693831
73216 0.694218
73728 0.694592
74240 0.695377
74752 0.695734
75264 0.696087
75776 0.69663
76288 0.696999
76800 0.697328
77312 0.697651
77824 0.697936
78336 0.698924
78848 0.699201
79360 0.699466
79872 0.699721
80384 0.699973
80896 0.700223
81408 0.700465
81920 0.700701
82432 0.700908
82944 0.701109
83456 0.701652
83968 0.701967
84480 0.702276
84992 0.702965
85504 0.70375
86016 0.703996
86528 0.704422
87040 0.704612
87552 0.704792
88064 0.704967
88576 0.705121
89088 0.705271
89600 0.705413
90112 0.705554
90624 0.705694
91136 0.705827
91648 0.705956
92160 0.706203
92672 0.706355
93184 0.706478
93696 0.706589
94208 0.706698
94720 0.706793
95232 0.706879
95744 0.707337
96256 0.707962
96768 0.708043
97280 0.708122
97792 0.708199
98304 0.708574
98816 0.709135
99328 0.709246
99840 0.70931
100352 0.709372
100864 0.70943
101376 0.710045
101888 0.710091
102400 0.710132
102912 0.710168
103424 0.710625
103936 0.710925
104448 0.711253
104960 0.711268
105472 0.711274
