0 0.514545
512 0.518552
1024 0.522034
1536 0.525482
2048 0.528611
2560 0.531674
3072 0.534698
3584 0.537656
4096 0.540558
4608 0.543382
5120 0.54617
5632 0.548879
6144 0.551584
6656 0.554266
7168 0.556942
7680 0.55958
8192 0.562045
8704 0.564494
9216 0.567097
9728 0.569516
10240 0.571928
10752 0.574305
11264 0.576549
11776 0.578774
12288 0.580981
12800 0.583106
13312 0.585208
13824 0.587263
14336 0.589258
14848 0.591165
15360 0.593069
15872 0.594973
16384 0.596846
16896 0.598707
17408 0.600565
17920 0.602373
18432 0.604166
18944 0.605944
19456 0.607694
19968 0.60944
20480 0.61118
20992 0.612909
21504 0.614561
22016 0.616163
22528 0.617733
23040 0.619312
23552 0.62087
24064 0.622428
24576 0.623951
25088 0.62547
25600 0.626982
26112 0.628453
26624 0.629918
27136 0.631373
27648 0.632803
28160 0.634211
28672 0.635594
29184 0.636971
29696 0.638325
30208 0.639675
30720 0.641
31232 0.642262
31744 0.643493
32256 0.644682
32768 0.645867
33280 0.647048
33792 0.648212
34304 0.649375
34816 0.650696
35328 0.651837
35840 0.652968
36352 0.654088
36864 0.655206
37376 0.65632
37888 0.657431
38400 0.658512
38912 0.659575
39424 0.660609
39936 0.661639
40448 0.662669
40960 0.663688
41472 0.664704
41984 0.66571
42496 0.666679
43008 0.667625
43520 0.66857
44032 0.669456
44544 0.67033
45056 0.671203
45568 0.672
46080 0.672797
46592 0.673594
47104 0.674384
47616 0.675169
48128 0.675942
48640 0.676705
49152 0.677671
49664 0.679766
50176 0.680526
50688 0.68127
51200 0.682299
51712 0.68321
52224 0.683945
52736 0.684656
53248 0.68564
53760 0.686335
54272 0.687015
54784 0.687661
55296 0.689271
55808 0.690603
56320 0.691236
56832 0.691841
57344 0.692445
57856 0.693025
58368 0.693605
58880 0.694294
59392 0.694856
59904 0.695409
60416 0.696059
60928 0.696585
61440 0.697849
61952 0.699111
62464 0.699761
62976 0.700412
63488 0.70093
64000 0.701443
64512 0.701934
65024 0.702423
65536 0.702908
66048 0.703353
66560 0.703778
67072 0.704193
67584 0.705049
68096 0.705746
68608 0.70616
69120 0.706571
69632 0.706957
70144 0.707337
70656 0.707706
71168 0.708066
71680 0.708407
72192 0.708732
72704 0.709047
73216 0.709781
73728 0.710088
74240 0.710394
74752 0.710693
75264 0.710981
75776 0.711266
76288 0.712254
76800 0.712525
77312 0.712745
77824 0.712917
78336 0.713077
78848 0.71322
79360 0.713345
79872 0.713462
80384 0.713577
80896 0.713682
81408 0.713779
81920 0.714316
82432 0.714405
82944 0.714486
83456 0.714556
83968 0.714624
84480 0.714686
84992 0.714748
85504 0.715826
86016 0.716499
86528 0.716679
87040 0.71672
87552 0.716737
