0 0.510408
512 0.515374
1024 0.519298
1536 0.523183
2048 0.527039
2560 0.530857
3072 0.533987
3584 0.536909
4096 0.539807
4608 0.542542
5120 0.545258
5632 0.547867
6144 0.550457
6656 0.553045
7168 0.555625
7680 0.558038
8192 0.560425
8704 0.562801
9216 0.565171
9728 0.567512
10240 0.569843
10752 0.572136
11264 0.574407
11776 0.576667
12288 0.578921
12800 0.581168
13312 0.583408
13824 0.585617
14336 0.587761
14848 0.58987
15360 0.59197
15872 0.594
16384 0.595947
16896 0.597827
17408 0.599691
17920 0.601533
18432 0.60347
18944 0.605298
19456 0.607102
19968 0.608883
20480 0.610657
20992 0.612304
21504 0.613938
22016 0.615558
22528 0.617166
23040 0.618773
23552 0.620588
24064 0.622159
24576 0.623724
25088 0.62547
25600 0.62699
26112 0.628506
26624 0.630406
27136 0.631918
27648 0.633413
28160 0.63484
28672 0.636786
29184 0.638575
29696 0.639997
30208 0.641401
30720 0.642721
31232 0.644034
31744 0.645343
32256 0.646631
32768 0.647853
33280 0.649063
33792 0.650683
34304 0.651875
34816 0.653187
35328 0.654371
35840 0.655538
36352 0.656705
36864 0.657822
37376 0.658893
37888 0.659949
38400 0.661005
38912 0.662029
39424 0.663052
39936 0.664026
40448 0.664956
40960 0.665868
41472 0.666763
41984 0.667649
42496 0.668521
43008 0.669384
43520 0.670213
44032 0.671033
44544 0.671849
45056 0.672656
45568 0.673447
46080 0.67423
46592 0.675097
47104 0.675877
47616 0.67665
48128 0.677419
48640 0.678173
49152 0.678895
49664 0.680649
50176 0.681733
50688 0.682387
51200 0.68304
51712 0.683674
52224 0.684296
52736 0.685389
53248 0.68629
53760 0.687374
54272 0.688057
54784 0.688674
55296 0.689434
55808 0.690023
56320 0.690602
56832 0.691176
57344 0.691714
57856 0.69279
58368 0.693327
58880 0.69386
59392 0.694375
59904 0.694864
60416 0.695342
60928 0.695772
61440 0.6962
61952 0.696713
62464 0.698757
62976 0.699619
63488 0.700046
64000 0.700463
64512 0.700878
65024 0.701949
65536 0.702354
66048 0.702742
66560 0.703947
67072 0.704329
67584 0.704708
68096 0.70508
68608 0.705449
69120 0.705816
69632 0.70618
70144 0.706538
70656 0.706893
71168 0.70749
71680 0.707844
72192 0.708188
72704 0.708531
73216 0.708818
73728 0.709096
74240 0.709369
74752 0.709629
75264 0.709884
75776 0.710469
76288 0.710723
76800 0.710973
77312 0.711657
77824 0.711905
78336 0.712135
78848 0.712353
79360 0.712569
79872 0.712831
80384 0.713039
80896 0.713246
81408 0.713444
81920 0.713636
82432 0.713826
82944 0.714007
83456 0.714161
83968 0.71428
84480 0.714946
84992 0.715057
85504 0.715162
86016 0.71552
86528 0.716239
87040 0.71693
87552 0.717105
88064 0.717191
88576 0.717259
89088 0.717314
89600 0.717369
90112 0.717781
90624 0.717834
91136 0.717885
91648 0.717929
92160 0.717964
92672 0.71856
93184 0.718577
93696 0.718723
94208 0.719505
94720 0.719514
