0 0.503989
512 0.507881
1024 0.511667
1536 0.515365
2048 0.518915
2560 0.522463
3072 0.525704
3584 0.528902
4096 0.532058
4608 0.53505
5120 0.537976
5632 0.54086
6144 0.543632
6656 0.546384
7168 0.548976
7680 0.551663
8192 0.554241
8704 0.556712
9216 0.559096
9728 0.56146
10240 0.563813
10752 0.566101
11264 0.56833
11776 0.570538
12288 0.572677
12800 0.574781
13312 0.576875
13824 0.578963
14336 0.581051
14848 0.583119
15360 0.585168
15872 0.587208
16384 0.589214
16896 0.591151
17408 0.593027
17920 0.594813
18432 0.596586
18944 0.598339
19456 0.600074
19968 0.60178
20480 0.603924
20992 0.605561
21504 0.607185
22016 0.608801
22528 0.610405
23040 0.612002
23552 0.613789
24064 0.61564
24576 0.617219
25088 0.61871
25600 0.620183
26112 0.621649
26624 0.623076
27136 0.624463
27648 0.625808
28160 0.627149
28672 0.628687
29184 0.630014
29696 0.631314
30208 0.632599
30720 0.633875
31232 0.635143
31744 0.636396
32256 0.637616
32768 0.638831
33280 0.640041
33792 0.641248
34304 0.642449
34816 0.643647
35328 0.646383
35840 0.647547
36352 0.6487
36864 0.649787
37376 0.650868
37888 0.651924
38400 0.652952
38912 0.654103
39424 0.655362
39936 0.656473
40448 0.657496
40960 0.658519
41472 0.659504
41984 0.660899
42496 0.662284
43008 0.663249
43520 0.664983
44032 0.666214
44544 0.667176
45056 0.668112
45568 0.669018
46080 0.669872
46592 0.670693
47104 0.671506
47616 0.672317
48128 0.673092
48640 0.673866
49152 0.674858
49664 0.675622
50176 0.676381
50688 0.677139
51200 0.677879
51712 0.678593
52224 0.67928
52736 0.679964
53248 0.680637
53760 0.681818
54272 0.682471
54784 0.683114
55296 0.683736
55808 0.684321
56320 0.684903
56832 0.685483
57344 0.686052
57856 0.687106
58368 0.687673
58880 0.688424
59392 0.689151
59904 0.689707
60416 0.690263
60928 0.690785
61440 0.691292
61952 0.691781
62464 0.692268
62976 0.693039
63488 0.694026
64000 0.695516
64512 0.696405
65024 0.697723
65536 0.69859
66048 0.699187
66560 0.69967
67072 0.70014
67584 0.700596
68096 0.701023
68608 0.701444
69120 0.701841
69632 0.70286
70144 0.703243
70656 0.703619
71168 0.703994
71680 0.704361
72192 0.704719
72704 0.705347
73216 0.705705
73728 0.706059
74240 0.706409
74752 0.706729
75264 0.707036
75776 0.707338
76288 0.708533
76800 0.708813
77312 0.710265
77824 0.710533
78336 0.711029
78848 0.711425
79360 0.711827
79872 0.712079
80384 0.71232
80896 0.712786
81408 0.713027
81920 0.713253
82432 0.713477
82944 0.713914
83456 0.714131
83968 0.714341
84480 0.714548
84992 0.715493
85504 0.715676
86016 0.715853
86528 0.716023
87040 0.716189
87552 0.716485
88064 0.716657
88576 0.716816
89088 0.716956
89600 0.71744
90112 0.717545
90624 0.717646
91136 0.717741
91648 0.717833
92160 0.718248
92672 0.718335
93184 0.718418
93696 0.718495
94208 0.718549
94720 0.718595
95232 0.718802
95744 0.718847
96256 0.718877
96768 0.7189
97280 0.718915
97792 0.718924
98304 0.718929
98816 0.719082
99328 0.719475
99840 0.719856
