0 0.504982
512 0.509163
1024 0.512912
1536 0.516445
2048 0.519699
2560 0.522929
3072 0.526051
3584 0.529115
4096 0.532095
4608 0.534976
5120 0.537782
5632 0.540566
6144 0.543211
6656 0.54574
7168 0.548252
7680 0.550733
8192 0.553154
8704 0.555451
9216 0.557646
9728 0.559841
10240 0.562539
10752 0.56468
11264 0.566802
11776 0.568837
12288 0.570852
12800 0.572855
13312 0.574857
13824 0.576839
14336 0.578739
14848 0.580591
15360 0.584089
15872 0.586025
16384 0.587841
16896 0.589587
17408 0.591328
17920 0.593068
18432 0.59474
18944 0.59641
19456 0.598056
19968 0.600065
20480 0.601699
20992 0.604098
21504 0.605717
22016 0.607325
22528 0.608925
23040 0.610523
23552 0.612082
24064 0.613635
24576 0.615128
25088 0.617484
25600 0.618972
26112 0.620458
26624 0.621939
27136 0.623303
27648 0.624662
28160 0.626021
28672 0.62732
29184 0.629108
29696 0.630798
30208 0.632511
30720 0.633797
31232 0.635065
31744 0.636295
32256 0.637517
32768 0.638721
33280 0.639918
33792 0.641707
34304 0.642884
34816 0.644039
35328 0.645735
35840 0.6475
36352 0.648651
36864 0.64977
37376 0.650873
37888 0.651956
38400 0.653034
38912 0.65411
39424 0.65517
39936 0.656204
40448 0.657235
40960 0.658238
41472 0.659241
41984 0.660366
42496 0.661648
43008 0.66265
43520 0.663646
44032 0.664619
44544 0.665643
45056 0.666602
45568 0.667533
46080 0.668423
46592 0.669288
47104 0.670151
47616 0.671013
48128 0.671862
48640 0.67324
49152 0.67418
49664 0.675018
50176 0.675837
50688 0.676646
51200 0.677452
51712 0.678225
52224 0.67899
52736 0.679735
53248 0.680817
53760 0.681561
54272 0.682345
54784 0.683234
55296 0.683936
55808 0.684627
56320 0.685308
56832 0.68612
57344 0.686797
57856 0.687473
58368 0.688142
58880 0.688804
59392 0.689441
59904 0.690083
60416 0.690715
60928 0.691334
61440 0.691938
61952 0.692532
62464 0.693124
62976 0.693678
63488 0.694215
64000 0.694748
64512 0.695276
65024 0.695796
65536 0.696339
66048 0.696852
66560 0.697332
67072 0.697811
67584 0.698276
68096 0.698722
68608 0.699148
69120 0.699574
69632 0.699991
70144 0.700397
70656 0.700803
71168 0.701196
71680 0.701586
72192 0.701974
72704 0.702362
73216 0.702736
73728 0.703206
74240 0.703574
74752 0.703929
75264 0.704259
75776 0.704542
76288 0.704825
76800 0.705298
77312 0.705689
77824 0.705971
78336 0.706234
78848 0.706486
79360 0.70673
79872 0.70696
80384 0.707168
80896 0.707375
81408 0.707574
81920 0.707772
82432 0.707968
82944 0.708155
83456 0.708314
83968 0.708468
84480 0.708616
84992 0.709731
85504 0.709864
86016 0.709993
86528 0.710123
87040 0.711274
87552 0.711397
88064 0.711517
88576 0.712268
89088 0.713733
89600 0.713853
90112 0.714201
90624 0.714288
91136 0.714373
91648 0.714434
92160 0.714481
92672 0.715161
93184 0.715199
93696 0.715202
