0 0.48587
512 0.490595
1024 0.495023
1536 0.499381
2048 0.50331
2560 0.507147
3072 0.510939
3584 0.51471
4096 0.518324
4608 0.521773
5120 0.525221
5632 0.528642
6144 0.531838
6656 0.535392
7168 0.53852
7680 0.541589
8192 0.544571
8704 0.547445
9216 0.550265
9728 0.553048
10240 0.555783
10752 0.558268
11264 0.560656
11776 0.563037
12288 0.56536
12800 0.567631
13312 0.569894
13824 0.572143
14336 0.574362
14848 0.576421
15360 0.579172
15872 0.580988
16384 0.582793
16896 0.584593
17408 0.586377
17920 0.588159
18432 0.589897
18944 0.59162
19456 0.593323
19968 0.59499
20480 0.596595
20992 0.598171
21504 0.599747
22016 0.601263
22528 0.602767
23040 0.604251
23552 0.605719
24064 0.607171
24576 0.608601
25088 0.610028
25600 0.611416
26112 0.613124
26624 0.614475
27136 0.616181
27648 0.617651
28160 0.618985
28672 0.620617
29184 0.621929
29696 0.623206
30208 0.624659
30720 0.625929
31232 0.627174
31744 0.628406
32256 0.629633
32768 0.631739
33280 0.632959
33792 0.634176
34304 0.635367
34816 0.636552
35328 0.637732
35840 0.638906
36352 0.640039
36864 0.641278
37376 0.642373
37888 0.643454
38400 0.644609
38912 0.646632
39424 0.647765
39936 0.648845
40448 0.650076
40960 0.651132
41472 0.652978
41984 0.654025
42496 0.65538
43008 0.656416
43520 0.65745
44032 0.658468
44544 0.659465
45056 0.660448
45568 0.661425
46080 0.662395
46592 0.66334
47104 0.664275
47616 0.66518
48128 0.666082
48640 0.666982
49152 0.66788
49664 0.668773
50176 0.669652
50688 0.670511
51200 0.671324
51712 0.672107
52224 0.672881
52736 0.674303
53248 0.675455
53760 0.676205
54272 0.676948
54784 0.67769
55296 0.678416
55808 0.67913
56320 0.679826
56832 0.680513
57344 0.681186
57856 0.681857
58368 0.683684
58880 0.684747
59392 0.685412
59904 0.686069
60416 0.686715
60928 0.687349
61440 0.687966
61952 0.688725
62464 0.68931
62976 0.689889
63488 0.69046
64000 0.691547
64512 0.692095
65024 0.692632
65536 0.693166
66048 0.693672
66560 0.694172
67072 0.694667
67584 0.695129
68096 0.695585
68608 0.696032
69120 0.69647
69632 0.697013
70144 0.697539
70656 0.698527
71168 0.699288
71680 0.699698
72192 0.700097
72704 0.700782
73216 0.702537
73728 0.703823
74240 0.704203
74752 0.704579
75264 0.704952
75776 0.70532
76288 0.705688
76800 0.706051
77312 0.706409
77824 0.70675
78336 0.707077
78848 0.707396
79360 0.707678
79872 0.707959
80384 0.708219
80896 0.708465
81408 0.708664
81920 0.708852
82432 0.709193
82944 0.709374
83456 0.709549
83968 0.709719
84480 0.709877
84992 0.710029
85504 0.710174
86016 0.711256
86528 0.711396
87040 0.711511
87552 0.711893
88064 0.712459
88576 0.714334
89088 0.71487
89600 0.715126
90112 0.715433
90624 0.71636
91136 0.71738
91648 0.717622
92160 0.717685
92672 0.717746
93184 0.717801
93696 0.717832
94208 0.717862
94720 0.717877
95232 0.717886
95744 0.71789
