0 0.506503
512 0.510065
1024 0.513298
1536 0.516476
2048 0.519598
2560 0.522661
3072 0.525531
3584 0.528261
4096 0.530957
4608 0.533576
5120 0.536149
5632 0.538663
6144 0.541157
6656 0.543641
7168 0.546126
7680 0.548584
8192 0.550925
8704 0.553245
9216 0.555543
9728 0.55782
10240 0.56007
10752 0.562264
11264 0.564403
11776 0.566533
12288 0.568623
12800 0.570691
13312 0.572697
13824 0.575952
14336 0.577926
14848 0.579971
15360 0.581911
15872 0.583827
16384 0.585709
16896 0.587588
17408 0.589444
17920 0.591298
18432 0.59314
18944 0.594971
19456 0.596777
19968 0.598546
20480 0.600279
20992 0.602008
21504 0.603647
22016 0.605477
22528 0.607104
23040 0.609135
23552 0.610761
24064 0.612358
24576 0.613948
25088 0.615535
25600 0.617117
26112 0.618676
26624 0.620203
27136 0.621661
27648 0.623116
28160 0.624789
28672 0.62623
29184 0.62766
29696 0.629079
30208 0.630459
30720 0.63183
31232 0.633162
31744 0.634421
32256 0.636147
32768 0.637378
33280 0.638609
33792 0.639823
34304 0.641033
34816 0.642236
35328 0.643418
35840 0.644584
36352 0.645914
36864 0.647069
37376 0.648216
37888 0.649303
38400 0.650374
38912 0.651419
39424 0.652439
39936 0.65344
40448 0.654398
40960 0.655347
41472 0.656252
41984 0.657154
42496 0.658665
43008 0.659564
43520 0.660458
44032 0.66133
44544 0.662179
45056 0.662956
45568 0.66371
46080 0.664455
46592 0.665186
47104 0.665877
47616 0.666552
48128 0.667215
48640 0.667867
49152 0.668512
49664 0.66915
50176 0.66975
50688 0.670339
51200 0.670918
51712 0.671492
52224 0.672059
52736 0.67261
53248 0.673148
53760 0.673685
54272 0.674217
54784 0.674745
55296 0.676215
55808 0.677216
56320 0.677744
56832 0.678306
57344 0.678811
57856 0.679313
58368 0.679804
58880 0.681714
59392 0.682159
59904 0.682584
60416 0.682994
60928 0.683402
61440 0.684674
61952 0.685162
62464 0.685561
62976 0.685953
63488 0.68634
64000 0.687458
64512 0.688114
65024 0.688499
65536 0.689816
66048 0.690952
66560 0.691334
67072 0.691713
67584 0.692082
68096 0.692439
68608 0.692789
69120 0.693502
69632 0.693842
70144 0.694136
70656 0.694426
71168 0.695507
71680 0.69628
72192 0.696568
72704 0.696856
73216 0.697203
73728 0.69748
74240 0.697748
74752 0.697984
75264 0.698506
75776 0.698736
76288 0.698925
76800 0.699111
77312 0.699567
77824 0.701321
78336 0.701496
78848 0.701655
79360 0.701809
79872 0.701959
80384 0.702237
80896 0.702384
81408 0.703259
81920 0.703387
82432 0.703505
82944 0.703619
83456 0.703721
83968 0.703818
84480 0.704219
84992 0.704313
85504 0.704404
86016 0.705043
86528 0.705985
87040 0.706377
87552 0.706459
88064 0.707456
88576 0.707517
89088 0.707575
89600 0.708323
90112 0.708737
90624 0.708782
91136 0.708824
91648 0.709025
92160 0.709117
92672 0.709892
93184 0.710498
93696 0.710602
94208 0.710638
94720 0.711297
95232 0.711439
95744 0.711551
96256 0.711576
96768 0.713322
97280 0.714201
97792 0.714223
98304 0.714667
98816 0.714676
