0 0.497622
512 0.502119
1024 0.506087
1536 0.510034
2048 0.513944
2560 0.517826
3072 0.521581
3584 0.525311
4096 0.52891
4608 0.532199
5120 0.53531
5632 0.538405
6144 0.541425
6656 0.544508
7168 0.547488
7680 0.550331
8192 0.553061
8704 0.555748
9216 0.55835
9728 0.560902
10240 0.563338
10752 0.565759
11264 0.568178
11776 0.570593
12288 0.572999
12800 0.575351
13312 0.578729
13824 0.581074
14336 0.583419
14848 0.586322
15360 0.588811
15872 0.591085
16384 0.593195
16896 0.595456
17408 0.597507
17920 0.599516
18432 0.601294
18944 0.603016
19456 0.604698
19968 0.606514
20480 0.608177
20992 0.610405
21504 0.612682
22016 0.61434
22528 0.61596
23040 0.617558
23552 0.619124
24064 0.620671
24576 0.622208
25088 0.623737
25600 0.625698
26112 0.627189
26624 0.628679
27136 0.630139
27648 0.63154
28160 0.63285
28672 0.634159
29184 0.63544
29696 0.636706
30208 0.637941
30720 0.639172
31232 0.640402
31744 0.642266
32256 0.643486
32768 0.645137
33280 0.646332
33792 0.647513
34304 0.648664
34816 0.64981
35328 0.650944
35840 0.652075
36352 0.653185
36864 0.654542
37376 0.656925
37888 0.658013
38400 0.65909
38912 0.660311
39424 0.661376
39936 0.662395
40448 0.663405
40960 0.664489
41472 0.665478
41984 0.666459
42496 0.667418
43008 0.668368
43520 0.669295
44032 0.670394
44544 0.671319
45056 0.672179
45568 0.673006
46080 0.673826
46592 0.674627
47104 0.675426
47616 0.676247
48128 0.677034
48640 0.678253
49152 0.679153
49664 0.679938
50176 0.680689
50688 0.681405
51200 0.682103
51712 0.682798
52224 0.683486
52736 0.685403
53248 0.686077
53760 0.686747
54272 0.687384
54784 0.688211
55296 0.688832
55808 0.689394
56320 0.689953
56832 0.690465
57344 0.690964
57856 0.691429
58368 0.691885
58880 0.692334
59392 0.693482
59904 0.693929
60416 0.694375
60928 0.694815
61440 0.695352
61952 0.69578
62464 0.696207
62976 0.696622
63488 0.697032
64000 0.698083
64512 0.698495
65024 0.698897
65536 0.699435
66048 0.699818
66560 0.700194
67072 0.70057
67584 0.700934
68096 0.701283
68608 0.701629
69120 0.701953
69632 0.702482
70144 0.703141
70656 0.703456
71168 0.703749
71680 0.704326
72192 0.705205
72704 0.706067
73216 0.706574
73728 0.706847
74240 0.707175
74752 0.707418
75264 0.709026
75776 0.709267
76288 0.709504
76800 0.70974
77312 0.710262
77824 0.710481
78336 0.710688
78848 0.710884
79360 0.711047
79872 0.711192
80384 0.712274
80896 0.712417
81408 0.712557
81920 0.712667
82432 0.712771
82944 0.712866
83456 0.713823
83968 0.713918
84480 0.714007
84992 0.714087
85504 0.714151
86016 0.714198
86528 0.714242
87040 0.714259
87552 0.715614
88064 0.71605
88576 0.716065
89088 0.716069
89600 0.716072
90112 0.716246
