0 0.493495
512 0.498677
1024 0.502809
1536 0.506749
2048 0.510495
2560 0.513909
3072 0.517277
3584 0.520346
4096 0.523369
4608 0.526251
5120 0.52913
5632 0.531986
6144 0.534819
6656 0.537587
7168 0.540238
7680 0.542883
8192 0.545503
8704 0.548096
9216 0.550638
9728 0.553169
10240 0.555651
10752 0.558062
11264 0.560375
11776 0.562676
12288 0.56489
12800 0.567049
13312 0.57012
13824 0.572221
14336 0.574301
14848 0.576456
15360 0.578536
15872 0.580587
16384 0.582619
16896 0.584714
17408 0.586674
17920 0.58862
18432 0.591446
18944 0.593279
19456 0.595054
19968 0.596788
20480 0.598513
20992 0.600198
21504 0.60187
22016 0.603523
22528 0.60535
23040 0.606949
23552 0.608549
24064 0.610495
24576 0.612093
25088 0.613796
25600 0.615372
26112 0.616937
26624 0.618478
27136 0.620015
27648 0.621551
28160 0.623003
28672 0.624542
29184 0.625992
29696 0.627434
30208 0.628856
30720 0.630254
31232 0.631631
31744 0.632996
32256 0.634349
32768 0.635616
33280 0.636879
33792 0.63811
34304 0.639327
34816 0.640522
35328 0.642242
35840 0.643423
36352 0.6446
36864 0.645767
37376 0.646926
37888 0.648074
38400 0.649219
38912 0.650349
39424 0.651475
39936 0.652591
40448 0.653674
40960 0.654747
41472 0.65581
41984 0.65685
42496 0.657873
43008 0.658891
43520 0.659909
44032 0.660894
44544 0.661837
45056 0.662719
45568 0.663852
46080 0.664712
46592 0.665571
47104 0.666422
47616 0.667246
48128 0.66806
48640 0.668833
49152 0.669596
49664 0.670381
50176 0.671135
50688 0.671879
51200 0.673336
51712 0.674061
52224 0.67477
52736 0.675473
53248 0.676164
53760 0.676843
54272 0.678331
54784 0.679574
55296 0.680977
55808 0.681693
56320 0.682345
56832 0.68391
57344 0.684557
57856 0.685121
58368 0.686306
58880 0.686894
59392 0.687445
59904 0.688735
60416 0.689381
60928 0.689917
61440 0.691445
61952 0.69198
62464 0.692508
62976 0.693316
63488 0.694404
64000 0.694931
64512 0.695452
65024 0.695954
65536 0.696452
66048 0.696917
66560 0.697376
67072 0.697831
67584 0.69827
68096 0.6987
68608 0.699864
69120 0.700266
69632 0.700803
70144 0.701204
70656 0.701596
71168 0.702546
71680 0.703698
72192 0.704307
72704 0.704683
73216 0.705056
73728 0.705424
74240 0.705791
74752 0.70614
75264 0.706853
75776 0.707202
76288 0.707544
76800 0.707868
77312 0.708224
77824 0.708523
78336 0.708799
78848 0.709717
79360 0.709944
79872 0.710494
80384 0.710704
80896 0.710906
81408 0.711338
81920 0.712296
82432 0.712479
82944 0.713375
83456 0.714059
83968 0.714236
84480 0.714545
84992 0.715182
85504 0.715824
86016 0.715965
86528 0.71609
87040 0.71621
87552 0.717147
88064 0.718611
88576 0.718773
89088 0.719384
89600 0.7195
90112 0.719614
90624 0.719724
91136 0.719833
91648 0.719928
92160 0.720023
92672 0.720115
93184 0.720202
93696 0.720288
94208 0.720507
94720 0.720591
95232 0.720765
95744 0.720833
96256 0.720887
96768 0.721672
97280 0.721725
97792 0.721773
98304 0.721813
98816 0.721844
99328 0.721851
99840 0.721852
100352 0.722012
100864 0.722087
