0 0.499128
512 0.505908
1024 0.510469
1536 0.514319
2048 0.517663
2560 0.520959
3072 0.52442
3584 0.527469
4096 0.530538
4608 0.53358
5120 0.536529
5632 0.539477
6144 0.542337
6656 0.54505
7168 0.548306
7680 0.551
8192 0.553693
8704 0.556294
9216 0.558885
9728 0.561426
10240 0.563956
10752 0.566479
11264 0.568946
11776 0.571223
12288 0.573447
12800 0.575559
13312 0.577659
13824 0.579735
14336 0.581772
14848 0.583776
15360 0.585687
15872 0.58753
16384 0.589315
16896 0.591094
17408 0.592868
17920 0.594633
18432 0.596367
18944 0.598084
19456 0.59978
19968 0.601467
20480 0.603144
20992 0.604747
21504 0.606324
22016 0.60789
22528 0.609442
23040 0.610974
23552 0.61246
24064 0.613938
24576 0.616105
25088 0.617583
25600 0.61906
26112 0.620525
26624 0.622528
27136 0.623993
27648 0.625457
28160 0.626911
28672 0.628315
29184 0.630994
29696 0.632349
30208 0.633702
30720 0.635052
31232 0.636376
31744 0.639465
32256 0.64076
32768 0.64203
33280 0.643289
33792 0.644545
34304 0.645759
34816 0.646956
35328 0.648147
35840 0.649332
36352 0.651718
36864 0.652885
37376 0.654022
37888 0.655153
38400 0.656232
38912 0.657305
39424 0.65837
39936 0.659378
40448 0.660373
40960 0.661362
41472 0.662505
41984 0.663564
42496 0.664516
43008 0.665451
43520 0.666329
44032 0.667206
44544 0.668082
45056 0.670071
45568 0.671095
46080 0.671948
46592 0.672973
47104 0.673819
47616 0.674656
48128 0.675564
48640 0.677208
49152 0.67803
49664 0.67885
50176 0.679648
50688 0.680936
51200 0.68171
51712 0.682468
52224 0.683213
52736 0.683935
53248 0.684648
53760 0.685349
54272 0.6872
54784 0.687898
55296 0.688571
55808 0.689242
56320 0.689907
56832 0.690557
57344 0.691199
57856 0.691817
58368 0.692576
58880 0.693582
59392 0.69438
59904 0.695041
60416 0.695656
60928 0.696245
61440 0.696826
61952 0.697485
62464 0.69804
62976 0.69873
63488 0.699285
64000 0.69982
64512 0.700316
65024 0.700836
65536 0.701533
66048 0.702006
66560 0.702919
67072 0.70339
67584 0.703854
68096 0.704314
68608 0.705922
69120 0.706381
69632 0.70683
70144 0.707327
70656 0.707754
71168 0.708165
71680 0.708576
72192 0.711106
72704 0.711499
73216 0.712765
73728 0.713456
74240 0.713846
74752 0.714233
75264 0.71461
75776 0.714986
76288 0.715342
76800 0.715695
77312 0.716524
77824 0.716865
78336 0.717148
78848 0.717419
79360 0.717677
79872 0.71792
80384 0.718153
80896 0.718381
81408 0.718598
81920 0.718814
82432 0.719017
82944 0.719216
83456 0.720268
83968 0.721155
84480 0.721873
84992 0.722044
85504 0.722909
86016 0.723344
86528 0.723499
87040 0.72361
87552 0.723719
88064 0.724348
88576 0.724452
89088 0.724554
89600 0.72465
90112 0.725188
90624 0.72528
91136 0.725771
91648 0.726018
92160 0.726102
92672 0.726183
93184 0.726261
93696 0.726315
94208 0.726363
94720 0.726407
95232 0.726448
95744 0.727243
96256 0.727258
96768 0.727273
97280 0.727897
97792 0.727955
98304 0.727961
