0 0.500505
512 0.504501
1024 0.508369
1536 0.511942
2048 0.515071
2560 0.518187
3072 0.521276
3584 0.524362
4096 0.527386
4608 0.530328
5120 0.533175
5632 0.535995
6144 0.538766
6656 0.541407
7168 0.543984
7680 0.546413
8192 0.548619
8704 0.550813
9216 0.552921
9728 0.554978
10240 0.557031
10752 0.559046
11264 0.561048
11776 0.562997
12288 0.564917
12800 0.566835
13312 0.568662
13824 0.570462
14336 0.572258
14848 0.574031
15360 0.57578
15872 0.57752
16384 0.579229
16896 0.580935
17408 0.582602
17920 0.584251
18432 0.585897
18944 0.587439
19456 0.589931
19968 0.591468
20480 0.592986
20992 0.595333
21504 0.596844
22016 0.598304
22528 0.599749
23040 0.60117
23552 0.602575
24064 0.603944
24576 0.607009
25088 0.608367
25600 0.60969
26112 0.611011
26624 0.612322
27136 0.61361
27648 0.614895
28160 0.616179
28672 0.617435
29184 0.619223
29696 0.620729
30208 0.62198
30720 0.623225
31232 0.624438
31744 0.625612
32256 0.626763
32768 0.627976
33280 0.629112
33792 0.630601
34304 0.632339
34816 0.633867
35328 0.634987
35840 0.636122
36352 0.638566
36864 0.639682
37376 0.64109
37888 0.642855
38400 0.643919
38912 0.644978
39424 0.646025
39936 0.647069
40448 0.648095
40960 0.64911
41472 0.650088
41984 0.651055
42496 0.652017
43008 0.652974
43520 0.653916
44032 0.654855
44544 0.655747
45056 0.656635
45568 0.657786
46080 0.658672
46592 0.659547
47104 0.660409
47616 0.661264
48128 0.662108
48640 0.662952
49152 0.664565
49664 0.665448
50176 0.666268
50688 0.667065
51200 0.669126
51712 0.669917
52224 0.671287
52736 0.672046
53248 0.673313
53760 0.674073
54272 0.674824
54784 0.675558
55296 0.676353
55808 0.677085
56320 0.677807
56832 0.678496
57344 0.67918
57856 0.681546
58368 0.682229
58880 0.682902
59392 0.683568
59904 0.684224
60416 0.685332
60928 0.686368
61440 0.68709
61952 0.687733
62464 0.688499
62976 0.689138
63488 0.689727
64000 0.690311
64512 0.690891
65024 0.691429
65536 0.69199
66048 0.692528
66560 0.693055
67072 0.693574
67584 0.694319
68096 0.694821
68608 0.695292
69120 0.695759
69632 0.696226
70144 0.69669
70656 0.697135
71168 0.697569
71680 0.698106
72192 0.698536
72704 0.698936
73216 0.699329
73728 0.700252
74240 0.700623
74752 0.700981
75264 0.701336
75776 0.701685
76288 0.702801
76800 0.703334
77312 0.703683
77824 0.70399
78336 0.70467
78848 0.704913
79360 0.70513
79872 0.705347
80384 0.706792
80896 0.706989
81408 0.707176
81920 0.707356
82432 0.707531
82944 0.707691
83456 0.707919
83968 0.708056
84480 0.70819
84992 0.708319
85504 0.708667
86016 0.708793
86528 0.708906
87040 0.709065
87552 0.709177
88064 0.709814
88576 0.710456
89088 0.71056
89600 0.710661
90112 0.710761
90624 0.710858
91136 0.710945
91648 0.711025
92160 0.711098
92672 0.711161
93184 0.711222
93696 0.711275
94208 0.71132
94720 0.711358
95232 0.711393
95744 0.712487
96256 0.713392
96768 0.713424
97280 0.713442
97792 0.713458
98304 0.713466
