0 0.49983
512 0.50443
1024 0.508981
1536 0.513118
2048 0.517214
2560 0.521027
3072 0.524627
3584 0.527926
4096 0.530957
4608 0.533942
5120 0.53679
5632 0.539369
6144 0.5419
6656 0.544319
7168 0.546699
7680 0.549335
8192 0.551677
8704 0.553982
9216 0.556249
9728 0.558468
10240 0.560572
10752 0.562664
11264 0.565158
11776 0.56713
12288 0.569079
12800 0.570996
13312 0.572892
13824 0.574787
14336 0.57668
14848 0.578531
15360 0.580367
15872 0.582179
16384 0.583887
16896 0.585579
17408 0.587241
17920 0.588805
18432 0.590943
18944 0.592994
19456 0.594553
19968 0.596085
20480 0.59761
20992 0.599122
21504 0.600628
22016 0.602126
22528 0.603601
23040 0.605079
23552 0.607116
24064 0.609524
24576 0.611431
25088 0.612866
25600 0.614526
26112 0.615934
26624 0.617319
27136 0.618687
27648 0.620252
28160 0.621612
28672 0.622935
29184 0.624245
29696 0.625487
30208 0.626718
30720 0.627947
31232 0.629123
31744 0.630296
32256 0.631693
32768 0.632857
33280 0.634009
33792 0.635157
34304 0.636291
34816 0.637425
35328 0.638556
35840 0.639684
36352 0.640802
36864 0.641909
37376 0.643009
37888 0.644084
38400 0.645332
38912 0.646388
39424 0.647419
39936 0.648666
40448 0.649754
40960 0.650781
41472 0.651804
41984 0.652827
42496 0.653842
43008 0.654823
43520 0.655802
44032 0.656765
44544 0.657723
45056 0.658679
45568 0.65971
46080 0.660657
46592 0.6616
47104 0.662539
47616 0.663479
48128 0.664817
48640 0.665752
49152 0.666685
49664 0.667839
50176 0.66936
50688 0.670266
51200 0.671138
51712 0.67215
52224 0.673007
52736 0.673862
53248 0.674675
53760 0.675488
54272 0.676242
54784 0.676988
55296 0.677733
55808 0.67847
56320 0.679195
56832 0.681282
57344 0.682004
57856 0.682724
58368 0.68342
58880 0.684093
59392 0.684736
59904 0.685369
60416 0.685992
60928 0.686602
61440 0.687191
61952 0.687775
62464 0.688532
62976 0.689112
63488 0.689687
64000 0.690353
64512 0.69089
65024 0.691402
65536 0.691894
66048 0.692377
66560 0.692844
67072 0.693307
67584 0.694224
68096 0.694679
68608 0.695135
69120 0.695562
69632 0.695986
70144 0.696378
70656 0.696764
71168 0.697143
71680 0.697507
72192 0.697865
72704 0.698493
73216 0.698845
73728 0.69917
74240 0.699479
74752 0.699784
75264 0.700549
75776 0.700848
76288 0.701109
76800 0.701367
77312 0.701606
77824 0.701824
78336 0.702032
78848 0.70223
79360 0.702429
79872 0.702775
80384 0.704799
80896 0.705442
81408 0.706208
81920 0.706399
82432 0.706572
82944 0.707128
83456 0.707287
83968 0.707443
84480 0.707653
84992 0.708282
85504 0.709776
86016 0.710004
86528 0.710157
87040 0.710309
87552 0.710459
88064 0.710951
88576 0.711137
89088 0.711824
89600 0.711969
90112 0.713051
90624 0.713195
91136 0.71333
91648 0.713456
92160 0.713576
92672 0.71368
93184 0.713757
93696 0.713805
94208 0.713846
94720 0.71388
95232 0.714143
95744 0.714174
96256 0.714183
96768 0.714187
97280 0.714189
97792 0.714305
