0 0.508288
512 0.512622
1024 0.516796
1536 0.520583
2048 0.523984
2560 0.527171
3072 0.530231
3584 0.533282
4096 0.536215
4608 0.539019
5120 0.5416
5632 0.54417
6144 0.546661
6656 0.54915
7168 0.551569
7680 0.553962
8192 0.556347
8704 0.55871
9216 0.561023
9728 0.563227
10240 0.565399
10752 0.567538
11264 0.569673
11776 0.571781
12288 0.573867
12800 0.575871
13312 0.577867
13824 0.579803
14336 0.581713
14848 0.583592
15360 0.585467
15872 0.58731
16384 0.589139
16896 0.590928
17408 0.592645
17920 0.594782
18432 0.596456
18944 0.598116
19456 0.600646
19968 0.602283
20480 0.603909
20992 0.605516
21504 0.607059
22016 0.608591
22528 0.610105
23040 0.611901
23552 0.613403
24064 0.614868
24576 0.616298
25088 0.618051
25600 0.619473
26112 0.620877
26624 0.622281
27136 0.623606
27648 0.624924
28160 0.626182
28672 0.627386
29184 0.628571
29696 0.629746
30208 0.630905
30720 0.63206
31232 0.633211
31744 0.634361
32256 0.635509
32768 0.63665
33280 0.637791
33792 0.638932
34304 0.640063
34816 0.641182
35328 0.642297
35840 0.643398
36352 0.644477
36864 0.645548
37376 0.646605
37888 0.648186
38400 0.649242
38912 0.650297
39424 0.651309
39936 0.652422
40448 0.65343
40960 0.654432
41472 0.655416
41984 0.656934
42496 0.657906
43008 0.658869
43520 0.659824
44032 0.661009
44544 0.661914
45056 0.662816
45568 0.663678
46080 0.664535
46592 0.665355
47104 0.666138
47616 0.667006
48128 0.66778
48640 0.66854
49152 0.669299
49664 0.67034
50176 0.671064
50688 0.671786
51200 0.672503
51712 0.673217
52224 0.673913
52736 0.674603
53248 0.675256
53760 0.675909
54272 0.676556
54784 0.677195
55296 0.677832
55808 0.678474
56320 0.679094
56832 0.679713
57344 0.680562
57856 0.681747
58368 0.682361
58880 0.682962
59392 0.68458
59904 0.685169
60416 0.685744
60928 0.686314
61440 0.687151
61952 0.687701
62464 0.688244
62976 0.688781
63488 0.689307
64000 0.689806
64512 0.690293
65024 0.690761
65536 0.691779
66048 0.693572
66560 0.69484
67072 0.695367
67584 0.695817
68096 0.696262
68608 0.696689
69120 0.697104
69632 0.697496
70144 0.697884
70656 0.69827
71168 0.698654
71680 0.699023
72192 0.700191
72704 0.700559
73216 0.700925
73728 0.701289
74240 0.701643
74752 0.701986
75264 0.702327
75776 0.702666
76288 0.702997
76800 0.703311
77312 0.703619
77824 0.704053
78336 0.704925
78848 0.706028
79360 0.70632
79872 0.707707
80384 0.70848
80896 0.70875
81408 0.709013
81920 0.709274
82432 0.709988
82944 0.71024
83456 0.710488
83968 0.711244
84480 0.711484
84992 0.712303
85504 0.712859
86016 0.713078
86528 0.713967
87040 0.714177
87552 0.714375
88064 0.714563
88576 0.715237
89088 0.715417
89600 0.715572
90112 0.715719
90624 0.716941
91136 0.717075
91648 0.7172
92160 0.717323
92672 0.717437
93184 0.717546
93696 0.717616
94208 0.717679
94720 0.717724
95232 0.717767
95744 0.718049
96256 0.718179
96768 0.718219
97280 0.719015
97792 0.71904
98304 0.7191
98816 0.71911
99328 0.719114
