0 0.487628
512 0.492244
1024 0.49682
1536 0.501104
2048 0.504526
2560 0.508266
3072 0.511598
3584 0.514715
4096 0.517732
4608 0.520593
5120 0.523443
5632 0.526196
6144 0.528914
6656 0.531547
7168 0.534097
7680 0.536646
8192 0.539084
8704 0.541451
9216 0.543776
9728 0.546058
10240 0.548318
10752 0.550578
11264 0.552836
11776 0.555067
12288 0.557287
12800 0.559463
13312 0.561633
13824 0.564164
14336 0.566303
14848 0.568419
15360 0.570514
15872 0.572602
16384 0.574653
16896 0.576685
17408 0.578714
17920 0.580724
18432 0.582729
18944 0.584637
19456 0.586513
19968 0.588382
20480 0.590233
20992 0.592044
21504 0.593844
22016 0.595556
22528 0.597264
23040 0.598943
23552 0.60051
24064 0.602075
24576 0.603634
25088 0.605179
25600 0.607118
26112 0.608649
26624 0.610168
27136 0.611642
27648 0.613073
28160 0.614488
28672 0.615893
29184 0.617296
29696 0.618697
30208 0.620059
30720 0.621416
31232 0.622766
31744 0.624091
32256 0.625513
32768 0.626834
33280 0.628151
33792 0.629467
34304 0.63078
34816 0.632081
35328 0.633378
35840 0.634666
36352 0.635946
36864 0.637216
37376 0.638485
37888 0.639733
38400 0.641814
38912 0.643057
39424 0.644292
39936 0.645454
40448 0.646598
40960 0.647667
41472 0.648725
41984 0.64978
42496 0.650822
43008 0.653032
43520 0.654527
44032 0.655553
44544 0.656576
45056 0.658154
45568 0.659172
46080 0.660188
46592 0.66119
47104 0.662173
47616 0.663154
48128 0.664101
48640 0.665037
49152 0.666022
49664 0.666922
50176 0.667821
50688 0.668695
51200 0.669565
51712 0.670422
52224 0.671256
52736 0.672312
53248 0.67313
53760 0.673942
54272 0.675259
54784 0.676058
55296 0.676843
55808 0.678156
56320 0.678965
56832 0.679709
57344 0.680452
57856 0.681154
58368 0.681844
58880 0.682532
59392 0.683301
59904 0.683985
60416 0.684768
60928 0.685417
61440 0.686061
61952 0.686693
62464 0.687316
62976 0.687938
63488 0.688536
64000 0.689111
64512 0.689681
65024 0.690237
65536 0.690791
66048 0.691856
66560 0.692405
67072 0.692929
67584 0.693451
68096 0.693968
68608 0.694473
69120 0.694943
69632 0.695399
70144 0.696079
70656 0.696535
71168 0.696989
71680 0.697431
72192 0.697858
72704 0.698259
73216 0.698645
73728 0.699005
74240 0.699364
74752 0.699722
75264 0.700071
75776 0.700784
76288 0.701125
76800 0.701456
77312 0.702721
77824 0.70303
78336 0.70411
78848 0.704416
79360 0.70469
79872 0.705444
80384 0.705708
80896 0.70596
81408 0.706599
81920 0.706842
82432 0.707083
82944 0.707311
83456 0.707529
83968 0.707737
84480 0.707923
84992 0.708106
85504 0.708286
86016 0.708459
86528 0.708629
87040 0.708799
87552 0.708954
88064 0.709101
88576 0.709975
89088 0.710119
89600 0.710574
90112 0.711653
90624 0.712624
91136 0.712764
91648 0.712881
92160 0.713904
92672 0.714019
93184 0.714127
93696 0.714222
94208 0.714314
94720 0.714406
95232 0.715266
95744 0.715376
96256 0.715759
96768 0.717039
97280 0.717123
97792 0.717187
98304 0.71725
98816 0.717911
99328 0.718468
99840 0.718686
100352 0.718726
100864 0.718761
101376 0.719193
101888 0.719879
102400 0.719902
102912 0.71991
