0 0.498117
512 0.502922
1024 0.507187
1536 0.511147
2048 0.514924
2560 0.51867
3072 0.522046
3584 0.525275
4096 0.528302
4608 0.531299
5120 0.534252
5632 0.537028
6144 0.539666
6656 0.54229
7168 0.544782
7680 0.547232
8192 0.54958
8704 0.551905
9216 0.55421
9728 0.556493
10240 0.558773
10752 0.561041
11264 0.563195
11776 0.565343
12288 0.567416
12800 0.569486
13312 0.571952
13824 0.573982
14336 0.575995
14848 0.577925
15360 0.579841
15872 0.581751
16384 0.583629
16896 0.585488
17408 0.587346
17920 0.589254
18432 0.591105
18944 0.592947
19456 0.594788
19968 0.596589
20480 0.598339
20992 0.600026
21504 0.601679
22016 0.603301
22528 0.60492
23040 0.606539
23552 0.608187
24064 0.609795
24576 0.611396
25088 0.612987
25600 0.614564
26112 0.616128
26624 0.617631
27136 0.6191
27648 0.620518
28160 0.621913
28672 0.623264
29184 0.624585
29696 0.625902
30208 0.627188
30720 0.628473
31232 0.629754
31744 0.63101
32256 0.632215
32768 0.633412
33280 0.634601
33792 0.635776
34304 0.636943
34816 0.638077
35328 0.639208
35840 0.640316
36352 0.641399
36864 0.642481
37376 0.643562
37888 0.64463
38400 0.645687
38912 0.646736
39424 0.64776
39936 0.648741
40448 0.64971
40960 0.650668
41472 0.651625
41984 0.652553
42496 0.653735
43008 0.654624
43520 0.655498
44032 0.656354
44544 0.657173
45056 0.657983
45568 0.658787
46080 0.659565
46592 0.660331
47104 0.661088
47616 0.661811
48128 0.662531
48640 0.663297
49152 0.664008
49664 0.666577
50176 0.66728
50688 0.668144
51200 0.669359
51712 0.670176
52224 0.670866
52736 0.671556
53248 0.672239
53760 0.672913
54272 0.673582
54784 0.674235
55296 0.675799
55808 0.676448
56320 0.677087
56832 0.677716
57344 0.678313
57856 0.678901
58368 0.679482
58880 0.680357
59392 0.680922
59904 0.681476
60416 0.682018
60928 0.682589
61440 0.683128
61952 0.684998
62464 0.685534
62976 0.686019
63488 0.687038
64000 0.687514
64512 0.687915
65024 0.688312
65536 0.68889
66048 0.69016
66560 0.690543
67072 0.690921
67584 0.69158
68096 0.691943
68608 0.692303
69120 0.693064
69632 0.693932
70144 0.694277
70656 0.694954
71168 0.695291
71680 0.695617
72192 0.695941
72704 0.696514
73216 0.696821
73728 0.697109
74240 0.697397
74752 0.697744
75264 0.698015
75776 0.698285
76288 0.698551
76800 0.700379
77312 0.700622
77824 0.700863
78336 0.701089
78848 0.701309
79360 0.701525
79872 0.701718
80384 0.701898
80896 0.702065
81408 0.703525
81920 0.703684
82432 0.703834
82944 0.703976
83456 0.70411
83968 0.704239
84480 0.704365
84992 0.704486
85504 0.705237
86016 0.706701
86528 0.706818
87040 0.707055
87552 0.707447
88064 0.70807
88576 0.708186
89088 0.708296
89600 0.708404
90112 0.708494
90624 0.70858
91136 0.708664
91648 0.708737
92160 0.710047
92672 0.710161
93184 0.710233
93696 0.711464
94208 0.711734
94720 0.711794
95232 0.711848
95744 0.712793
96256 0.712839
96768 0.713519
97280 0.713562
97792 0.713845
98304 0.713974
98816 0.714015
99328 0.71481
99840 0.714824
100352 0.714834
100864 0.714929
101376 0.714975
101888 0.716201
102400 0.717001
102912 0.71745
103424 0.717537
103936 0.717544
104448 0.717547
104960 0.717721
