0 0.499368
512 0.503501
1024 0.507368
1536 0.511033
2048 0.514697
2560 0.518341
3072 0.521982
3584 0.525602
4096 0.529221
4608 0.532295
5120 0.5353
5632 0.538012
6144 0.540602
6656 0.543156
7168 0.545659
7680 0.548071
8192 0.550418
8704 0.552764
9216 0.555096
9728 0.557424
10240 0.559692
10752 0.56193
11264 0.564145
11776 0.566309
12288 0.568419
12800 0.570558
13312 0.572584
13824 0.574579
14336 0.57656
14848 0.578683
15360 0.580636
15872 0.582578
16384 0.58447
16896 0.586359
17408 0.588217
17920 0.590063
18432 0.591829
18944 0.593579
19456 0.595282
19968 0.596979
20480 0.598626
20992 0.600206
21504 0.601924
22016 0.603474
22528 0.604976
23040 0.60647
23552 0.607936
24064 0.609576
24576 0.611041
25088 0.612461
25600 0.613865
26112 0.61519
26624 0.617721
27136 0.61902
27648 0.620316
28160 0.621609
28672 0.622885
29184 0.624101
29696 0.625311
30208 0.626505
30720 0.627699
31232 0.628884
31744 0.630064
32256 0.631224
32768 0.632372
33280 0.633518
33792 0.634655
34304 0.63579
34816 0.636921
35328 0.638009
35840 0.63907
36352 0.640105
36864 0.641134
37376 0.64216
37888 0.643337
38400 0.644354
38912 0.645462
39424 0.646529
39936 0.647671
40448 0.648686
40960 0.6497
41472 0.650684
41984 0.651656
42496 0.6526
43008 0.653513
43520 0.654413
44032 0.655311
44544 0.656209
45056 0.657076
45568 0.657935
46080 0.658763
46592 0.659579
47104 0.66039
47616 0.661159
48128 0.661919
48640 0.664159
49152 0.66491
49664 0.665655
50176 0.666375
50688 0.667462
51200 0.668164
51712 0.66886
52224 0.669552
52736 0.670241
53248 0.670924
53760 0.671585
54272 0.673626
54784 0.674277
55296 0.674888
55808 0.67604
56320 0.676645
56832 0.677242
57344 0.678177
57856 0.679365
58368 0.681569
58880 0.682166
59392 0.682755
59904 0.683477
60416 0.684037
60928 0.684791
61440 0.68535
61952 0.685887
62464 0.686391
62976 0.686893
63488 0.68738
64000 0.687864
64512 0.68874
65024 0.689211
65536 0.689682
66048 0.690149
66560 0.690614
67072 0.69107
67584 0.691511
68096 0.691939
68608 0.692366
69120 0.692767
69632 0.693305
70144 0.693697
70656 0.694087
71168 0.69447
71680 0.694846
72192 0.695256
72704 0.695628
73216 0.697048
73728 0.69742
74240 0.69804
74752 0.698388
75264 0.698735
75776 0.699076
76288 0.699396
76800 0.700301
77312 0.700601
77824 0.700889
78336 0.701171
78848 0.701451
79360 0.701719
79872 0.701973
80384 0.702215
80896 0.702478
81408 0.702715
81920 0.702951
82432 0.703158
82944 0.703356
83456 0.703552
83968 0.703733
84480 0.703903
84992 0.704071
85504 0.704235
86016 0.704896
86528 0.705166
87040 0.705384
87552 0.705547
88064 0.70569
88576 0.705824
89088 0.705956
89600 0.706083
90112 0.706206
90624 0.706742
91136 0.706851
91648 0.70695
92160 0.707354
92672 0.708517
93184 0.708616
93696 0.70871
94208 0.708799
94720 0.708884
95232 0.708968
95744 0.709046
96256 0.709114
96768 0.709167
97280 0.709205
97792 0.70952
98304 0.709551
98816 0.71053
99328 0.710582
99840 0.710597
100352 0.710612
100864 0.711763
101376 0.711775
101888 0.711991
102400 0.713437
102912 0.713612
103424 0.713694
103936 0.713702
104448 0.713774
104960 0.715267
