0 0.511922
512 0.51819
1024 0.522288
1536 0.526293
2048 0.530115
2560 0.53374
3072 0.537111
3584 0.540335
4096 0.543432
4608 0.546821
5120 0.549753
5632 0.55257
6144 0.555267
6656 0.557911
7168 0.560492
7680 0.562962
8192 0.565427
8704 0.567888
9216 0.57034
9728 0.572739
10240 0.575119
10752 0.577429
11264 0.579689
11776 0.58195
12288 0.584126
12800 0.58629
13312 0.588445
13824 0.590525
14336 0.592592
14848 0.59455
15360 0.596408
15872 0.598236
16384 0.600008
16896 0.601707
17408 0.603381
17920 0.605006
18432 0.606624
18944 0.6082
19456 0.60976
19968 0.611318
20480 0.612873
20992 0.614419
21504 0.615948
22016 0.617362
22528 0.619032
23040 0.620378
23552 0.621723
24064 0.623032
24576 0.624315
25088 0.626832
25600 0.628101
26112 0.629344
26624 0.630576
27136 0.631785
27648 0.632975
28160 0.634287
28672 0.635468
29184 0.636646
29696 0.637823
30208 0.63899
30720 0.640147
31232 0.641294
31744 0.642436
32256 0.643552
32768 0.644625
33280 0.645693
33792 0.646756
34304 0.64774
34816 0.648715
35328 0.649663
35840 0.650568
36352 0.651469
36864 0.652368
37376 0.653254
37888 0.654268
38400 0.655145
38912 0.656093
39424 0.656968
39936 0.657835
40448 0.658662
40960 0.660111
41472 0.660935
41984 0.661754
42496 0.662561
43008 0.663335
43520 0.664105
44032 0.664867
44544 0.665621
45056 0.666369
45568 0.66706
46080 0.667737
46592 0.66841
47104 0.669076
47616 0.669726
48128 0.670368
48640 0.671007
49152 0.671909
49664 0.672538
50176 0.673725
50688 0.674349
51200 0.67538
51712 0.676099
52224 0.676795
52736 0.677414
53248 0.678841
53760 0.679987
54272 0.680599
54784 0.68151
55296 0.682119
55808 0.682683
56320 0.683226
56832 0.683753
57344 0.684269
57856 0.684917
58368 0.68542
58880 0.68635
59392 0.687958
59904 0.688428
60416 0.688898
60928 0.689941
61440 0.690401
61952 0.690944
62464 0.691403
62976 0.691845
63488 0.692274
64000 0.692903
64512 0.693328
65024 0.693745
65536 0.694146
66048 0.694536
66560 0.69491
67072 0.695258
67584 0.695587
68096 0.695905
68608 0.696212
69120 0.696501
69632 0.69677
70144 0.697244
70656 0.697507
71168 0.69777
71680 0.698022
72192 0.698258
72704 0.698489
73216 0.698706
73728 0.698915
74240 0.69989
74752 0.700098
75264 0.700296
75776 0.700494
76288 0.700677
76800 0.700859
77312 0.701342
77824 0.701966
78336 0.70223
78848 0.702411
79360 0.702939
79872 0.703446
80384 0.703882
80896 0.704056
81408 0.705257
81920 0.705429
82432 0.705597
82944 0.705743
83456 0.705885
83968 0.706845
84480 0.70726
84992 0.707661
85504 0.708002
86016 0.708941
86528 0.709075
87040 0.709173
87552 0.709488
88064 0.709551
88576 0.711685
89088 0.711713
89600 0.711736
