0 0.481827
512 0.48643
1024 0.490376
1536 0.494089
2048 0.497733
2560 0.501352
3072 0.504764
3584 0.508099
4096 0.511249
4608 0.514316
5120 0.517376
5632 0.520385
6144 0.523279
6656 0.52608
7168 0.528888
7680 0.531687
8192 0.534459
8704 0.537165
9216 0.539845
9728 0.542522
10240 0.545147
10752 0.547713
11264 0.550201
11776 0.552546
12288 0.55488
12800 0.557417
13312 0.560493
13824 0.562795
14336 0.565016
14848 0.567197
15360 0.569352
15872 0.571443
16384 0.573476
16896 0.575471
17408 0.577445
17920 0.579503
18432 0.581448
18944 0.583389
19456 0.585317
19968 0.587144
20480 0.588933
20992 0.590704
21504 0.592466
22016 0.594472
22528 0.596204
23040 0.597874
23552 0.59951
24064 0.601789
24576 0.603397
25088 0.604997
25600 0.606585
26112 0.608123
26624 0.609644
27136 0.611148
27648 0.612614
28160 0.614067
28672 0.615496
29184 0.616886
29696 0.618266
30208 0.619605
30720 0.621743
31232 0.62314
31744 0.62441
32256 0.625679
32768 0.626921
33280 0.628151
33792 0.629361
34304 0.631363
34816 0.632814
35328 0.634022
35840 0.635171
36352 0.636304
36864 0.637438
37376 0.63862
37888 0.639737
38400 0.640823
38912 0.641905
39424 0.644223
39936 0.645296
40448 0.646362
40960 0.647417
41472 0.648433
41984 0.649435
42496 0.650432
43008 0.651511
43520 0.652496
44032 0.653475
44544 0.655504
45056 0.656728
45568 0.657702
46080 0.659503
46592 0.660475
47104 0.661437
47616 0.662422
48128 0.66338
48640 0.664319
49152 0.665256
49664 0.666787
50176 0.667722
50688 0.668608
51200 0.669479
51712 0.670351
52224 0.671454
52736 0.67231
53248 0.673159
53760 0.674001
54272 0.674819
54784 0.675635
55296 0.676703
55808 0.677952
56320 0.678762
56832 0.679543
57344 0.680324
57856 0.681103
58368 0.682119
58880 0.682874
59392 0.6836
59904 0.684321
60416 0.685022
60928 0.685696
61440 0.686366
61952 0.687008
62464 0.688683
62976 0.68932
63488 0.689962
64000 0.690597
64512 0.691624
65024 0.692232
65536 0.693459
66048 0.694109
66560 0.694698
67072 0.695278
67584 0.695853
68096 0.696415
68608 0.696971
69120 0.697459
69632 0.697947
70144 0.698425
70656 0.699857
71168 0.700573
71680 0.701039
72192 0.701446
72704 0.701836
73216 0.702226
73728 0.702614
74240 0.702997
74752 0.70337
75264 0.703737
75776 0.704845
76288 0.70521
76800 0.707262
77312 0.707758
77824 0.708089
78336 0.709354
78848 0.709683
79360 0.710007
79872 0.71032
80384 0.711871
80896 0.71217
81408 0.712452
81920 0.712723
82432 0.712987
82944 0.713245
83456 0.713488
83968 0.713726
84480 0.713943
84992 0.714151
85504 0.714319
86016 0.714623
86528 0.715502
87040 0.716008
87552 0.716396
88064 0.716898
88576 0.717053
89088 0.717188
89600 0.717931
90112 0.719278
90624 0.719773
91136 0.719899
91648 0.720003
92160 0.720101
92672 0.720196
93184 0.720285
93696 0.720372
94208 0.720456
94720 0.72054
95232 0.720613
95744 0.720677
96256 0.720738
96768 0.720861
97280 0.720911
97792 0.721261
98304 0.722263
98816 0.723728
99328 0.723776
99840 0.724104
100352 0.724334
100864 0.724368
101376 0.725463
101888 0.725472
102400 0.725476
102912 0.725478
103424 0.725749
