0 0.48869
512 0.493041
1024 0.497228
1536 0.501381
2048 0.504788
2560 0.508181
3072 0.511517
3584 0.514826
4096 0.51799
4608 0.521123
5120 0.52415
5632 0.527031
6144 0.529877
6656 0.532712
7168 0.535527
7680 0.53829
8192 0.541013
8704 0.543727
9216 0.546438
9728 0.549138
10240 0.551775
10752 0.554376
11264 0.556864
11776 0.559352
12288 0.56182
12800 0.564276
13312 0.566724
13824 0.569108
14336 0.571326
14848 0.573504
15360 0.575641
15872 0.57777
16384 0.579891
16896 0.582075
17408 0.584169
17920 0.586154
18432 0.588132
18944 0.590091
19456 0.592016
19968 0.593919
20480 0.595796
20992 0.597578
21504 0.599322
22016 0.601066
22528 0.602762
23040 0.604445
23552 0.606053
24064 0.607653
24576 0.609241
25088 0.610824
25600 0.612394
26112 0.614393
26624 0.616159
27136 0.61757
27648 0.618979
28160 0.621046
28672 0.622441
29184 0.623834
29696 0.625166
30208 0.626479
30720 0.628063
31232 0.629373
31744 0.630674
32256 0.631962
32768 0.633247
33280 0.634529
33792 0.635874
34304 0.637184
34816 0.638468
35328 0.639733
35840 0.6409
36352 0.642063
36864 0.643225
37376 0.644385
37888 0.645844
38400 0.646991
38912 0.648102
39424 0.649202
39936 0.650558
40448 0.65163
40960 0.652695
41472 0.654768
41984 0.655823
42496 0.656841
43008 0.65786
43520 0.658855
44032 0.65984
44544 0.660819
45056 0.661793
45568 0.662767
46080 0.663682
46592 0.664586
47104 0.666032
47616 0.667591
48128 0.668481
48640 0.669367
49152 0.670234
49664 0.671096
50176 0.671925
50688 0.67275
51200 0.673548
51712 0.674342
52224 0.676275
52736 0.677067
53248 0.677805
53760 0.678506
54272 0.680358
54784 0.681472
55296 0.682162
55808 0.682846
56320 0.683519
56832 0.684181
57344 0.684829
57856 0.685476
58368 0.686065
58880 0.686622
59392 0.687165
59904 0.687701
60416 0.688228
60928 0.688751
61440 0.689268
61952 0.68994
62464 0.690508
62976 0.69122
63488 0.691725
64000 0.692225
64512 0.692652
65024 0.693077
65536 0.693492
66048 0.693882
66560 0.694269
67072 0.69465
67584 0.695027
68096 0.695401
68608 0.695769
69120 0.696133
69632 0.69683
70144 0.699049
70656 0.699544
71168 0.699907
71680 0.700248
72192 0.700587
72704 0.700911
73216 0.701233
73728 0.701858
74240 0.703179
74752 0.703422
75264 0.703661
75776 0.70388
76288 0.704095
76800 0.704293
77312 0.704597
77824 0.70625
78336 0.706442
78848 0.706625
79360 0.706807
79872 0.706982
80384 0.707141
80896 0.707279
81408 0.707413
81920 0.707533
82432 0.708638
82944 0.708757
83456 0.70887
83968 0.708967
84480 0.70905
84992 0.709111
85504 0.709149
86016 0.709186
86528 0.709643
87040 0.709679
87552 0.709993
88064 0.710028
88576 0.710625
89088 0.710647
89600 0.710668
90112 0.710683
90624 0.710692
91136 0.710701
91648 0.710703
92160 0.710897
