0 0.504943
512 0.509138
1024 0.5133
1536 0.517086
2048 0.52068
2560 0.524124
3072 0.527258
3584 0.530333
4096 0.533355
4608 0.536374
5120 0.539389
5632 0.542182
6144 0.544785
6656 0.54727
7168 0.549735
7680 0.552184
8192 0.554515
8704 0.556826
9216 0.559113
9728 0.561395
10240 0.563659
10752 0.56575
11264 0.567837
11776 0.569879
12288 0.572028
12800 0.574044
13312 0.576031
13824 0.578002
14336 0.579945
14848 0.581857
15360 0.583702
15872 0.585539
16384 0.587316
16896 0.589085
17408 0.591569
17920 0.593335
18432 0.595086
18944 0.597045
19456 0.598736
19968 0.600385
20480 0.601996
20992 0.603604
21504 0.605158
22016 0.606687
22528 0.608215
23040 0.609691
23552 0.611164
24064 0.612635
24576 0.61502
25088 0.616469
25600 0.619173
26112 0.62129
26624 0.622785
27136 0.624215
27648 0.625608
28160 0.626994
28672 0.628338
29184 0.629665
29696 0.630959
30208 0.632245
30720 0.633481
31232 0.634695
31744 0.6359
32256 0.637094
32768 0.638287
33280 0.639478
33792 0.640667
34304 0.641763
34816 0.642858
35328 0.643909
35840 0.644946
36352 0.646091
36864 0.647948
37376 0.649051
37888 0.65008
38400 0.651091
38912 0.652086
39424 0.653074
39936 0.65417
40448 0.655158
40960 0.656136
41472 0.65711
41984 0.658084
42496 0.659049
43008 0.659994
43520 0.660932
44032 0.661855
44544 0.662768
45056 0.66368
45568 0.664547
46080 0.666754
46592 0.667664
47104 0.668516
47616 0.66936
48128 0.670196
48640 0.671005
49152 0.671989
49664 0.672792
50176 0.673563
50688 0.674318
51200 0.67506
51712 0.675829
52224 0.676558
52736 0.677249
53248 0.67793
53760 0.678742
54272 0.679401
54784 0.680056
55296 0.680705
55808 0.681344
56320 0.681975
56832 0.682932
57344 0.683559
57856 0.684174
58368 0.684782
58880 0.686729
59392 0.687318
59904 0.687896
60416 0.688454
60928 0.689321
61440 0.689943
61952 0.690499
62464 0.691036
62976 0.691571
63488 0.692104
64000 0.692631
64512 0.693157
65024 0.693948
65536 0.694473
66048 0.694988
66560 0.695501
67072 0.696034
67584 0.696954
68096 0.697627
68608 0.698127
69120 0.698622
69632 0.699087
70144 0.699514
70656 0.699929
71168 0.700344
71680 0.700759
72192 0.701447
72704 0.702151
73216 0.702562
73728 0.702952
74240 0.703331
74752 0.703631
75264 0.703924
75776 0.704207
76288 0.70443
76800 0.70464
77312 0.704846
77824 0.705049
78336 0.705719
78848 0.705918
79360 0.706099
79872 0.706278
80384 0.706437
80896 0.706594
81408 0.706734
81920 0.706845
82432 0.706979
82944 0.707293
83456 0.707397
83968 0.707491
84480 0.707567
84992 0.707631
85504 0.707692
86016 0.708211
86528 0.708272
87040 0.708318
87552 0.708998
88064 0.709043
88576 0.709084
89088 0.709118
89600 0.710112
90112 0.710654
90624 0.71105
91136 0.712451
91648 0.712851
92160 0.713667
92672 0.713892
93184 0.713969
93696 0.714706
94208 0.715012
94720 0.715409
