0 0.496468
512 0.501641
1024 0.506053
1536 0.509985
2048 0.513716
2560 0.517256
3072 0.520638
3584 0.523707
4096 0.526655
4608 0.529544
5120 0.532365
5632 0.535076
6144 0.537774
6656 0.540467
7168 0.543048
7680 0.545601
8192 0.548078
8704 0.550539
9216 0.552949
9728 0.555339
10240 0.557727
10752 0.559961
11264 0.562095
11776 0.564201
12288 0.566284
12800 0.568321
13312 0.57034
13824 0.572354
14336 0.574282
14848 0.576191
15360 0.578088
15872 0.579885
16384 0.581652
16896 0.583405
17408 0.585131
17920 0.586823
18432 0.588488
18944 0.590138
19456 0.591939
19968 0.59376
20480 0.595387
20992 0.597005
21504 0.598622
22016 0.600219
22528 0.601751
23040 0.603258
23552 0.604716
24064 0.606121
24576 0.607519
25088 0.608902
25600 0.610272
26112 0.611874
26624 0.613244
27136 0.61457
27648 0.615894
28160 0.617204
28672 0.618513
29184 0.619821
29696 0.621096
30208 0.622288
30720 0.62344
31232 0.624585
31744 0.62573
32256 0.626838
32768 0.627938
33280 0.629012
33792 0.630074
34304 0.63113
34816 0.632444
35328 0.633489
35840 0.635053
36352 0.636132
36864 0.637163
37376 0.639109
37888 0.640802
38400 0.642411
38912 0.643427
39424 0.644618
39936 0.645794
40448 0.646786
40960 0.647749
41472 0.648708
41984 0.649649
42496 0.650579
43008 0.651479
43520 0.652373
44032 0.653399
44544 0.654287
45056 0.655372
45568 0.656689
46080 0.657646
46592 0.658531
47104 0.659413
47616 0.660284
48128 0.661147
48640 0.661999
49152 0.663394
49664 0.664211
50176 0.665015
50688 0.665792
51200 0.666557
51712 0.667291
52224 0.668021
52736 0.668746
53248 0.669463
53760 0.670174
54272 0.67087
54784 0.671562
55296 0.672243
55808 0.672914
56320 0.673585
56832 0.674244
57344 0.674902
57856 0.675525
58368 0.676682
58880 0.677265
59392 0.678668
59904 0.680098
60416 0.680657
60928 0.682328
61440 0.682871
61952 0.6834
62464 0.684578
62976 0.685046
63488 0.685506
64000 0.68653
64512 0.68697
65024 0.687414
65536 0.688726
66048 0.689165
66560 0.689599
67072 0.690024
67584 0.690444
68096 0.69083
68608 0.691211
69120 0.691589
69632 0.692357
70144 0.692731
70656 0.6931
71168 0.693467
71680 0.693822
72192 0.694304
72704 0.694654
73216 0.695367
73728 0.695713
74240 0.696058
74752 0.696373
75264 0.69673
75776 0.697029
76288 0.697323
76800 0.699096
77312 0.699383
77824 0.699914
78336 0.7002
78848 0.701189
79360 0.702033
79872 0.702319
80384 0.702589
80896 0.703324
81408 0.703546
81920 0.703765
82432 0.703981
82944 0.704194
83456 0.704401
83968 0.704578
84480 0.704737
84992 0.704889
85504 0.705609
86016 0.70735
86528 0.709374
87040 0.709518
87552 0.709651
88064 0.709755
88576 0.709852
89088 0.709947
89600 0.710029
90112 0.71009
90624 0.710213
91136 0.710255
91648 0.710277
92160 0.710345
92672 0.711167
93184 0.711696
93696 0.711711
