0 755.39
1 752.09
2 749.3
3 746.03
4 743.54
5 740.23
6 737.22
7 733.66
8 730.39
9 727.8
10 724.65
11 721.89
12 719.1
13 716.2
14 713.37
15 710.59
16 707.61
17 704.89
18 702.38
19 698.91
20 696.62
21 693.92
22 691.54
23 688.21
24 685.42
25 682.53
26 679.87
27 677.7
28 674.92
29 672.16
30 669.64
31 667.08
32 664.73
33 661.74
34 659.09
35 656.49
36 654.53
37 651.26
38 648.83
39 646.1
40 643.29
41 640.85
42 638.06
43 635.46
44 632.94
45 630.43
46 627.87
47 625.48
48 622.78
49 619.98
50 617.91
51 615.39
52 613.1
53 610.52
54 608.23
55 605.8
56 603.07
57 600.85
58 598.58
59 596.64
60 594.25
61 592.1
62 589.64
63 587.14
64 585.31
65 583.08
66 580.56
67 578.49
68 576.45
69 574.12
70 571.86
71 569.75
72 567.61
73 564.8
74 562.65
75 560.75
76 558.5
77 556
78 553.74
79 551.95
80 549.8
81 548.1
82 546.26
83 543.64
84 541.57
85 539.58
86 537.94
87 535.65
88 533.33
89 531.04
90 529.05
91 527.7
92 525.65
93 523.02
94 520.54
95 518.38
96 516.43
97 514.02
98 512.14
99 509.99
100 508.45
101 506.53
102 504.83
103 502.99
104 501.29
105 499.39
106 497.57
107 495.63
108 493.58
109 491.49
110 489.78
111 487.9
112 486.04
113 483.96
114 481.94
115 479.94
116 478.06
117 477
118 475.31
119 473.29
120 471.64
121 470.09
122 468.39
123 466.3
124 464.42
125 462.74
126 460.95
127 459.08
128 457.1
129 455.34
130 453.36
131 451.31
132 449.72
133 447.82
134 446.04
135 444.47
136 442.72
137 440.9
138 439.14
139 437.62
140 436.27
141 434.89
142 432.78
143 431.23
144 429.42
145 427.91
146 426.28
147 424.38
148 423.08
149 421.43
150 420
151 418.23
152 416.72
153 415.34
154 413.76
155 412.04
156 410.61
157 408.63
158 407.31
159 405.9
160 404.62
161 403.35
162 401.85
163 400.27
164 398.38
165 397.12
166 395.63
167 393.75
168 392.07
169 390.24
170 388.41
171 387.33
172 385.9
173 384.16
174 382.52
175 380.96
176 379.65
177 378.17
178 377.04
179 375.81
180 374.41
181 373.11
182 371.42
183 370.42
184 369.41
185 368.04
186 366.51
187 365.27
188 363.89
189 362.12
190 360.81
191 359.46
192 358.06
193 356.66
194 355.36
195 353.81
196 352.62
197 350.94
198 349.7
199 348.43
200 347.49
201 346.23
202 345.03
203 343.66
204 342.45
205 341.16
206 339.92
207 338.28
208 337.33
209 336.1
210 334.38
211 333.06
212 331.86
213 330.68
214 329.46
215 328.33
216 327.08
217 326.13
218 325.06
219 324.06
220 322.84
221 321.51
222 320.29
223 318.88
224 317.96
225 316.88
226 315.77
227 314.36
228 313.04
229 311.61
230 310.34
231 309.23
232 308.27
233 307.28
234 306.08
235 304.67
236 303.6
237 302.54
238 301.43
239 300.09
240 298.9
241 297.75
242 296.73
243 295.85
244 295.09
245 293.9
246 292.89
247 291.63
248 290.76
249 289.85
250 288.93
251 288.18
252 286.92
253 286.08
254 285.28
255 284.12
256 283.18
257 282.26
258 281.12
259 280.02
260 278.78
261 278.26
262 277.28
263 276.26
264 275.55
265 274.84
266 273.84
267 272.92
268 271.94
269 271.09
270 269.89
271 268.94
272 268.09
273 266.84
274 265.82
275 264.72
276 263.73
277 262.54
278 261.88
279 261.11
280 259.98
281 259.23
282 258.15
283 257.06
284 256.14
285 255.04
286 254.14
287 253.18
288 252.15
289 251.34
290 250.25
291 249.27
292 248.31
293 247.63
294 246.77
295 245.81
296 245.04
297 244.13
298 243.01
299 242
300 241.22
301 240.42
302 239.36
303 238.38
304 237.35
305 236.44
306 235.64
307 234.64
308 233.84
309 233.06
310 232.43
311 231.59
312 230.93
313 230.29
314 229.46
315 228.95
316 228.28
317 227.59
318 226.88
319 226.07
320 225.05
321 224.42
322 223.72
323 222.72
324 222.09
325 221.31
326 220.4
327 219.93
328 219.2
329 218.44
330 217.81
331 217.29
332 216.67
333 215.76
334 215.04
335 214.28
336 213.6
337 212.77
338 212
339 211.15
340 210.68
341 210.01
342 209.36
343 208.58
344 207.96
345 207.1
346 206.56
347 205.99
348 205.48
349 204.87
350 204.23
351 203.47
352 202.69
353 202.02
354 201.42
355 200.89
356 200.44
357 199.81
358 199.01
359 198.16
360 197.51
361 196.91
362 196.17
363 195.46
364 194.94
365 194.2
366 193.8
367 193.37
368 192.9
369 192.33
370 191.63
371 190.99
372 190.38
373 189.59
374 189.11
375 188.44
376 187.85
377 187.04
378 186.65
379 186.13
380 185.34
381 184.9
382 184.21
383 183.63
384 183.09
385 182.4
386 181.87
387 181.14
388 180.64
389 179.83
390 179.14
391 178.7
392 177.87
393 177.28
394 176.65
395 176.24
396 175.87
397 175.34
398 174.7
399 174.21
400 173.61
401 173.18
402 172.47
403 171.89
404 171.45
405 170.77
406 170.22
407 169.72
408 169.15
409 168.45
410 167.96
411 167.44
412 166.88
413 166.49
414 165.85
415 165.24
416 164.81
417 164.46
418 163.88
419 163.44
420 162.81
421 162.29
422 161.59
423 161.04
424 160.5
425 160.12
426 159.64
427 159.2
428 158.75
429 158.44
430 157.91
431 157.16
432 156.59
433 156.17
434 155.48
435 155.01
436 154.57
437 154.13
438 153.77
439 153.44
440 152.99
441 152.41
442 152.06
443 151.63
444 151.25
445 150.83
446 150.35
447 149.81
448 149.4
449 149.1
450 148.78
451 148.34
452 147.92
453 147.37
454 146.98
455 146.58
456 146.13
457 145.43
458 144.95
459 144.47
460 144.08
461 143.69
462 143.16
463 142.63
464 142.23
465 141.65
466 141.31
467 140.96
468 140.57
469 140.3
470 139.96
471 139.48
472 139.25
473 138.8
474 138.37
475 138.07
476 137.66
477 137.36
478 136.92
479 136.58
480 136.21
481 135.81
482 135.53
483 135
484 134.68
485 134.43
486 134.16
487 133.69
488 133.27
489 132.69
490 132.16
491 131.8
492 131.57
493 131.09
494 130.75
495 130.28
496 129.88
497 129.39
498 129.16
499 128.73
500 128.45
501 128.1
502 127.76
503 127.48
504 127.1
505 126.85
506 126.45
507 126.03
508 125.64
509 125.32
510 124.93
511 124.58
512 124.01
513 123.69
514 123.4
515 123.08
516 122.89
517 122.52
518 122.26
519 121.94
520 121.57
521 121.03
522 120.52
523 120.34
524 119.94
525 119.6
526 119.32
527 119.12
528 118.95
529 118.5
530 118.34
531 118.07
532 117.78
533 117.17
534 116.92
535 116.66
536 116.32
537 116.06
538 115.65
539 115.32
540 115.19
541 114.96
542 114.52
543 114.32
544 113.88
545 113.63
546 113.51
547 113.25
548 113.08
549 112.84
550 112.44
551 112.24
552 111.95
553 111.68
554 111.21
555 110.92
556 110.61
557 110.39
558 110.21
559 109.92
560 109.53
561 109.43
562 109.12
563 108.76
564 108.4
565 108.22
566 107.71
567 107.38
568 107.16
569 106.82
570 106.55
571 106.4
572 106.03
573 105.81
574 105.6
575 105.32
576 105
577 104.76
578 104.35
579 104.09
580 103.83
581 103.54
582 103.12
583 102.85
584 102.69
585 102.35
586 102
587 101.86
588 101.7
589 101.34
590 101.01
591 100.78
592 100.59
593 100.42
594 100.13
595 99.85
596 99.71
597 99.24
598 98.99
599 98.74
600 98.58
601 98.33
602 98.11
603 97.96
604 97.63
605 97.52
606 97.26
607 97.08
608 96.92
609 96.66
610 96.55
611 96.37
612 96.1
613 95.81
614 95.59
615 95.34
616 95.12
617 94.82
618 94.63
619 94.43
620 94.29
621 94.17
622 94.01
623 93.76
624 93.6
625 93.4
626 93.13
627 92.93
628 92.7
629 92.46
630 92.32
631 92.14
632 92.01
633 91.81
634 91.48
635 91.33
636 91.06
637 90.75
638 90.54
639 90.5
640 90.2
641 90.08
642 89.98
643 89.88
644 89.64
645 89.42
646 89.17
647 88.88
648 88.78
649 88.55
650 88.37
651 88.28
652 88.03
653 87.87
654 87.66
655 87.38
656 87.13
657 87.05
658 86.9
659 86.68
660 86.58
661 86.42
662 86.3
663 86.14
664 85.96
665 85.74
666 85.57
667 85.29
668 85.18
669 84.87
670 84.71
671 84.6
672 84.43
673 84.27
674 84.15
675 83.93
676 83.8
677 83.72
678 83.54
679 83.33
680 83.12
681 82.97
682 82.82
683 82.53
684 82.46
685 82.32
686 82.13
687 82.01
688 81.85
689 81.67
690 81.52
691 81.18
692 81.02
693 80.78
694 80.61
695 80.38
696 80.23
697 80.09
698 79.96
699 79.81
700 79.6
701 79.51
702 79.32
703 79.14
704 79.01
705 78.85
706 78.74
707 78.66
708 78.6
709 78.46
710 78.33
711 78.17
712 78.08
713 77.95
714 77.86
715 77.61
716 77.5
717 77.29
718 77.1
719 76.95
720 76.88
721 76.73
722 76.69
723 76.53
724 76.44
725 76.23
726 76.12
727 76
728 75.8
729 75.69
730 75.6
731 75.48
732 75.31
733 75.14
734 74.88
735 74.82
736 74.7
737 74.5
738 74.37
739 74.23
740 74.05
741 73.89
742 73.8
743 73.75
744 73.62
745 73.47
746 73.29
747 73.06
748 72.88
749 72.8
750 72.58
751 72.45
752 72.3
753 72.17
754 72.01
755 71.89
756 71.75
757 71.63
758 71.56
759 71.52
760 71.4
761 71.21
762 71.11
763 70.95
764 70.86
765 70.71
766 70.57
767 70.43
768 70.31
769 70.16
770 70.05
771 69.85
772 69.75
773 69.56
774 69.48
775 69.38
776 69.29
777 69.14
778 69.07
779 68.92
780 68.86
781 68.77
782 68.69
783 68.58
784 68.56
785 68.48
786 68.31
787 68.2
788 68.14
789 68
790 67.93
791 67.78
792 67.68
793 67.53
794 67.36
795 67.23
796 67.15
797 67.09
798 67.04
799 66.93
800 66.82
801 66.7
802 66.57
803 66.44
804 66.28
805 66.16
806 66.02
807 65.9
808 65.81
809 65.58
810 65.43
811 65.31
812 65.17
813 65.04
814 64.98
815 64.9
816 64.77
817 64.66
818 64.56
819 64.48
820 64.36
821 64.3
822 64.27
823 64.22
824 64.1
825 64.02
826 63.93
827 63.89
828 63.7
829 63.64
830 63.48
831 63.4
832 63.29
833 63.15
834 63.07
835 62.95
836 62.77
837 62.74
838 62.58
839 62.54
840 62.44
841 62.3
842 62.1
843 62.02
844 61.96
845 61.92
846 61.88
847 61.86
848 61.81
849 61.77
850 61.63
851 61.54
852 61.47
853 61.37
854 61.2
855 61.09
856 60.91
857 60.76
858 60.61
859 60.52
860 60.48
861 60.39
862 60.32
863 60.19
864 60.14
865 60.09
866 60.01
867 59.94
868 59.88
869 59.76
870 59.71
871 59.63
872 59.5
873 59.42
874 59.28
875 59.19
876 59.03
877 58.95
878 58.84
879 58.74
880 58.62
881 58.56
882 58.5
883 58.43
884 58.37
885 58.3
886 58.18
887 58.14
888 57.94
889 57.87
890 57.75
891 57.69
892 57.57
893 57.49
894 57.35
895 57.32
896 57.25
897 57.18
898 57.1
899 56.97
900 56.89
901 56.82
902 56.76
903 56.74
904 56.67
905 56.58
906 56.48
907 56.39
908 56.32
909 56.2
910 56.17
911 56.13
912 56.1
913 55.98
914 55.91
915 55.84
916 55.76
917 55.64
918 55.59
919 55.51
920 55.33
921 55.22
922 55.16
923 55.09
924 55.02
925 54.98
926 54.92
927 54.84
928 54.8
929 54.72
930 54.67
931 54.55
932 54.47
933 54.4
934 54.35
935 54.28
936 54.19
937 54.11
938 54.05
939 53.96
940 53.9
941 53.85
942 53.77
943 53.68
944 53.59
945 53.43
946 53.35
947 53.25
948 53.15
949 53.07
950 52.97
951 52.94
952 52.88
953 52.8
954 52.77
955 52.72
956 52.67
957 52.62
958 52.57
959 52.52
960 52.45
961 52.39
962 52.27
963 52.19
964 52.07
965 52.01
966 51.94
967 51.88
968 51.79
969 51.76
970 51.75
971 51.68
972 51.66
973 51.63
974 51.47
975 51.41
976 51.34
977 51.32
978 51.29
979 51.24
980 51.14
981 51.07
982 51
983 50.96
984 50.95
985 50.9
986 50.85
987 50.82
988 50.75
989 50.73
990 50.72
991 50.6
992 50.53
993 50.43
994 50.39
995 50.31
996 50.24
997 50.14
998 50.09
999 50.01
1000 49.96
1001 49.92
1002 49.86
1003 49.77
1004 49.73
1005 49.67
1006 49.62
1007 49.57
1008 49.51
1010 49.46
1011 49.41
1012 49.36
1013 49.32
1014 49.24
1015 49.21
1016 49.16
1017 49.12
1018 49.07
1019 49
1020 48.97
1021 48.93
1022 48.9
1023 48.84
1024 48.77
1025 48.71
1026 48.69
1027 48.64
1028 48.6
1029 48.53
1030 48.49
1031 48.46
1032 48.42
1033 48.39
1034 48.3
1035 48.21
1036 48.14
1037 48.05
1038 48
1039 47.99
1040 47.94
1041 47.92
1042 47.87
1043 47.79
1044 47.75
1045 47.72
1046 47.68
1047 47.51
1048 47.48
1049 47.45
1050 47.4
1051 47.37
1052 47.32
1053 47.23
1054 47.21
1055 47.18
1056 47.11
1057 47.07
1058 47.04
1059 46.99
1060 46.94
1061 46.89
1062 46.79
1063 46.67
1064 46.65
1065 46.64
1066 46.58
1067 46.54
1068 46.49
1069 46.46
1070 46.45
1071 46.33
1072 46.27
1073 46.23
1074 46.15
1075 46.08
1076 46.04
1077 45.95
1078 45.9
1079 45.85
1080 45.81
1081 45.74
1082 45.72
1083 45.7
1085 45.64
1086 45.57
1087 45.53
1088 45.49
1089 45.42
1090 45.4
1091 45.32
1092 45.29
1093 45.2
1094 45.18
1095 45.16
1096 45.14
1098 45.09
1099 45.06
1101 45.05
1102 45
1103 44.94
1104 44.85
1105 44.83
1106 44.81
1107 44.74
1108 44.73
1109 44.71
1110 44.63
1111 44.59
1112 44.57
1114 44.55
1115 44.53
1116 44.51
1118 44.46
1119 44.44
1120 44.38
1121 44.37
1122 44.33
1123 44.28
1124 44.26
1125 44.2
1126 44.19
1127 44.18
1128 44.13
1129 44.11
1130 44.1
1131 43.99
1133 43.94
1134 43.92
1135 43.9
1137 43.84
1138 43.81
1139 43.73
1140 43.7
1141 43.67
1142 43.65
1143 43.61
1144 43.59
1145 43.57
1147 43.5
1148 43.47
1149 43.4
1150 43.38
1151 43.35
1152 43.31
1153 43.27
1154 43.19
1155 43.14
1156 43.13
1157 43.08
1158 43.05
1159 42.99
1161 42.98
1162 42.95
1163 42.91
1164 42.9
1165 42.79
1166 42.75
1167 42.71
1168 42.69
1169 42.64
1170 42.58
1171 42.54
1172 42.48
1173 42.41
1174 42.4
1175 42.37
1176 42.34
1177 42.25
1178 42.22
1179 42.21
1180 42.2
1181 42.17
1182 42.13
1184 42.09
1185 42.08
1186 42.06
1187 42.04
1188 42.01
1189 41.99
1190 41.95
1191 41.9
1192 41.87
1193 41.86
1194 41.8
1195 41.78
1196 41.73
1198 41.67
1199 41.62
1200 41.59
1201 41.55
1202 41.5
1203 41.47
1205 41.44
1206 41.42
1207 41.4
1208 41.35
1209 41.33
1210 41.32
1211 41.27
1212 41.25
1213 41.18
1214 41.15
1215 41.11
1216 41.08
1217 41.01
1218 41
1220 40.97
1221 40.94
1222 40.9
1223 40.87
1224 40.85
1225 40.84
1226 40.8
1227 40.76
1228 40.74
1229 40.73
1230 40.71
1231 40.68
1232 40.67
1233 40.63
1234 40.62
1236 40.61
1239 40.57
1240 40.52
1241 40.51
1242 40.48
1243 40.46
1244 40.43
1245 40.39
1247 40.36
1248 40.34
1249 40.32
1250 40.3
1252 40.28
1253 40.26
1254 40.24
1256 40.18
1257 40.16
1258 40.15
1259 40.11
1260 40.08
1262 40.06
1263 40.03
1264 40
1266 39.99
1268 39.96
1269 39.93
1270 39.9
1271 39.86
1272 39.83
1273 39.81
1275 39.79
1276 39.76
1278 39.73
1280 39.7
1281 39.69
1282 39.68
1283 39.65
1284 39.62
1285 39.61
1286 39.53
1287 39.5
1288 39.45
1289 39.44
1290 39.43
1291 39.41
1292 39.37
1293 39.35
1294 39.33
1296 39.3
1297 39.22
1298 39.21
1299 39.17
1301 39.12
1302 39.11
1303 39.06
1304 39.04
1305 39.03
1306 39.02
1308 38.98
1309 38.96
1310 38.95
1311 38.92
1313 38.91
1314 38.88
1315 38.86
1316 38.83
1317 38.81
1318 38.8
1320 38.79
1321 38.77
1323 38.76
1324 38.75
1325 38.73
1326 38.68
1327 38.67
1329 38.66
1330 38.58
1331 38.55
1332 38.54
1333 38.53
1334 38.51
1335 38.49
1336 38.45
1338 38.44
1339 38.41
1341 38.38
1343 38.36
1344 38.34
1345 38.33
1348 38.3
1350 38.27
1351 38.25
1352 38.24
1353 38.22
1354 38.21
1355 38.18
1356 38.17
1357 38.15
1358 38.13
1359 38.12
1362 38.07
1363 38.05
1364 38.02
1366 37.96
1368 37.93
1369 37.9
1370 37.89
1371 37.85
1372 37.84
1373 37.81
1374 37.79
1375 37.76
1376 37.73
1377 37.71
1378 37.69
1382 37.62
1383 37.61
1385 37.58
1387 37.56
1388 37.53
1389 37.5
1391 37.46
1394 37.44
1395 37.43
1396 37.41
1398 37.39
1399 37.35
1400 37.34
1402 37.31
1405 37.29
1407 37.28
1409 37.27
1410 37.26
1411 37.25
1413 37.24
1414 37.23
1415 37.17
1416 37.16
1417 37.12
1418 37.11
1421 37.1
1423 37.08
1425 37.03
1426 37
1429 36.99
1430 36.96
1431 36.95
1432 36.94
1433 36.92
1434 36.9
1437 36.86
1439 36.84
1440 36.83
1441 36.81
1442 36.8
1443 36.79
1444 36.78
1445 36.75
1446 36.74
1447 36.71
1448 36.7
1449 36.69
1450 36.67
1452 36.66
1453 36.59
1454 36.56
1455 36.55
1456 36.54
1457 36.5
1458 36.47
1460 36.46
1461 36.45
1462 36.44
1463 36.41
1464 36.39
1465 36.37
1468 36.34
1469 36.33
1471 36.3
1472 36.29
1473 36.27
1474 36.26
1475 36.25
1477 36.22
1480 36.21
1481 36.2
1483 36.19
1485 36.18
1486 36.17
1489 36.1
1491 36.09
1493 36.07
1494 36.06
1496 36.03
1500 36.02
1502 36.01
1504 35.98
1506 35.95
1509 35.93
1511 35.92
1513 35.91
1514 35.9
1515 35.87
1517 35.86
1520 35.84
1521 35.83
1523 35.82
1524 35.81
1525 35.79
1527 35.78
1528 35.75
1529 35.74
1530 35.73
1531 35.71
1532 35.69
1533 35.67
1534 35.65
1538 35.64
1542 35.62
1545 35.61
1546 35.59
1548 35.58
1549 35.56
1550 35.54
1551 35.53
1554 35.52
1555 35.51
1556 35.5
1561 35.49
1562 35.47
1563 35.46
1564 35.44
1565 35.42
1566 35.39
1567 35.36
1568 35.33
1578 35.32
1579 35.3
1580 35.29
1582 35.28
1583 35.27
1585 35.25
1586 35.23
1587 35.19
1589 35.18
1590 35.14
1592 35.13
1593 35.12
1594 35.11
1595 35.09
1598 35.08
1599 35.07
1600 35.05
1601 35.04
1603 35.03
1604 35
1605 34.99
1606 34.96
1607 34.93
1610 34.92
1613 34.9
1615 34.88
1618 34.86
1621 34.78
1623 34.75
1624 34.74
1625 34.72
1627 34.71
1629 34.69
1630 34.68
1632 34.67
1633 34.65
1634 34.61
1635 34.6
1636 34.59
1639 34.56
1640 34.53
1642 34.52
1643 34.51
1644 34.5
1645 34.48
1648 34.46
1649 34.43
1650 34.42
1652 34.38
1653 34.36
1654 34.33
1656 34.32
1657 34.31
1658 34.3
1659 34.25
1661 34.24
1662 34.23
1665 34.22
1666 34.21
1669 34.2
1675 34.17
1677 34.16
1678 34.14
1680 34.13
1682 34.11
1684 34.1
1685 34.08
1689 34.06
1691 34.05
1692 34.04
1694 34.03
1697 34.02
1698 34.01
1701 34
1702 33.96
1703 33.95
1704 33.94
1709 33.93
1714 33.92
1715 33.9
1717 33.89
1718 33.88
1721 33.87
1723 33.86
1724 33.85
1725 33.84
1726 33.83
1727 33.82
1730 33.81
1733 33.8
1734 33.79
1735 33.78
1737 33.77
1742 33.74
1744 33.73
1745 33.7
1746 33.69
1747 33.68
1748 33.67
1749 33.66
1750 33.65
1754 33.64
1757 33.63
1761 33.6
1763 33.59
1765 33.58
1766 33.57
1767 33.56
1770 33.55
1772 33.54
1773 33.52
1777 33.51
1778 33.5
1780 33.49
1781 33.48
1782 33.46
1784 33.45
1785 33.44
1787 33.42
1791 33.39
1799 33.38
1801 33.37
1802 33.34
1809 33.33
1811 33.31
1814 33.3
1816 33.29
1817 33.28
1821 33.27
1823 33.26
1831 33.25
1834 33.24
1835 33.23
1836 33.22
1837 33.2
1840 33.19
1841 33.18
1843 33.17
1844 33.16
1846 33.15
1858 33.14
1860 33.1
1863 33.09
1864 33.05
1870 33.04
1874 33.03
1878 33.02
1882 33.01
1887 32.99
1888 32.98
1889 32.97
1890 32.95
1891 32.94
1893 32.93
1894 32.91
1897 32.9
1899 32.89
1904 32.88
1905 32.87
1906 32.86
1907 32.85
1909 32.84
1915 32.83
1928 32.81
1929 32.8
1930 32.79
1931 32.78
1939 32.77
1940 32.76
1950 32.74
1952 32.73
1956 32.71
1965 32.7
1967 32.68
1968 32.67
1973 32.66
1976 32.65
1986 32.64
1994 32.63
1995 32.62
1996 32.61
1998 32.6
2001 32.59
2004 32.58
2005 32.57
2008 32.56
2017 32.54
2018 32.52
2022 32.51
2024 32.5
2025 32.48
2026 32.47
2031 32.46
2039 32.45
2042 32.44
2048 32.43
2049 32.42
2052 32.41
2077 32.4
2080 32.39
2083 32.38
2093 32.37
2094 32.36
2106 32.35
2108 32.34
2115 32.33
2117 32.32
2119 32.31
2120 32.3
2121 32.29
2124 32.28
2155 32.27
2170 32.26
2172 32.25
2175 32.24
2178 32.23
2181 32.22
2193 32.21
2197 32.2
2200 32.19
2205 32.18
2206 32.17
2210 32.16
2214 32.15
2217 32.14
2223 32.13
2228 32.12
2242 32.11
2262 32.1
2268 32.09
2280 32.08
2288 32.07
2297 32.04
2299 32.03
2308 32.02
2319 32.01
2327 32
2331 31.99
2336 31.98
2341 31.97
2361 31.96
2371 31.95
2382 31.94
2384 31.93
2388 31.92
2405 31.91
2406 31.9
2412 31.89
2418 31.88
2434 31.87
2457 31.86
2484 31.85
2491 31.84
2494 31.83
2508 31.82
2528 31.81
2534 31.8
2541 31.79
2542 31.78
2583 31.77
2624 31.76
2656 31.75
2662 31.74
2683 31.73
2695 31.72
2738 31.71
2749 31.7
2759 31.69
2765 31.68
2774 31.67
2815 31.66
2819 31.65
2825 31.64
2836 31.63
2847 31.62
2900 31.61
2909 31.6
2915 31.59
2918 31.58
2936 31.57
2976 31.56
2990 31.55
3014 31.54
3070 31.53
3151 31.52
3156 31.51
3161 31.5
3168 31.49
3171 31.48
3172 31.47
3181 31.46
3215 31.45
3239 31.44
3245 31.43
3252 31.42
3292 31.41
3348 31.4
3394 31.39
3408 31.38
3419 31.37
3423 31.36
3437 31.35
3463 31.34
3471 31.33
3477 31.32
3529 31.31
3558 31.3
3589 31.29
3590 31.28
3625 31.27
3734 31.26
3750 31.25
3759 31.24
3823 31.23
3838 31.22
3843 31.21
3846 31.2
3856 31.19
3860 31.18
3865 31.17
3881 31.16
3933 31.15
3981 31.14
4049 31.13
4058 31.12
4076 31.11
4099 31.1
4113 31.09
4156 31.08
4170 31.07
4173 31.06
4271 31.04
4304 31.03
4315 31.02
4342 31.01
4361 31
4371 30.99
4372 30.98
4377 30.97
4384 30.96
4417 30.95
4446 30.94
4447 30.93
4459 30.92
4482 30.91
4588 30.89
4611 30.88
4614 30.87
4669 30.86
4678 30.85
4680 30.84
4692 30.83
4729 30.82
4735 30.81
4755 30.79
4784 30.78
4808 30.77
4877 30.76
4887 30.75
4897 30.74
4907 30.73
4919 30.72
4923 30.71
4925 30.7
4961 30.69
4992 30.67
5023 30.66
5056 30.65
5099 30.64
5121 30.63
5122 30.62
5128 30.61
5142 30.6
5164 30.59
5194 30.58
5230 30.57
5285 30.56
5288 30.55
5363 30.54
5396 30.53
5473 30.52
5539 30.51
5550 30.5
5553 30.49
5565 30.48
5595 30.46
5607 30.45
5628 30.43
5644 30.42
5670 30.4
5683 30.39
5705 30.38
5713 30.36
5717 30.35
5732 30.34
5748 30.33
5757 30.32
5855 30.31
5856 30.3
5859 30.29
5945 30.28
5949 30.27
5981 30.26
5982 30.25
6028 30.24
6033 30.23
6038 30.22
6060 30.21
6116 30.2
6123 30.19
6127 30.18
6194 30.17
6225 30.16
6254 30.15
6314 30.14
6366 30.13
6409 30.12
6425 30.11
6451 30.1
6458 30.09
6497 30.08
6507 30.07
6513 30.06
6518 30.05
6519 30.04
6527 30.03
6540 30.02
6550 30.01
6575 30
6586 29.99
6623 29.98
6665 29.97
6673 29.96
6674 29.95
6710 29.94
6776 29.93
6793 29.92
6831 29.91
6862 29.9
6930 29.89
6939 29.88
6950 29.87
6962 29.86
7075 29.85
7097 29.84
7114 29.83
7159 29.82
7204 29.81
7236 29.8
7315 29.79
7327 29.78
7333 29.77
7361 29.76
7381 29.75
7397 29.74
7402 29.73
7421 29.72
7429 29.71
7446 29.7
7511 29.69
7514 29.68
7557 29.67
7593 29.66
7615 29.65
7628 29.64
7637 29.63
7639 29.62
7672 29.61
7708 29.6
7781 29.59
7790 29.58
7904 29.56
7919 29.55
8014 29.54
8062 29.53
8149 29.52
8153 29.51
8162 29.5
8164 29.49
8176 29.48
8206 29.47
8224 29.46
8252 29.45
8255 29.44
8331 29.43
8339 29.42
8349 29.41
8441 29.4
8445 29.39
8597 29.38
8654 29.37
8663 29.36
8664 29.35
8699 29.34
8781 29.33
9009 29.32
9142 29.31
9182 29.3
9222 29.29
9238 29.28
9244 29.27
9246 29.26
9293 29.25
9299 29.24
9343 29.23
9419 29.22
9448 29.21
9507 29.2
9568 29.18
9583 29.17
9623 29.16
9634 29.15
9669 29.14
9731 29.13
9735 29.12
9743 29.11
9799 29.1
9810 29.09
9820 29.08
9825 29.07
9843 29.06
9844 29.05
9887 29.04
9892 29.03
9910 29.02
9987 29.01
10084 29
10135 28.99
10202 28.98
10222 28.97
10242 28.96
10277 28.95
10291 28.94
10297 28.93
10300 28.92
10317 28.91
10346 28.9
10353 28.89
10380 28.88
10412 28.87
10413 28.86
10453 28.85
10479 28.84
10513 28.83
10565 28.82
10572 28.81
10609 28.8
10676 28.79
10697 28.78
10748 28.77
10773 28.76
10787 28.75
10822 28.74
10872 28.73
10955 28.72
10962 28.71
10993 28.7
11076 28.69
11100 28.68
11195 28.67
11230 28.66
11295 28.65
11352 28.64
11428 28.63
11496 28.62
11511 28.61
11526 28.6
11559 28.59
11574 28.58
11577 28.57
11617 28.56
11634 28.55
11660 28.54
11661 28.53
11668 28.52
11678 28.51
11685 28.5
11688 28.49
11698 28.48
11717 28.46
11720 28.45
11748 28.44
11756 28.43
11770 28.42
11791 28.41
11794 28.4
11837 28.39
11896 28.38
11942 28.37
12003 28.36
12011 28.35
12123 28.34
12209 28.33
12260 28.32
12265 28.31
12324 28.3
12333 28.29
12359 28.28
12443 28.27
12448 28.26
12495 28.25
12525 28.24
12573 28.23
12599 28.22
12642 28.21
12704 28.2
12718 28.19
12730 28.18
12834 28.17
12887 28.16
12956 28.15
13058 28.14
13090 28.13
13169 28.12
13394 28.11
13397 28.1
13517 28.09
13525 28.08
13652 28.07
13659 28.06
13741 28.05
13744 28.04
13778 28.03
13800 28.02
13816 28.01
13999 28
14011 27.99
14029 27.98
14043 27.97
14063 27.96
14107 27.95
14212 27.94
14226 27.93
14240 27.92
14310 27.91
14415 27.9
14416 27.89
14427 27.88
14483 27.87
14514 27.86
14574 27.85
14632 27.84
14640 27.83
14655 27.82
14744 27.81
14748 27.8
14755 27.79
14756 27.78
14944 27.77
14945 27.76
15006 27.75
15012 27.74
15024 27.73
15070 27.72
15083 27.71
15170 27.7
15172 27.69
15176 27.68
15213 27.67
15238 27.66
15242 27.65
15248 27.64
15259 27.63
15321 27.62
15422 27.61
15425 27.6
15434 27.59
15468 27.58
15472 27.57
15541 27.56
15542 27.55
15628 27.54
15637 27.53
15651 27.52
15679 27.51
15730 27.5
15731 27.49
15761 27.48
15770 27.47
15820 27.46
15826 27.45
15887 27.44
15890 27.43
15962 27.42
15963 27.41
15985 27.4
15989 27.39
16008 27.38
16034 27.37
16076 27.36
16088 27.35
16141 27.34
16173 27.33
16185 27.32
16204 27.31
16273 27.3
16285 27.29
16362 27.28
16370 27.27
16386 27.26
16458 27.25
16616 27.24
16734 27.23
16746 27.22
16770 27.21
16791 27.2
16854 27.19
16903 27.18
16916 27.17
16955 27.16
16958 27.15
16972 27.14
16996 27.13
17058 27.12
17123 27.11
17182 27.1
17248 27.09
17278 27.08
17325 27.07
17400 27.06
17402 27.05
17479 27.04
17605 27.03
17651 27.02
17730 27.01
17771 27
17874 26.99
18006 26.98
18056 26.97
18074 26.96
18117 26.95
18123 26.94
18168 26.93
18187 26.92
18290 26.91
18310 26.9
18328 26.89
18353 26.88
18388 26.87
18565 26.86
18625 26.85
18685 26.84
18716 26.83
18731 26.82
18755 26.81
18851 26.8
18914 26.79
19052 26.78
19077 26.77
19100 26.76
19153 26.75
19241 26.74
19335 26.73
19345 26.72
19379 26.71
19406 26.7
19453 26.69
19517 26.68
19541 26.67
19648 26.66
19674 26.65
19771 26.64
19813 26.63
19875 26.62
19930 26.61
19946 26.6
20093 26.59
20129 26.58
20199 26.57
20288 26.56
20326 26.55
20363 26.54
20383 26.53
20419 26.52
20466 26.51
20522 26.5
20542 26.49
20549 26.48
20568 26.47
20591 26.46
20781 26.45
20802 26.44
20812 26.43
20888 26.42
20897 26.41
20928 26.4
21028 26.39
21086 26.38
21121 26.37
21152 26.36
21207 26.35
21257 26.34
21266 26.33
21366 26.32
21379 26.31
21392 26.3
21395 26.29
21403 26.28
21434 26.26
21479 26.25
21638 26.24
21749 26.23
21767 26.22
21815 26.21
21924 26.2
21947 26.19
21990 26.18
22040 26.17
22053 26.16
22069 26.15
22142 26.14
22151 26.13
22167 26.12
22239 26.11
22240 26.1
22256 26.09
22298 26.08
22306 26.07
22529 26.06
22544 26.05
22746 26.04
22839 26.03
22851 26.02
22890 26.01
22895 26
22896 25.99
23017 25.98
23037 25.97
23044 25.96
23087 25.95
23122 25.94
23276 25.93
23314 25.92
23327 25.91
23474 25.9
23540 25.89
23621 25.88
23634 25.87
23662 25.86
23674 25.85
23704 25.84
23818 25.83
23873 25.82
23912 25.81
23919 25.8
23980 25.79
23995 25.78
24124 25.77
24133 25.76
24175 25.75
24197 25.74
24300 25.73
24309 25.72
24342 25.71
24345 25.69
24409 25.68
24428 25.67
24480 25.66
24620 25.65
24670 25.64
24825 25.63
24870 25.62
24874 25.61
24879 25.6
24910 25.59
25113 25.58
25217 25.57
25310 25.56
25341 25.55
25376 25.54
25407 25.53
25499 25.52
25571 25.51
25651 25.5
25760 25.49
25796 25.48
25894 25.47
25940 25.46
25953 25.45
25965 25.44
25983 25.43
26005 25.42
26010 25.41
26121 25.4
26183 25.39
26377 25.38
26691 25.37
26744 25.36
26926 25.35
26986 25.34
27034 25.33
27038 25.32
27074 25.31
27208 25.3
27258 25.29
27380 25.28
27381 25.27
27509 25.26
27514 25.25
27536 25.24
27658 25.23
27664 25.22
27784 25.21
27823 25.2
27833 25.19
27961 25.18
27968 25.17
27995 25.16
28025 25.15
28038 25.14
28092 25.13
28102 25.12
28125 25.11
28126 25.1
28141 25.09
28241 25.08
28294 25.07
28545 25.06
28565 25.05
28580 25.04
28649 25.03
28692 25.02
28769 25.01
28794 25
28851 24.99
28855 24.98
28885 24.97
28898 24.96
28912 24.95
28964 24.94
28973 24.93
29117 24.92
29148 24.91
29164 24.9
29199 24.89
29321 24.88
29339 24.87
29465 24.86
29513 24.85
29544 24.84
29545 24.83
29663 24.82
29708 24.81
29896 24.8
29949 24.79
29985 24.78
30004 24.77
30010 24.76
30095 24.75
30127 24.74
30222 24.73
30245 24.72
30293 24.71
30300 24.7
30303 24.69
30388 24.68
30407 24.67
30443 24.66
30570 24.65
30589 24.64
30667 24.63
30691 24.62
30709 24.61
30741 24.6
30791 24.59
30949 24.58
30977 24.57
31005 24.56
31006 24.55
31045 24.54
31106 24.53
31274 24.52
31390 24.51
31396 24.5
31447 24.49
31510 24.48
31597 24.47
31636 24.46
31752 24.45
31783 24.44
31835 24.43
31904 24.42
31905 24.41
32036 24.4
32248 24.39
32300 24.38
32327 24.37
32428 24.36
32469 24.35
32514 24.34
32533 24.33
32738 24.32
32766 24.31
32878 24.3
33139 24.29
33204 24.28
33230 24.27
33295 24.26
33328 24.25
33370 24.24
33438 24.23
33458 24.22
33475 24.21
33597 24.2
33622 24.19
33633 24.18
33765 24.17
33807 24.16
33819 24.15
33825 24.14
33839 24.13
33879 24.12
33942 24.11
33965 24.1
34036 24.09
34062 24.08
34079 24.07
34255 24.06
34276 24.05
34295 24.04
34358 24.03
34441 24.02
34445 24.01
34503 24
34574 23.99
34690 23.98
34762 23.97
34901 23.96
34907 23.95
34929 23.94
35055 23.93
35113 23.92
35123 23.91
35190 23.9
35334 23.89
35412 23.88
35435 23.87
35495 23.86
35535 23.85
35546 23.84
35588 23.83
35592 23.82
35638 23.81
35932 23.8
36060 23.79
36316 23.78
36470 23.77
36526 23.76
36528 23.75
36705 23.74
36715 23.73
36780 23.72
36789 23.71
36858 23.7
36960 23.69
36982 23.68
36991 23.67
37086 23.66
37097 23.65
37121 23.64
37139 23.63
37205 23.62
37386 23.61
37454 23.6
37800 23.59
37839 23.58
38016 23.57
38032 23.56
38046 23.55
38087 23.54
38403 23.53
38432 23.52
38462 23.51
38489 23.5
38557 23.49
38637 23.48
38645 23.47
38728 23.46
38981 23.45
39056 23.44
39140 23.43
39194 23.42
39241 23.41
39330 23.4
39385 23.39
39439 23.38
39502 23.37
39512 23.36
39518 23.35
39561 23.34
39574 23.33
39615 23.32
39826 23.31
39990 23.3
40389 23.29
40392 23.28
40417 23.27
40433 23.26
40435 23.25
40615 23.24
40803 23.23
40850 23.22
40917 23.21
40967 23.2
40979 23.19
41051 23.18
41121 23.17
41134 23.16
41235 23.15
41260 23.14
41315 23.13
41480 23.12
41507 23.11
41603 23.1
41656 23.09
41679 23.08
41734 23.07
41880 23.06
42015 23.05
42067 23.04
42218 23.03
42292 23.02
42560 23.01
42620 23
42633 22.99
42634 22.98
42764 22.97
42785 22.96
42819 22.95
42955 22.94
43077 22.93
43231 22.92
43255 22.91
43302 22.9
43468 22.89
43537 22.88
43552 22.87
43735 22.86
43749 22.85
43835 22.84
43837 22.83
44007 22.82
44031 22.81
44364 22.8
44482 22.79
44788 22.78
44797 22.77
44855 22.76
44905 22.75
44963 22.74
45348 22.73
45460 22.72
45483 22.71
45638 22.7
45714 22.69
45811 22.68
45827 22.67
45913 22.66
45933 22.65
46077 22.64
46084 22.63
46214 22.62
46444 22.61
46463 22.6
46804 22.59
46978 22.58
47173 22.57
47205 22.56
47285 22.55
47417 22.54
47840 22.53
47977 22.52
48004 22.51
48084 22.5
48133 22.49
48361 22.48
48518 22.47
48624 22.46
48786 22.45
48869 22.44
48891 22.43
48913 22.42
48955 22.41
49073 22.4
49087 22.39
49090 22.38
49093 22.37
49110 22.36
49282 22.35
49365 22.34
49404 22.33
49524 22.32
49682 22.31
49782 22.3
49883 22.29
49931 22.28
50007 22.27
50010 22.26
50176 22.25
50302 22.24
50385 22.23
50450 22.22
50652 22.21
50897 22.2
51410 22.19
51437 22.18
51653 22.17
51754 22.16
51845 22.15
51862 22.14
51896 22.13
51908 22.12
51978 22.11
51983 22.1
52043 22.09
52153 22.08
52843 22.07
52871 22.06
52900 22.05
52998 22.04
53162 22.03
53275 22.02
53282 22.01
53320 22
53596 21.99
53738 21.98
53750 21.97
53789 21.96
54138 21.95
54163 21.94
54288 21.93
54348 21.92
54400 21.91
54460 21.9
54472 21.89
54566 21.88
54597 21.87
54696 21.86
54711 21.85
54814 21.84
54822 21.83
55036 21.82
55037 21.81
55106 21.8
55519 21.79
55528 21.78
55540 21.77
55665 21.76
55725 21.75
55769 21.74
55853 21.73
55992 21.72
55997 21.71
56359 21.7
56459 21.69
56564 21.68
56630 21.67
56958 21.66
56960 21.65
56975 21.64
57107 21.63
57131 21.62
57143 21.61
57378 21.6
57383 21.59
57617 21.58
57862 21.57
58034 21.56
58054 21.55
58191 21.54
58271 21.53
58307 21.52
58410 21.51
58486 21.5
58540 21.49
58618 21.48
58847 21.47
59167 21.46
59255 21.45
59296 21.44
59401 21.43
59611 21.42
59847 21.41
59883 21.4
60037 21.39
60051 21.38
60093 21.37
60121 21.36
60123 21.35
60163 21.34
60490 21.33
60512 21.32
60967 21.31
61120 21.3
61260 21.29
61467 21.28
61566 21.27
61647 21.26
61844 21.25
61976 21.24
62127 21.23
62183 21.22
62372 21.21
62545 21.2
62612 21.19
62648 21.18
62872 21.17
62931 21.15
62972 21.14
63049 21.13
63147 21.12
63167 21.11
63329 21.1
63730 21.09
63888 21.08
63972 21.07
63989 21.06
63991 21.05
63999 21.04
64044 21.03
64053 21.02
64112 21.01
64206 21
64248 20.99
64378 20.98
64753 20.97
64774 20.96
64796 20.95
64903 20.94
64965 20.93
65012 20.92
65068 20.91
65140 20.9
65288 20.89
65312 20.88
65347 20.87
65369 20.86
65471 20.85
65523 20.84
65627 20.83
65706 20.82
65977 20.81
65978 20.8
66022 20.79
66087 20.78
66109 20.77
66300 20.76
66469 20.75
66498 20.74
66517 20.73
66557 20.72
66662 20.71
66878 20.7
67096 20.69
67256 20.68
67391 20.67
67668 20.66
67985 20.65
68035 20.64
68054 20.63
68102 20.62
68133 20.61
68210 20.6
68388 20.59
68394 20.58
68420 20.57
68428 20.56
68437 20.55
68514 20.54
68580 20.53
68707 20.52
68999 20.51
69201 20.5
69579 20.49
69619 20.48
69837 20.47
70101 20.46
70244 20.45
70286 20.44
70425 20.43
70589 20.42
70629 20.41
70688 20.4
70775 20.39
70797 20.38
70908 20.37
70994 20.36
71240 20.35
71348 20.34
71554 20.33
71737 20.32
72030 20.31
72037 20.3
72062 20.29
72283 20.28
72559 20.27
72888 20.26
72948 20.25
73020 20.24
73060 20.23
73216 20.22
73448 20.21
73558 20.2
73913 20.19
73944 20.18
74348 20.17
74370 20.16
74392 20.15
74547 20.14
74557 20.13
74859 20.12
75079 20.11
75218 20.1
75258 20.09
75278 20.08
75425 20.07
75472 20.06
75980 20.05
76110 20.04
76275 20.03
76305 20.02
76666 20.01
76702 20
76851 19.99
77182 19.98
77484 19.97
77755 19.96
77869 19.95
78000 19.94
78168 19.93
78221 19.92
78288 19.91
78310 19.9
78417 19.89
78556 19.88
78614 19.87
78752 19.86
78764 19.85
78862 19.84
78885 19.83
78932 19.82
79067 19.81
79099 19.8
79679 19.79
79691 19.78
80016 19.77
80268 19.76
80320 19.75
80335 19.74
80338 19.73
80473 19.72
80521 19.71
80764 19.7
80961 19.69
81053 19.68
81342 19.67
81405 19.66
81602 19.65
82071 19.64
82235 19.63
82240 19.62
82663 19.61
82678 19.6
82983 19.59
83760 19.58
83827 19.57
83888 19.56
84093 19.55
84104 19.54
84632 19.53
84642 19.52
84651 19.51
84935 19.5
85012 19.49
85195 19.48
85281 19.47
85487 19.46
85598 19.45
85635 19.44
85645 19.43
85835 19.42
85862 19.41
85919 19.4
86092 19.39
86280 19.38
86295 19.37
86373 19.36
86475 19.35
86527 19.34
86652 19.33
87107 19.32
87351 19.31
87723 19.3
88051 19.29
88107 19.28
88787 19.27
88869 19.26
88879 19.25
88950 19.23
89171 19.22
89263 19.21
90131 19.2
90147 19.19
90394 19.18
90491 19.17
90567 19.16
90825 19.15
91115 19.14
91288 19.13
91327 19.12
91715 19.11
91939 19.1
92425 19.09
92542 19.08
92750 19.07
93184 19.06
93236 19.05
93338 19.04
93660 19.03
93672 19.02
93689 19.01
93720 19
93778 18.99
93935 18.98
93973 18.97
94123 18.96
94454 18.95
94528 18.94
94634 18.93
94671 18.92
94780 18.91
95037 18.9
95092 18.89
95131 18.88
95178 18.87
95272 18.86
95463 18.85
95694 18.84
96303 18.83
96354 18.82
96371 18.81
96376 18.8
96575 18.79
96613 18.78
96622 18.77
97002 18.76
97277 18.75
97374 18.74
97572 18.73
97670 18.72
97683 18.71
97687 18.7
97765 18.69
97794 18.68
97831 18.67
97927 18.66
98068 18.65
99360 18.64
99592 18.63
99936 18.62
100063 18.61
100141 18.6
100256 18.59
100748 18.58
101149 18.57
101193 18.56
101462 18.55
101722 18.54
102405 18.53
102486 18.52
102528 18.51
102689 18.5
102806 18.49
102825 18.48
102884 18.47
103375 18.46
103462 18.45
103619 18.44
103672 18.43
103812 18.42
104093 18.41
104368 18.4
104436 18.39
104442 18.38
104769 18.37
105440 18.36
105493 18.35
105573 18.34
105587 18.33
105772 18.32
105847 18.31
106073 18.3
106111 18.29
106590 18.28
106858 18.27
107178 18.26
107571 18.25
107626 18.24
108301 18.23
108331 18.22
108836 18.21
109297 18.2
109596 18.19
109608 18.18
109655 18.17
110004 18.16
110485 18.15
110953 18.14
111290 18.13
111351 18.12
111687 18.11
111843 18.1
111934 18.09
112000 18.08
112227 18.07
112660 18.06
112729 18.05
112761 18.04
112907 18.03
113280 18.02
113429 18.01
113685 18
113830 17.99
114020 17.98
114026 17.97
114417 17.96
114447 17.95
114597 17.94
114826 17.93
114972 17.92
115055 17.91
115147 17.9
115467 17.89
115711 17.88
115782 17.87
116038 17.86
116219 17.85
116252 17.84
116297 17.83
116381 17.82
116633 17.81
116660 17.8
117041 17.79
117238 17.78
118208 17.77
118259 17.76
118826 17.75
118883 17.74
118930 17.73
119315 17.72
119891 17.71
120612 17.7
120787 17.69
121163 17.68
121827 17.67
122246 17.66
123458 17.65
123514 17.64
123562 17.63
123622 17.62
123935 17.61
124317 17.6
124396 17.59
124399 17.58
125005 17.57
126282 17.56
126324 17.55
126385 17.54
126530 17.53
127384 17.52
127712 17.51
127769 17.5
129436 17.49
129500 17.48
129541 17.47
129738 17.46
130164 17.45
130222 17.44
130343 17.43
130389 17.42
130760 17.41
131751 17.4
131856 17.39
132480 17.38
132790 17.37
132851 17.36
133141 17.35
133190 17.34
134777 17.33
135253 17.32
135992 17.31
136015 17.3
137209 17.29
137210 17.28
137637 17.27
137749 17.26
137828 17.25
138485 17.24
139000 17.23
139030 17.22
139052 17.21
139258 17.2
139421 17.19
140235 17.18
140613 17.17
140809 17.16
140887 17.15
141756 17.14
142128 17.13
142321 17.12
142323 17.11
143003 17.1
143223 17.09
143522 17.08
143644 17.07
143765 17.06
144252 17.05
144317 17.04
144477 17.03
144482 17.02
144769 17.01
145049 17
145520 16.99
145969 16.98
145989 16.97
146785 16.96
146850 16.95
147105 16.94
147727 16.93
147735 16.92
148138 16.91
148173 16.9
148520 16.89
148872 16.88
148927 16.87
149253 16.86
149288 16.85
149493 16.84
149572 16.83
150886 16.82
151231 16.81
151444 16.8
151524 16.79
151528 16.78
151931 16.77
152102 16.76
152632 16.75
152811 16.74
153066 16.73
153349 16.72
153393 16.71
153478 16.7
153768 16.69
153883 16.68
154218 16.67
154372 16.66
154658 16.65
155299 16.64
155350 16.63
155452 16.62
155678 16.61
155787 16.6
157257 16.59
158437 16.58
158708 16.57
158813 16.56
159417 16.55
159464 16.54
159683 16.53
159729 16.52
159847 16.51
160008 16.5
160484 16.48
160581 16.47
160727 16.46
160965 16.45
161180 16.44
161565 16.43
161817 16.42
161846 16.41
162084 16.4
162296 16.39
163068 16.38
163520 16.37
163561 16.36
164222 16.35
165222 16.34
165296 16.33
165720 16.32
165917 16.31
166282 16.3
166356 16.29
166888 16.28
167332 16.27
167716 16.26
168161 16.25
168382 16.24
168841 16.23
168888 16.22
168908 16.21
169055 16.2
169178 16.19
169848 16.18
170618 16.17
170959 16.16
171562 16.15
172135 16.14
173247 16.13
173376 16.12
173773 16.11
174021 16.1
174487 16.09
174917 16.08
174989 16.07
175240 16.06
175241 16.05
175358 16.04
175530 16.03
176263 16.02
176343 16.01
176646 16
177358 15.99
177587 15.98
177728 15.97
178289 15.96
178607 15.95
178669 15.94
178699 15.93
178953 15.92
179385 15.91
179579 15.9
179659 15.89
179668 15.88
179785 15.87
180010 15.86
180327 15.85
180857 15.84
180968 15.83
181863 15.82
182831 15.81
183539 15.8
183545 15.79
183660 15.78
183727 15.77
184232 15.76
184414 15.75
184671 15.74
184679 15.73
184833 15.72
184873 15.71
184958 15.7
185038 15.69
185339 15.68
185620 15.67
185925 15.66
186419 15.65
186561 15.64
186708 15.63
187009 15.62
187343 15.61
187373 15.6
188364 15.59
188856 15.58
188991 15.57
189581 15.56
190411 15.55
190689 15.54
190993 15.53
191471 15.52
191758 15.51
192929 15.5
192931 15.49
193158 15.48
193249 15.47
194536 15.46
195400 15.45
195477 15.44
195880 15.43
196522 15.42
197117 15.41
197554 15.4
197737 15.39
198133 15.38
198165 15.37
198277 15.36
198331 15.35
198777 15.34
198914 15.33
199589 15.32
199610 15.31
201457 15.3
201669 15.29
201809 15.28
202137 15.27
203080 15.26
203192 15.25
204154 15.24
204306 15.23
204432 15.22
205525 15.21
205729 15.2
206157 15.19
206230 15.18
206282 15.17
206371 15.16
206410 15.15
207744 15.14
207837 15.13
208523 15.12
208571 15.11
208691 15.1
209056 15.09
210467 15.08
210852 15.07
211071 15.06
211423 15.05
213743 15.04
213956 15.03
214592 15.02
214639 15.01
215466 15
216462 14.99
216702 14.98
216918 14.97
217445 14.96
217478 14.95
217752 14.94
217868 14.93
218417 14.92
218452 14.91
218561 14.9
218868 14.89
219240 14.88
219490 14.87
219978 14.86
220099 14.85
220467 14.84
221051 14.83
221239 14.82
221376 14.81
221715 14.8
221993 14.79
222272 14.78
222408 14.77
222503 14.76
223981 14.75
224157 14.74
224335 14.73
225080 14.72
225422 14.71
225427 14.7
226033 14.69
226825 14.68
227022 14.67
228044 14.66
229029 14.65
229095 14.64
229494 14.63
231410 14.62
232620 14.61
232911 14.6
234080 14.59
235531 14.58
235891 14.57
236568 14.56
237276 14.55
238063 14.54
238767 14.53
240183 14.52
240647 14.51
241763 14.5
242038 14.49
242295 14.48
246268 14.47
247301 14.46
247603 14.45
247615 14.44
249057 14.43
249515 14.42
250667 14.41
250745 14.4
251644 14.39
253139 14.38
253369 14.37
253722 14.36
253997 14.35
254458 14.34
254926 14.33
255017 14.32
255444 14.31
255569 14.3
257088 14.29
257254 14.28
257896 14.27
258607 14.26
258980 14.25
259030 14.24
259043 14.23
259622 14.22
260737 14.21
261150 14.2
261587 14.19
262077 14.18
262437 14.17
262863 14.16
263149 14.15
263235 14.14
263635 14.13
263951 14.12
264243 14.11
265037 14.1
267572 14.09
269267 14.08
269324 14.07
269428 14.06
270133 14.05
270147 14.04
271769 14.03
273814 14.02
274560 14.01
274639 14
275134 13.99
276301 13.98
277005 13.97
277534 13.96
279136 13.95
279569 13.94
279741 13.93
279982 13.92
280040 13.91
280307 13.9
280547 13.89
280891 13.88
281500 13.87
281817 13.86
282615 13.85
284505 13.84
285144 13.83
285246 13.82
285742 13.81
285744 13.8
287393 13.79
287623 13.78
287858 13.77
287940 13.76
288468 13.75
288804 13.74
288864 13.73
288937 13.72
289310 13.71
290178 13.7
290205 13.69
290545 13.68
291308 13.67
291567 13.66
292065 13.65
292435 13.64
292994 13.63
293428 13.62
293533 13.61
293552 13.6
293890 13.59
294637 13.58
295677 13.57
296513 13.56
298279 13.55
298531 13.54
298559 13.53
299085 13.52
299469 13.51
299769 13.5
299907 13.49
300131 13.48
300973 13.47
302103 13.46
302346 13.45
302787 13.44
303608 13.43
304398 13.42
304946 13.41
305386 13.4
305610 13.39
307014 13.38
307770 13.37
308632 13.36
309665 13.35
309928 13.34
310049 13.33
310097 13.32
310912 13.31
311256 13.3
311285 13.29
311308 13.28
311649 13.27
315558 13.26
315768 13.25
315878 13.24
316822 13.23
317030 13.22
317647 13.21
318318 13.2
318707 13.19
319074 13.18
319239 13.17
320478 13.16
322058 13.15
324038 13.14
325067 13.13
325910 13.12
326059 13.11
326642 13.1
327261 13.09
328888 13.08
330654 13.07
332045 13.06
332729 13.05
333847 13.04
335241 13.03
335770 13.02
336253 13.01
336852 13
336906 12.99
337432 12.98
340051 12.97
340290 12.96
340776 12.95
341155 12.94
341253 12.93
341371 12.92
341374 12.91
341399 12.9
342522 12.89
345055 12.88
348900 12.87
351550 12.86
351561 12.85
352556 12.84
355258 12.83
356764 12.82
357079 12.81
357728 12.8
358686 12.79
360031 12.78
360182 12.77
362528 12.76
363416 12.75
363520 12.74
363657 12.73
366139 12.72
366788 12.71
366869 12.7
367811 12.69
369133 12.68
369538 12.67
369594 12.66
369727 12.65
370785 12.64
371694 12.63
371832 12.62
371987 12.61
372097 12.6
372206 12.59
372583 12.58
373838 12.57
374181 12.56
374758 12.55
378121 12.54
378895 12.53
380165 12.52
380320 12.51
381128 12.5
382293 12.49
384777 12.48
385858 12.47
386906 12.46
387564 12.45
388285 12.44
389427 12.43
391359 12.42
393611 12.41
394269 12.4
395016 12.39
397954 12.38
398010 12.37
398079 12.36
398763 12.35
398990 12.34
399591 12.33
400280 12.32
400794 12.31
400795 12.3
402430 12.29
403609 12.28
403912 12.27
404352 12.26
404625 12.25
405462 12.24
405884 12.23
406997 12.22
407247 12.21
408392 12.2
409252 12.19
410025 12.18
410398 12.17
410448 12.16
411319 12.15
412897 12.14
414411 12.13
414863 12.12
415996 12.11
416315 12.1
416433 12.09
418478 12.08
419567 12.07
420163 12.06
420213 12.05
421315 12.04
421905 12.03
422065 12.02
423397 12.01
423688 12
425261 11.99
427346 11.98
429329 11.97
431565 11.96
433230 11.95
436177 11.94
438575 11.93
438647 11.92
440407 11.91
440670 11.9
440761 11.89
440975 11.88
441336 11.87
442340 11.86
443206 11.85
444248 11.84
446025 11.83
446038 11.82
448042 11.81
448320 11.8
453337 11.79
455076 11.78
457231 11.77
463881 11.76
467454 11.75
469009 11.74
469114 11.73
469245 11.72
469641 11.71
471800 11.7
472299 11.69
472355 11.68
473737 11.67
473951 11.66
476286 11.65
476334 11.64
477739 11.63
478092 11.62
478355 11.61
479352 11.6
479758 11.59
480687 11.58
480828 11.57
482584 11.56
483763 11.55
484378 11.54
484897 11.53
489994 11.52
490058 11.51
490888 11.5
491038 11.49
492337 11.48
494982 11.47
502330 11.46
502377 11.45
503982 11.44
505449 11.43
507401 11.42
509012 11.41
510454 11.4
510803 11.39
512312 11.38
512915 11.37
514161 11.36
514197 11.35
515050 11.34
515601 11.33
516227 11.32
517106 11.31
517634 11.3
518550 11.29
519761 11.28
520072 11.27
523141 11.26
524140 11.25
525004 11.24
525043 11.23
525124 11.22
525428 11.21
525631 11.2
526215 11.19
530499 11.18
531306 11.17
532273 11.16
535924 11.15
537888 11.14
538220 11.13
539338 11.12
540258 11.11
540320 11.1
540932 11.09
541626 11.08
543194 11.07
544779 11.06
546858 11.05
548656 11.04
550519 11.03
550955 11.02
550972 11.01
551507 11
553098 10.99
562819 10.98
564966 10.97
565521 10.96
567532 10.95
567588 10.94
570111 10.93
570584 10.92
572384 10.91
574067 10.9
574610 10.89
575998 10.88
577029 10.87
577073 10.86
578384 10.85
582237 10.84
584586 10.83
584796 10.82
586135 10.81
587185 10.8
588228 10.79
589467 10.78
589686 10.77
589934 10.76
592654 10.75
593807 10.74
594747 10.73
594779 10.72
597229 10.71
597914 10.7
599920 10.69
600524 10.68
600543 10.67
602773 10.66
609062 10.65
609935 10.64
610199 10.63
611408 10.62
612711 10.61
616067 10.6
616472 10.59
617319 10.58
619446 10.57
619455 10.56
620849 10.55
624362 10.54
624756 10.53
627595 10.52
628535 10.51
633159 10.5
633203 10.49
635474 10.48
636108 10.47
636734 10.46
637644 10.45
638872 10.44
640134 10.43
641981 10.42
642546 10.41
648670 10.4
649021 10.39
650300 10.38
652317 10.37
656826 10.36
662036 10.35
662636 10.34
664894 10.33
665766 10.32
670775 10.31
672274 10.3
672622 10.29
675074 10.28
675409 10.27
676410 10.26
678517 10.25
682646 10.24
684343 10.23
687720 10.22
689073 10.21
689969 10.2
692072 10.19
692635 10.18
694002 10.17
694421 10.16
699938 10.15
700316 10.14
700483 10.13
703893 10.12
706736 10.11
708107 10.1
708944 10.09
712099 10.08
716043 10.07
716311 10.06
716569 10.05
716745 10.04
719782 10.03
720233 10.02
720478 10.01
721275 10
722684 9.99
722800 9.98
723634 9.97
724697 9.96
727679 9.95
730947 9.94
733795 9.93
735724 9.92
736621 9.91
736980 9.9
739201 9.89
742420 9.88
745337 9.87
747949 9.86
748867 9.85
751645 9.84
754538 9.83
755115 9.82
755220 9.81
757710 9.8
763550 9.79
763555 9.78
766590 9.77
769430 9.76
770029 9.75
772588 9.74
773266 9.73
774952 9.72
775220 9.71
784293 9.7
786151 9.69
788956 9.68
789734 9.67
789787 9.66
795264 9.65
797376 9.64
798787 9.63
801266 9.62
804565 9.61
807000 9.6
809050 9.59
813109 9.58
819802 9.57
820109 9.56
820374 9.55
827262 9.54
828176 9.53
828298 9.52
829290 9.51
829435 9.5
830169 9.49
830491 9.48
831155 9.47
831498 9.46
832935 9.45
833125 9.44
833950 9.43
836432 9.42
841644 9.41
844578 9.4
845779 9.39
847549 9.38
850632 9.37
851884 9.36
853387 9.35
856557 9.34
864527 9.33
865030 9.32
871722 9.31
878781 9.3
879570 9.29
880475 9.28
881651 9.27
881681 9.26
882193 9.25
885660 9.24
890183 9.23
890207 9.22
891868 9.21
892815 9.2
895095 9.19
897368 9.18
898878 9.17
898972 9.16
900774 9.15
904556 9.14
907911 9.13
907963 9.12
909817 9.11
913576 9.1
914063 9.09
918829 9.08
919543 9.07
920393 9.06
924110 9.05
926880 9.04
928347 9.03
930237 9.02
931809 9.01
931853 9
937539 8.99
938826 8.98
939290 8.97
939611 8.96
941704 8.95
944362 8.94
944648 8.93
957964 8.92
961089 8.91
961528 8.9
964828 8.89
980921 8.88
982354 8.87
988321 8.86
989648 8.85
991198 8.84
991238 8.83
991711 8.82
992056 8.81
995969 8.8
995996 8.79
996099 8.78
996287 8.77
998641 8.76
1.00011e+06 8.75
1.00355e+06 8.74
1.00607e+06 8.73
1.00658e+06 8.72
1.00708e+06 8.71
1.00721e+06 8.7
1.0097e+06 8.69
1.01905e+06 8.68
1.01947e+06 8.67
1.0203e+06 8.66
1.0217e+06 8.65
1.02352e+06 8.64
1.02556e+06 8.63
1.02588e+06 8.62
1.02956e+06 8.61
1.02995e+06 8.6
1.0309e+06 8.59
1.03211e+06 8.58
1.0344e+06 8.57
1.0389e+06 8.56
1.03975e+06 8.55
1.04097e+06 8.54
1.04336e+06 8.53
1.04388e+06 8.52
1.04637e+06 8.51
1.04638e+06 8.5
1.0472e+06 8.49
1.04824e+06 8.48
1.05438e+06 8.47
1.05567e+06 8.46
1.06236e+06 8.45
1.06516e+06 8.44
1.06959e+06 8.43
1.07e+06 8.42
1.07064e+06 8.41
1.07652e+06 8.4
1.07794e+06 8.39
1.07844e+06 8.38
1.08444e+06 8.37
1.08917e+06 8.36
1.0947e+06 8.35
1.10071e+06 8.34
1.10155e+06 8.33
1.10258e+06 8.32
1.10588e+06 8.31
1.10698e+06 8.3
1.10785e+06 8.29
1.10898e+06 8.28
1.10967e+06 8.27
1.10971e+06 8.26
1.11044e+06 8.25
1.11046e+06 8.24
1.12022e+06 8.23
1.12412e+06 8.22
1.1255e+06 8.21
1.12741e+06 8.2
1.13056e+06 8.19
1.13189e+06 8.18
1.13486e+06 8.17
1.13708e+06 8.16
1.13854e+06 8.15
1.14189e+06 8.14
1.14219e+06 8.13
1.14812e+06 8.12
1.15377e+06 8.11
1.15568e+06 8.1
1.1568e+06 8.09
1.15831e+06 8.08
1.15971e+06 8.07
1.16158e+06 8.06
1.16187e+06 8.05
1.16268e+06 8.04
1.16375e+06 8.03
1.16422e+06 8.02
1.16518e+06 8.01
1.16677e+06 8
1.1689e+06 7.99
1.17322e+06 7.98
1.17339e+06 7.97
1.17496e+06 7.96
1.17558e+06 7.95
1.17895e+06 7.94
1.17999e+06 7.93
1.18353e+06 7.92
1.18887e+06 7.91
1.18941e+06 7.9
1.19082e+06 7.89
1.19426e+06 7.88
1.19521e+06 7.87
1.19615e+06 7.86
1.19719e+06 7.85
1.20099e+06 7.84
1.201e+06 7.83
1.20311e+06 7.82
1.20624e+06 7.81
1.21291e+06 7.8
1.21893e+06 7.79
1.21913e+06 7.78
1.22015e+06 7.77
1.23068e+06 7.76
1.23073e+06 7.75
1.2311e+06 7.74
1.23436e+06 7.73
1.23984e+06 7.72
1.2437e+06 7.71
1.2449e+06 7.7
1.24616e+06 7.69
1.24684e+06 7.68
1.25198e+06 7.67
1.25265e+06 7.66
1.25346e+06 7.65
1.25529e+06 7.64
1.25531e+06 7.63
1.25568e+06 7.62
1.25881e+06 7.61
1.26186e+06 7.6
1.26233e+06 7.59
1.26463e+06 7.58
1.26774e+06 7.57
1.26876e+06 7.56
1.27164e+06 7.55
1.2743e+06 7.54
1.27968e+06 7.53
1.28093e+06 7.52
1.28133e+06 7.51
1.28266e+06 7.5
1.28668e+06 7.49
1.28855e+06 7.48
1.28897e+06 7.47
1.3019e+06 7.46
1.30361e+06 7.45
1.30415e+06 7.44
1.31369e+06 7.43
1.31381e+06 7.42
1.3166e+06 7.41
1.31737e+06 7.4
1.31788e+06 7.39
1.31828e+06 7.38
1.32127e+06 7.37
1.3251e+06 7.36
1.32768e+06 7.35
1.33152e+06 7.34
1.33212e+06 7.33
1.33417e+06 7.32
1.33642e+06 7.31
1.34705e+06 7.3
1.34834e+06 7.29
1.35309e+06 7.28
1.35385e+06 7.27
1.35448e+06 7.26
1.35495e+06 7.25
1.35726e+06 7.24
1.36041e+06 7.23
1.36204e+06 7.22
1.36663e+06 7.21
1.36705e+06 7.2
1.36716e+06 7.19
1.36816e+06 7.18
1.37326e+06 7.17
1.37514e+06 7.16
1.3805e+06 7.15
1.38477e+06 7.14
1.38599e+06 7.13
1.38852e+06 7.12
1.39625e+06 7.11
1.39784e+06 7.1
1.39865e+06 7.09
1.40077e+06 7.08
1.40616e+06 7.07
1.40813e+06 7.06
1.41216e+06 7.05
1.41573e+06 7.04
1.42045e+06 7.03
1.42281e+06 7.02
1.42738e+06 7.01
1.43081e+06 7
1.43524e+06 6.99
1.43604e+06 6.98
1.43637e+06 6.97
1.44562e+06 6.96
1.44699e+06 6.95
1.46451e+06 6.94
1.46565e+06 6.93
1.46951e+06 6.92
1.4722e+06 6.91
1.4747e+06 6.9
1.47819e+06 6.89
1.49223e+06 6.88
1.49996e+06 6.87
1.50069e+06 6.86
1.50229e+06 6.85
1.50417e+06 6.84
1.5044e+06 6.83
1.51261e+06 6.82
1.51815e+06 6.81
1.5227e+06 6.8
1.52277e+06 6.79
1.52456e+06 6.78
1.52553e+06 6.77
1.53572e+06 6.76
1.53819e+06 6.75
1.54136e+06 6.74
1.54783e+06 6.73
1.54804e+06 6.72
1.55342e+06 6.71
1.56524e+06 6.7
1.5699e+06 6.69
1.57071e+06 6.68
1.57102e+06 6.67
1.57857e+06 6.66
1.58037e+06 6.65
1.58231e+06 6.64
1.5892e+06 6.63
1.60256e+06 6.62
1.60336e+06 6.61
1.60577e+06 6.6
1.60733e+06 6.59
1.61553e+06 6.58
1.61671e+06 6.57
1.61699e+06 6.56
1.61812e+06 6.55
1.62333e+06 6.54
1.62759e+06 6.53
1.63384e+06 6.52
1.63993e+06 6.51
1.64392e+06 6.5
1.64489e+06 6.49
1.64569e+06 6.48
1.64677e+06 6.47
1.65489e+06 6.46
1.66025e+06 6.45
1.66132e+06 6.44
1.66834e+06 6.43
1.6733e+06 6.42
1.68067e+06 6.41
1.68494e+06 6.4
1.68546e+06 6.39
1.69122e+06 6.38
1.69393e+06 6.37
1.69926e+06 6.36
1.70214e+06 6.35
1.70441e+06 6.34
1.70482e+06 6.33
1.71297e+06 6.32
1.71404e+06 6.31
1.71939e+06 6.3
1.74679e+06 6.29
1.74786e+06 6.28
1.75285e+06 6.27
1.75739e+06 6.26
1.7585e+06 6.25
1.77132e+06 6.24
1.77141e+06 6.23
1.78016e+06 6.22
1.78724e+06 6.21
1.79036e+06 6.2
1.79198e+06 6.19
1.79421e+06 6.18
1.80023e+06 6.17
1.81018e+06 6.16
1.82614e+06 6.15
1.83082e+06 6.14
1.83484e+06 6.13
1.83697e+06 6.12
1.85413e+06 6.11
1.86301e+06 6.1
1.87022e+06 6.09
1.87025e+06 6.08
1.87601e+06 6.07
1.87697e+06 6.06
1.88584e+06 6.05
1.91354e+06 6.04
1.92857e+06 6.03
1.93436e+06 6.02
1.93582e+06 6.01
1.93625e+06 6
1.93803e+06 5.99
1.94003e+06 5.98
1.94458e+06 5.97
1.95153e+06 5.96
1.95842e+06 5.95
1.96018e+06 5.94
1.96612e+06 5.93
1.96823e+06 5.92
1.97269e+06 5.91
1.97723e+06 5.9
1.97842e+06 5.89
1.97933e+06 5.88
2.02188e+06 5.87
2.02724e+06 5.86
2.03361e+06 5.85
2.04096e+06 5.84
2.05234e+06 5.83
2.07823e+06 5.82
2.08712e+06 5.81
2.08766e+06 5.8
2.09445e+06 5.79
2.09621e+06 5.78
2.1002e+06 5.77
2.1033e+06 5.76
2.10713e+06 5.75
2.11016e+06 5.74
2.11128e+06 5.73
2.11392e+06 5.72
2.11758e+06 5.71
2.11932e+06 5.7
2.1195e+06 5.69
2.12769e+06 5.68
2.13048e+06 5.67
2.13293e+06 5.66
2.13623e+06 5.65
2.13844e+06 5.64
2.15953e+06 5.63
2.16885e+06 5.62
2.18194e+06 5.61
2.18874e+06 5.6
2.19328e+06 5.59
2.20703e+06 5.58
2.21526e+06 5.57
2.21717e+06 5.56
2.22625e+06 5.55
2.22829e+06 5.54
2.23309e+06 5.53
2.23733e+06 5.52
2.23898e+06 5.51
2.24296e+06 5.5
2.24479e+06 5.49
2.26471e+06 5.48
2.26501e+06 5.47
2.26753e+06 5.46
2.27478e+06 5.45
2.2928e+06 5.44
2.30219e+06 5.43
2.31155e+06 5.42
2.31261e+06 5.41
2.31549e+06 5.4
2.31729e+06 5.39
2.33669e+06 5.38
2.34296e+06 5.37
2.35346e+06 5.36
2.35627e+06 5.35
2.35771e+06 5.34
2.36298e+06 5.33
2.40412e+06 5.32
2.42045e+06 5.31
2.42195e+06 5.3
2.4263e+06 5.29
2.49502e+06 5.28
