1 0
2 0
3 0
4 0
5 0
6 0
7 0
8 0
9 0
10 0
11 0
12 0
13 0
14 0
15 0
16 0
17 0
18 0
19 0
20 0
21 0
22 0
23 0
24 0
25 0
26 0
27 0
28 0
29 0
30 0
31 0
32 0
33 0
34 0
35 0
36 0
37 0
38 0
39 0
40 0
41 0
42 0
43 0
44 0
45 0
46 0
47 0
48 0
49 0
50 0
51 0
52 0
53 0
54 0
55 0
56 0
57 0
58 0
59 0
60 0
61 0
62 0
63 0
64 0
65 0
66 0
67 0
68 0
69 0
70 0
71 0
72 0
73 0
74 0
75 0
76 0
77 0
78 0
79 0
80 0
81 0
82 0
83 0
84 0
85 0
86 0
87 0
88 0
89 0
90 0
91 0
92 0
93 0
94 0
95 0
96 0
97 0
98 0
99 0
100 0
101 0
102 0
103 0
104 0
105 0
106 0
107 0
108 0
109 0
110 0
111 0
112 0
113 0
114 0
115 0
116 0
117 0
118 0
119 0
120 0
121 0
122 0
123 0
124 0
125 0
126 0
127 0
128 0
129 0
130 0
131 0
132 0
133 0
134 0
135 0
136 0
137 0
138 0
139 0
140 0
141 0
142 0
143 0
144 0
145 0
146 0
147 0
148 0
149 0
150 0
151 0
152 0
153 0
154 0
155 0
156 0
157 0
158 0
159 0
160 0
161 0
162 0
163 0
164 0
165 0
166 0
167 0
168 0
169 0
170 0
171 0
172 0
173 0
174 0
175 0
176 0
177 0
178 0
179 0
180 0
181 0
182 0
183 0
184 0
185 0
186 0
187 0
188 0
189 0
190 0
191 0
192 0
193 0
194 0
195 0
196 0
197 0
198 0
199 0
200 0
201 0
202 0
203 0
204 0
205 0
206 0
207 0
208 0
209 0
210 0
211 0
212 0
213 0
214 0
215 0
216 0
217 0
218 0
219 0
220 0
221 0
222 0
223 0
224 0
225 0
226 0
227 0
228 0
229 0
230 0
231 0
232 0
233 0
234 0
235 0
236 0
237 0
238 0
239 0
240 0
241 0
242 0
243 0
244 0
245 0
246 0
247 0
249 0
250 0
251 0
252 0
253 0
254 0
255 0
256 0
257 0
258 0
259 0
260 0
261 0
262 0
263 0
264 0
265 0
266 0
267 0
268 0
269 0
270 0
271 0
272 0
273 0
274 0
275 0
276 0
277 0
278 0
279 0
280 0
281 0
282 0
283 0
284 0
285 0
286 0
287 0
288 0
289 0
290 0
291 0
292 0
293 0
294 0
295 0
296 0
297 0
298 0
299 0
300 0
301 0
302 0
303 0
304 0
305 0
306 0
307 0
308 0
309 0
310 0
311 0
313 0
314 0
315 0
316 0
317 0
318 0
319 0
320 0
321 0
322 0
323 0
324 0
325 0
326 0
327 0
328 0
329 0
330 0
331 0
332 0
333 0
334 0
335 0
336 0
337 0
338 0
339 0
340 0
341 0
342 0
344 0
345 0
346 0
347 0
348 0
349 0
350 0
351 0
352 0
353 0
354 0
355 0
356 0
357 0
358 0
359 0
360 0
361 0
362 0
363 0
364 0
365 0
366 0
367 0
368 0
369 0
370 0
371 0
372 0
373 0
374 0
375 0
376 0
377 0
378 0
379 0
381 0
382 0
383 0
384 0
385 0
386 0
387 0
388 0
389 0
390 0
391 0
392 0
393 0
394 0
395 0
396 0
397 0
398 0
399 0
400 0
401 0
403 0
404 0
405 0
406 0
407 0
408 0
409 0
410 0
411 0
412 0
414 0
415 0
416 0
417 0
418 0
419 0
420 0
421 0
422 0
423 0
424 0
425 0
426 0
427 0
429 0
430 0
431 0
432 0
433 0
434 0
435 0
436 0
437 0
438 0
439 0
440 0
441 0
442 0
443 0
444 0
445 0
446 0
447 0
448 0
449 0
452 0
453 0
454 0
455 0
456 0
457 0
458 0
459 0
460 0
461 0
462 0
463 0
464 0
465 0
466 0
467 0
468 0
469 0
470 0
471 0
472 0
473 0
474 0
475 0
476 0
477 0
479 0
480 0
481 0
482 0
484 0
485 0
486 0
487 0
488 0
489 0
490 0
491 0
492 0
493 0
494 0
495 0
496 0
497 0
498 0
499 0
500 0
501 0
502 0
503 0
504 0
505 0
506 0
507 0
508 0
509 0
511 0
512 0
513 0
514 0
515 0
516 0
517 0
518 0
519 0
521 0
522 0
524 0
525 0
526 0
527 0
529 0
530 0
531 0
532 0
533 0
534 0
535 0
536 0
537 0
539 0
540 0
541 0
542 0
543 0
544 0
545 0
546 0
547 0
548 0
549 0
551 0
552 0
553 0
554 0
556 0
557 0
558 0
559 0
560 0
561 0
562 0
563 0
564 0
565 0
566 0
567 0
568 0
569 0
570 0
571 0
572 0
574 0
575 0
576 0
577 0
578 0
579 0
580 0
581 0
583 0
584 0
586 0
588 0
590 0
591 0
592 0
593 0
594 0
595 0
597 0
598 0
599 0
600 0
601 0
604 0
605 0
606 0
608 0
609 0
610 0
614 0
615 0
616 0
617 0
619 0
620 0
621 0
622 0
623 0
624 0
625 0
628 0
629 0
630 0
631 0
632 0
633 0
634 0
635 0
637 0
638 0
639 0
640 0
641 0
642 0
643 0
644 0
645 0
648 0
649 0
650 0
651 0
652 0
655 0
656 0
657 0
658 0
660 0
661 0
662 0
663 0
665 0
666 0
667 0
669 0
670 0
671 0
672 0
673 0
674 0
676 0
678 0
679 0
680 0
682 0
683 0
685 0
686 0
687 0
688 0
689 0
690 0
691 0
692 0
693 0
694 0
695 0
696 0
697 0
698 0
699 0
700 0
701 0
702 0
704 0
705 0
706 0
708 0
709 0
712 0
713 0
714 0
716 0
717 0
718 0
719 0
720 0
721 0
722 0
723 0
724 0
725 0
726 0
727 0
728 0
729 0
730 0
731 0
732 0
733 0
734 0
735 0
737 0
738 0
739 0
741 0
742 0
743 0
744 0
745 0
746 0
748 0
749 0
750 0
751 0
752 0
753 0
754 0
756 0
757 0
759 0
760 0
761 0
762 0
763 0
764 0
765 0
766 0
767 0
769 0
770 0
771 0
773 0
774 0
775 0
777 0
779 0
780 0
782 0
784 0
785 0
787 0
788 0
789 0
790 0
791 0
793 0
794 0
795 0
796 0
799 0
800 0
801 0
802 0
803 0
804 0
805 0
806 0
809 0
812 0
813 0
814 0
815 0
816 0
820 0
822 0
823 0
824 0
825 0
826 0
827 0
828 0
830 0
831 0
832 0
833 0
834 0
835 0
836 0
838 0
839 0
840 0
843 0
845 0
846 0
847 0
848 0
850 0
852 0
854 0
855 0
856 0
857 0
858 0
859 0
860 0
861 0
862 0
863 0
865 0
866 0
867 0
868 0
870 0
871 0
872 0
875 0
876 0
877 0
878 0
879 0
880 0
882 0
884 0
885 0
887 0
888 0
890 0
891 0
892 0
893 0
895 0
897 0
898 0
900 0
902 0
903 0
904 0
905 0
906 0
907 0
908 0
909 0
911 0
912 0
913 0
914 0
915 0
920 0
922 0
924 0
925 0
926 0
927 0
929 0
931 0
932 0
933 0
934 0
935 0
937 0
938 0
939 0
940 0
941 0
943 0
944 0
945 0
946 0
947 0
949 0
952 0
953 0
954 0
955 0
956 0
958 0
960 0
961 0
964 0
965 0
966 0
967 0
968 0
969 0
974 0
977 0
978 0
979 0
980 0
981 0
983 0
984 0
985 0
986 0
988 0
989 0
990 0
991 0
993 0
994 0
995 0
997 0
998 0
1002 0
1005 0
1006 0
1010 0
1011 0
1012 0
1013 0
1014 0
1016 0
1017 0
1022 0
1023 0
1024 0
1025 0
1027 0
1028 0
1029 0
1030 0
1032 0
1034 0
1035 0
1037 0
1038 0
1039 0
1040 0
1041 0
1042 0
1044 0
1045 0
1046 0
1047 0
1049 0
1050 0
1052 0
1053 0
1056 0
1058 0
1059 0
1060 0
1061 0
1062 0
1063 0
1064 0
1065 0
1066 0
1067 0
1069 0
1070 0
1073 0
1074 0
1075 0
1076 0
1077 0
1078 0
1079 0
1080 0
1081 0
1082 0
1083 0
1084 0
1086 0
1087 0
1089 0
1090 0
1091 0
1092 0
1093 0
1094 0
1095 0
1096 0
1097 0
1098 0
1100 0
1104 0
1105 0
1106 0
1109 0
1111 0
1112 0
1113 0
1114 0
1115 0
1116 0
1118 0
1119 0
1121 0
1123 0
1125 0
1126 0
1127 0
1128 0
1131 0
1134 0
1136 0
1138 0
1141 0
1142 0
1144 0
1146 0
1149 0
1150 0
1151 0
1154 0
1155 0
1156 0
1157 0
1159 0
1160 0
1161 0
1162 0
1163 0
1164 0
1165 0
1167 0
1169 0
1170 0
1173 0
1174 0
1177 0
1179 0
1180 0
1182 0
1183 0
1184 0
1185 0
1186 0
1187 0
1189 0
1190 0
1191 0
1192 0
1193 0
1199 0
1201 0
1202 0
1203 0
1204 0
1205 0
1206 0
1208 0
1211 0
1213 0
1214 0
1215 0
1216 0
1217 0
1218 0
1219 0
1222 0
1225 0
1226 0
1227 0
1228 0
1229 0
1230 0
1231 0
1232 0
1233 0
1234 0
1235 0
1236 0
1237 0
1238 0
1239 0
1240 0
1244 0
1250 0
1252 0
1253 0
1256 0
1257 0
1258 0
1260 0
1261 0
1263 0
1264 0
1268 0
1271 0
1272 0
1273 0
1275 0
1279 0
1280 0
1282 0
1283 0
1284 0
1286 0
1287 0
1288 0
1289 0
1292 0
1293 0
1295 0
1298 0
1299 0
1300 0
1302 0
1303 0
1304 0
1307 0
1308 0
1309 0
1310 0
1312 0
1313 0
1314 0
1315 0
1317 0
1318 0
1321 0
1323 0
1325 0
1326 0
1327 0
1328 0
1330 0
1331 0
1332 0
1335 0
1336 0
1337 0
1338 0
1339 0
1340 0
1343 0
1345 0
1347 0
1348 0
1351 0
1353 0
1354 0
1355 0
1357 0
1358 0
1360 0
1361 0
1362 0
1363 0
1365 0
1376 0
1377 0
1378 0
1380 0
1382 0
1383 0
1385 0
1387 0
1388 0
1389 0
1390 0
1393 0
1394 0
1396 0
1397 0
1399 0
1400 0
1402 0
1406 0
1407 0
1408 0
1409 0
1411 0
1412 0
1414 0
1415 0
1418 0
1421 0
1422 0
1424 0
1428 0
1433 0
1434 0
1435 0
1437 0
1438 0
1439 0
1441 0
1443 0
1445 0
1447 0
1448 0
1449 0
1450 0
1451 0
1454 0
1455 0
1456 0
1457 0
1458 0
1459 0
1460 0
1466 0
1467 0
1470 0
1471 0
1472 0
1474 0
1476 0
1479 0
1480 0
1481 0
1482 0
1483 0
1484 0
1485 0
1486 0
1487 0
1489 0
1493 0
1494 0
1496 0
1497 0
1503 0
1504 0
1505 0
1509 0
1511 0
1512 0
1514 0
1515 0
1517 0
1518 0
1524 0
1527 0
1528 0
1532 0
1534 0
1536 0
1537 0
1538 0
1539 0
1541 0
1544 0
1546 0
1547 0
1548 0
1549 0
1550 0
1551 0
1552 0
1554 0
1555 0
1556 0
1557 0
1559 0
1560 0
1561 0
1562 0
1563 0
1566 0
1568 0
1569 0
1571 0
1573 0
1574 0
1577 0
1578 0
1579 0
1580 0
1583 0
1585 0
1586 0
1587 0
1588 0
1590 0
1592 0
1594 0
1599 0
1600 0
1602 0
1603 0
1604 0
1605 0
1607 0
1609 0
1610 0
1612 0
1614 0
1615 0
1616 0
1617 0
1620 0
1621 0
1622 0
1624 0
1625 0
1626 0
1627 0
1629 0
1631 0
1632 0
1634 0
1635 0
1636 0
1642 0
1643 0
1644 0
1645 0
1646 0
1649 0
1651 0
1660 0
1663 0
1666 0
1669 0
1670 0
1675 0
1677 0
1678 0
1679 0
1681 0
1683 0
1688 0
1689 0
1692 0
1696 0
1697 0
1698 0
1699 0
1700 0
1703 0
1704 0
1705 0
1708 0
1712 0
1713 0
1716 0
1720 0
1723 0
1725 0
1726 0
1728 0
1730 0
1732 0
1737 0
1739 0
1741 0
1743 0
1744 0
1748 0
1749 0
1750 0
1751 0
1752 0
1756 0
1757 0
1759 0
1761 0
1766 0
1767 0
1770 0
1772 0
1779 0
1780 0
1781 0
1786 0
1789 0
1790 0
1792 0
1795 0
1797 0
1799 0
1801 0
1803 0
1807 0
1808 0
1812 0
1814 0
1818 0
1819 0
1821 0
1822 0
1823 0
1825 0
1826 0
1827 0
1830 0
1834 0
1835 0
1836 0
1837 0
1838 0
1839 0
1840 0
1841 0
1842 0
1843 0
1844 0
1847 0
1854 0
1855 0
1858 0
1859 0
1861 0
1865 0
1866 0
1868 0
1869 0
1870 0
1871 0
1872 0
1876 0
1877 0
1878 0
1881 0
1885 0
1886 0
1887 0
1888 0
1890 0
1892 0
1893 0
1894 0
1895 0
1898 0
1899 0
1905 0
1908 0
1912 0
1916 0
1918 0
1923 0
1924 0
1927 0
1930 0
1935 0
1940 0
1941 0
1942 0
1944 0
1945 0
1946 0
1947 0
1949 0
1951 0
1952 0
1953 0
1961 0
1963 0
1964 0
1966 0
1968 0
1969 0
1970 0
1971 0
1972 0
1975 0
1978 0
1981 0
1984 0
1986 0
1989 0
1991 0
1992 0
1995 0
1998 0
1999 0
2000 0
2003 0
2006 0
2007 0
2008 0
2009 0
2010 0
2011 0
2012 0
2017 0
2019 0
2020 0
2021 0
2022 0
2023 0
2025 0
2029 0
2030 0
2034 0
2035 0
2037 0
2038 0
2039 0
2040 0
2041 0
2047 0
2050 0
2051 0
2054 0
2055 0
2062 0
2066 0
2067 0
2068 0
2070 0
2072 0
2074 0
2077 0
2080 0
2083 0
2088 0
2090 0
2091 0
2095 0
2100 0
2102 0
2106 0
2109 0
2111 0
2114 0
2115 0
2117 0
2119 0
2123 0
2127 0
2130 0
2134 0
2138 0
2143 0
2146 0
2148 0
2150 0
2152 0
2154 0
2156 0
2158 0
2160 0
2164 0
2165 0
2169 0
2171 0
2172 0
2176 0
2180 0
2181 0
2183 0
2184 0
2186 0
2188 0
2189 0
2191 0
2192 0
2193 0
2196 0
2198 0
2203 0
2208 0
2209 0
2212 0
2215 0
2218 0
2219 0
2227 0
2228 0
2232 0
2236 0
2237 0
2238 0
2240 0
2242 0
2247 0
2248 0
2255 0
2257 0
2260 0
2263 0
2264 0
2266 0
2267 0
2271 0
2274 0
2278 0
2279 0
2281 0
2282 0
2283 0
2284 0
2292 0
2293 0
2294 0
2295 0
2298 0
2299 0
2301 0
2304 0
2306 0
2307 0
2309 0
2312 0
2313 0
2314 0
2316 0
2325 0
2326 0
2330 0
2331 0
2332 0
2333 0
2334 0
2338 0
2339 0
2342 0
2349 0
2351 0
2352 0
2356 0
2357 0
2358 0
2359 0
2360 0
2361 0
2362 0
2363 0
2365 0
2368 0
2371 0
2374 0
2376 0
2379 0
2380 0
2382 0
2388 0
2389 0
2395 0
2400 0
2401 0
2403 0
2410 0
2411 0
2414 0
2415 0
2416 0
2417 0
2420 0
2426 0
2427 0
2428 0
2429 0
2430 0
2431 0
2434 0
2435 0
2437 0
2438 0
2439 0
2442 0
2446 0
2450 0
2454 0
2458 0
2459 0
2460 0
2461 0
2462 0
2463 0
2464 0
2471 0
2472 0
2473 0
2476 0
2479 0
2481 0
2484 0
2487 0
2489 0
2492 0
2494 0
2497 0
2500 0
2508 0
2509 0
2511 0
2513 0
2515 0
2519 0
2520 0
2522 0
2523 0
2526 0
2531 0
2532 0
2534 0
2539 0
2543 0
2544 0
2545 0
2546 0
2548 0
2549 0
2551 0
2555 0
2556 0
2557 0
2558 0
2559 0
2562 0
2563 0
2566 0
2568 0
2569 0
2577 0
2581 0
2583 0
2584 0
2585 0
2586 0
2587 0
2589 0
2591 0
2593 0
2599 0
2602 0
2618 0
2619 0
2620 0
2621 0
2625 0
2626 0
2630 0
2635 0
2639 0
2641 0
2642 0
2646 0
2647 0
2651 0
2659 0
2664 0
2666 0
2671 0
2673 0
2676 0
2680 0
2683 0
2686 0
2689 0
2690 0
2691 0
2693 0
2695 0
2703 0
2709 0
2710 0
2711 0
2712 0
2713 0
2716 0
2717 0
2719 0
2727 0
2733 0
2738 0
2739 0
2743 0
2744 0
2745 0
2746 0
2748 0
2749 0
2750 0
2751 0
2762 0
2763 0
2766 0
2768 0
2769 0
2771 0
2774 0
2776 0
2777 0
2782 0
2784 0
2793 0
2794 0
2795 0
2796 0
2797 0
2805 0
2809 0
2814 0
2816 0
2824 0
2827 0
2828 0
2834 0
2835 0
2836 0
2842 0
2845 0
2852 0
2853 0
2857 0
2859 0
2860 0
2866 0
2868 0
2869 0
2872 0
2875 0
2876 0
2877 0
2878 0
2879 0
2882 0
2888 0
2890 0
2891 0
2894 0
2895 0
2902 0
2908 0
2918 0
2927 0
2933 0
2942 0
2947 0
2950 0
2951 0
2955 0
2956 0
2960 0
2967 0
2970 0
2976 0
2978 0
2984 0
2986 0
2987 0
2988 0
2991 0
2994 0
2997 0
3004 0
3014 0
3015 0
3019 0
3025 0
3026 0
3030 0
3031 0
3033 0
3042 0
3044 0
3053 0
3056 0
3060 0
3062 0
3066 0
3068 0
3077 0
3078 0
3079 0
3087 0
3089 0
3096 0
3097 0
3099 0
3102 0
3104 0
3105 0
3111 0
3112 0
3117 0
3122 0
3124 0
3134 0
3137 0
3138 0
3140 0
3141 0
3145 0
3147 0
3149 0
3151 0
3157 0
3163 0
3164 0
3171 0
3172 0
3174 0
3175 0
3186 0
3193 0
3196 0
3199 0
3203 0
3206 0
3207 0
3211 0
3216 0
3219 0
3223 0
3229 0
3231 0
3234 0
3237 0
3242 0
3253 0
3256 0
3257 0
3258 0
3259 0
3260 0
3263 0
3264 0
3266 0
3269 0
3274 0
3279 0
3280 0
3283 0
3284 0
3286 0
3287 0
3289 0
3293 0
3294 0
3296 0
3310 0
3312 0
3313 0
3315 0
3319 0
3323 0
3334 0
3339 0
3343 0
3345 0
3348 0
3352 0
3353 0
3354 0
3360 0
3372 0
3373 0
3375 0
3378 0
3381 0
3396 0
3398 0
3401 0
3402 0
3403 0
3413 0
3415 0
3418 0
3420 0
3424 0
3430 0
3431 0
3433 0
3436 0
3438 0
3441 0
3443 0
3446 0
3455 0
3456 0
3460 0
3468 0
3471 0
3473 0
3474 0
3476 0
3478 0
3480 0
3483 0
3484 0
3485 0
3487 0
3495 0
3496 0
3497 0
3505 0
3506 0
3507 0
3508 0
3515 0
3518 0
3520 0
3521 0
3524 0
3525 0
3531 0
3532 0
3533 0
3540 0
3548 0
3549 0
3557 0
3558 0
3566 0
3568 0
3570 0
3574 0
3579 0
3582 0
3584 0
3590 0
3598 0
3599 0
3601 0
3602 0
3611 0
3612 0
3617 0
3620 0
3625 0
3633 0
3634 0
3635 0
3638 0
3639 0
3641 0
3642 0
3646 0
3647 0
3654 0
3655 0
3656 0
3659 0
3667 0
3669 0
3672 0
3673 0
3674 0
3684 0
3685 0
3686 0
3687 0
3689 0
3690 0
3700 0
3701 0
3704 0
3707 0
3721 0
3723 0
3724 0
3725 0
3729 0
3731 0
3732 0
3733 0
3735 0
3745 0
3750 0
3755 0
3758 0
3759 0
3778 0
3788 0
3795 0
3798 0
3804 0
3806 0
3812 0
3813 0
3815 0
3816 0
3829 0
3834 0
3838 0
3840 0
3841 0
3842 0
3852 0
3853 0
3854 0
3856 0
3859 0
3865 0
3867 0
3869 0
3873 0
3875 0
3876 0
3879 0
3881 0
3882 0
3890 0
3904 0
3906 0
3911 0
3912 0
3914 0
3918 0
3927 0
3930 0
3931 0
3932 0
3933 0
3938 0
3942 0
3944 0
3950 0
3951 0
3956 0
3960 0
3970 0
3975 0
3976 0
3977 0
3983 0
3984 0
3993 0
3997 0
4003 0
4004 0
4009 0
4021 0
4024 0
4037 0
4039 0
4044 0
4050 0
4052 0
4055 0
4056 0
4061 0
4066 0
4068 0
4070 0
4078 0
4079 0
4080 0
4082 0
4084 0
4085 0
4091 0
4094 0
4101 0
4106 0
4113 0
4116 0
4125 0
4129 0
4130 0
4135 0
4137 0
4138 0
4143 0
4146 0
4148 0
4149 0
4154 0
4171 0
4172 0
4173 0
4183 0
4185 0
4193 0
4203 0
4205 0
4206 0
4212 0
4214 0
4232 0
4235 0
4239 0
4250 0
4260 0
4261 0
4263 0
4264 0
4274 0
4280 0
4295 0
4296 0
4300 0
4302 0
4309 0
4311 0
4317 0
4320 0
4335 0
4349 0
4355 0
4356 0
4359 0
4377 0
4380 0
4385 0
4401 0
4403 0
4406 0
4415 0
4417 0
4421 0
4425 0
4429 0
4436 0
4440 0
4442 0
4446 0
4470 0
4471 0
4479 0
4483 0
4484 0
4495 0
4501 0
4507 0
4516 0
4517 0
4519 0
4524 0
4526 0
4531 0
4533 0
4545 0
4550 0
4556 0
4560 0
4565 0
4567 0
4568 0
4574 0
4580 0
4586 0
4592 0
4595 0
4600 0
4602 0
4604 0
4608 0
4613 0
4614 0
4615 0
4617 0
4618 0
4623 0
4626 0
4635 0
4639 0
4644 0
4649 0
4651 0
4653 0
4658 0
4660 0
4672 0
4685 0
4713 0
4717 0
4722 0
4733 0
4739 0
4740 0
4744 0
4745 0
4746 0
4747 0
4749 0
4754 0
4759 0
4760 0
4766 0
4771 0
4781 0
4785 0
4802 0
4806 0
4810 0
4822 0
4824 0
4836 0
4837 0
4846 0
4856 0
4861 0
4863 0
4866 0
4867 0
4884 0
4887 0
4897 0
4903 0
4904 0
4910 0
4920 0
4924 0
4930 0
4940 0
4949 0
4951 0
4955 0
4958 0
4964 0
4969 0
4981 0
4983 0
4989 0
4995 0
4996 0
5009 0
5026 0
5033 0
5035 0
5038 0
5044 0
5045 0
5053 0
5054 0
5056 0
5066 0
5067 0
5073 0
5075 0
5087 0
5093 0
5096 0
5099 0
5100 0
5117 0
5123 0
5133 0
5143 0
5148 0
5149 0
5154 0
5158 0
5175 0
5185 0
5186 0
5200 0
5207 0
5216 0
5239 0
5243 0
5247 0
5248 0
5258 0
5270 0
5280 0
5282 0
5283 0
5293 0
5303 0
5310 0
5315 0
5319 0
5320 0
5326 0
5333 0
5337 0
5341 0
5349 0
5363 0
5367 0
5380 0
5382 0
5392 0
5403 0
5404 0
5405 0
5411 0
5424 0
5426 0
5435 0
5436 0
5438 0
5439 0
5447 0
5454 0
5456 0
5460 0
5466 0
5479 0
5486 0
5489 0
5496 0
5497 0
5504 0
5508 0
5513 0
5518 0
5520 0
5528 0
5534 0
5555 0
5568 0
5580 0
5584 0
5616 0
5617 0
5621 0
5634 0
5635 0
5636 0
5638 0
5641 0
5643 0
5654 0
5662 0
5665 0
5666 0
5668 0
5686 0
5692 0
5710 0
5716 0
5736 0
5746 0
5748 0
5749 0
5754 0
5763 0
5764 0
5782 0
5786 0
5789 0
5804 0
5807 0
5809 0
5811 0
5812 0
5819 0
5823 0
5824 0
5829 0
5835 0
5839 0
5849 0
5851 0
5860 0
5868 0
5872 0
5874 0
5891 0
5892 0
5900 0
5906 0
5907 0
5915 0
5917 0
5918 0
5922 0
5924 0
5930 0
5941 0
5949 0
5953 0
5956 0
5966 0
5972 0
5977 0
5990 0
5994 0
5995 0
6001 0
6003 0
6019 0
6022 0
6029 0
6033 0
6037 0
6046 0
6049 0
6050 0
6052 0
6056 0
6076 0
6085 0
6087 0
6088 0
6093 0
6105 0
6106 0
6110 0
6112 0
6115 0
6125 0
6130 0
6131 0
6151 0
6152 0
6153 0
6158 0
6166 0
6169 0
6181 0
6190 0
6198 0
6204 0
6218 0
6299 0
6311 0
6314 0
6321 0
6326 0
6338 0
6339 0
6342 0
6396 0
6397 0
6401 0
6407 0
6413 0
6425 0
6440 0
6449 0
6455 0
6460 0
6462 0
6469 0
6479 0
6506 0
6514 0
6520 0
6528 0
6534 0
6541 0
6542 0
6543 0
6546 0
6549 0
6557 0
6563 0
6569 0
6570 0
6574 0
6582 0
6594 0
6598 0
6609 0
6617 0
6621 0
6623 0
6628 0
6654 0
6660 0
6666 0
6689 0
6697 0
6699 0
6708 0
6716 0
6724 0
6725 0
6728 0
6748 0
6756 0
6768 0
6769 0
6787 0
6792 0
6801 0
6804 0
6805 0
6816 0
6823 0
6827 0
6833 0
6840 0
6854 0
6858 0
6859 0
6868 0
6876 0
6879 0
6904 0
6909 0
6922 0
6928 0
6942 0
6965 0
6973 0
6988 0
6999 0
7014 0
7021 0
7023 0
7030 0
7035 0
7043 0
7053 0
7054 0
7068 0
7070 0
7077 0
7078 0
7079 0
7082 0
7084 0
7095 0
7116 0
7134 0
7164 0
7170 0
7201 0
7231 0
7237 0
7249 0
7262 0
7266 0
7277 0
7280 0
7296 0
7307 0
7327 0
7342 0
7364 0
7365 0
7379 0
7384 0
7388 0
7393 0
7413 0
7423 0
7431 0
7434 0
7436 0
7452 0
7454 0
7461 0
7478 0
7488 0
7498 0
7501 0
7524 0
7526 0
7534 0
7541 0
7567 0
7569 0
7572 0
7585 0
7596 0
7604 0
7612 0
7630 0
7652 0
7656 0
7684 0
7688 0
7692 0
7694 0
7712 0
7715 0
7722 0
7730 0
7737 0
7740 0
7742 0
7746 0
7749 0
7750 0
7753 0
7762 0
7763 0
7765 0
7767 0
7769 0
7777 0
7790 0
7801 0
7812 0
7822 0
7823 0
7829 0
7833 0
7844 0
7848 0
7853 0
7867 0
7868 0
7875 0
7878 0
7891 0
7909 0
7913 0
7918 0
7949 0
7984 0
7999 0
8015 0
8028 0
8141 0
8169 0
8172 0
8186 0
8198 0
8231 0
8232 0
8252 0
8265 0
8267 0
8285 0
8297 0
8341 0
8364 0
8376 0
8385 0
8410 0
8414 0
8416 0
8425 0
8437 0
8453 0
8466 0
8475 0
8497 0
8504 0
8534 0
8535 0
8537 0
8578 0
8592 0
8596 0
8613 0
8615 0
8616 0
8621 0
8631 0
8632 0
8633 0
8670 0
8677 0
8680 0
8686 0
8688 0
8697 0
8699 0
8704 0
8719 0
8728 0
8762 0
8780 0
8803 0
8849 0
8866 0
8869 0
8888 0
8906 0
8909 0
8928 0
8935 0
8957 0
8966 0
8993 0
9003 0
9009 0
9010 0
9016 0
9024 0
9059 0
9068 0
9089 0
9109 0
9114 0
9133 0
9139 0
9171 0
9187 0
9190 0
9210 0
9211 0
9213 0
9248 0
9250 0
9267 0
9274 0
9282 0
9286 0
9300 0
9306 0
9309 0
9316 0
9321 0
9356 0
9358 0
9359 0
9405 0
9409 0
9416 0
9435 0
9438 0
9445 0
9455 0
9465 0
9470 0
9513 0
9521 0
9528 0
9535 0
9544 0
9556 0
9557 0
9558 0
9573 0
9585 0
9590 0
9615 0
9621 0
9635 0
9637 0
9645 0
9658 0
9675 0
9681 0
9708 0
9729 0
9747 0
9756 0
9759 0
9763 0
9767 0
9772 0
9791 0
9796 0
9818 0
9824 0
9847 0
9854 0
9859 0
9873 0
9874 0
9892 0
9893 0
9918 0
9919 0
9920 0
9926 0
9928 0
9935 0
9964 0
9968 0
9979 0
9982 0
9992 0
10000 0
10009 0
10013 0
10045 0
10077 0
10120 0
10131 0
10142 0
10146 0
10150 0
10158 0
10173 0
10176 0
10205 0
10249 0
10250 0
10258 0
10264 0
10288 0
10297 0
10305 0
10313 0
10314 0
10333 0
10334 0
10352 0
10356 0
10360 0
10362 0
10373 0
10376 0
10378 0
10390 0
10401 0
10404 0
10411 0
10413 0
10430 0
10435 0
10438 0
10440 0
10441 0
10453 0
10468 0
10514 0
10517 0
10523 0
10546 0
10548 0
10549 0
10553 0
10556 0
10564 0
10630 0
10631 0
10639 0
10644 0
10650 0
10653 0
10658 0
10673 0
10687 0
10696 0
10700 0
10733 0
10742 0
10763 0
10769 0
10777 0
10830 0
10843 0
10856 0
10908 0
10909 0
10914 0
10948 0
10976 0
11021 0
11049 0
11053 0
11093 0
11121 0
11125 0
11131 0
11139 0
11143 0
11150 0
11177 0
11186 0
11192 0
11196 0
11205 0
11262 0
11268 0
11304 0
11322 0
11348 0
11355 0
11429 0
11441 0
11458 0
11466 0
11475 0
11478 0
11481 0
11493 0
11524 0
11531 0
11542 0
11626 0
11661 0
11676 0
11684 0
11689 0
11697 0
11727 0
11775 0
11819 0
11827 0
11872 0
11883 0
11894 0
11899 0
11909 0
11919 0
11976 0
11991 0
12015 0
12017 0
12031 0
12054 0
12057 0
12063 0
12137 0
12198 0
12202 0
12247 0
12268 0
12291 0
12296 0
12331 0
12337 0
12340 0
12347 0
12367 0
12398 0
12403 0
12431 0
12437 0
12448 0
12451 0
12516 0
12524 0
12544 0
12564 0
12570 0
12577 0
12675 0
12684 0
12706 0
12712 0
12767 0
12787 0
12794 0
12832 0
12835 0
12866 0
12878 0
12882 0
12883 0
12894 0
13016 0
13078 0
13089 0
13097 0
13109 0
13136 0
13213 0
13361 0
13373 0
13382 0
13390 0
13420 0
13490 0
13497 0
13499 0
13500 0
13535 0
13537 0
13551 0
13589 0
13606 0
13659 0
13692 0
13726 0
13748 0
13760 0
13764 0
13777 0
13802 0
13814 0
13838 0
13847 0
13859 0
13905 0
13922 0
13944 0
13965 0
13972 0
13974 0
13980 0
13996 0
14020 0
14039 0
14059 0
14072 0
14094 0
14097 0
14122 0
14123 0
14128 0
14145 0
14153 0
14170 0
14185 0
14240 0
14246 0
14260 0
14265 0
14274 0
14275 0
14289 0
14300 0
14306 0
14347 0
14391 0
14395 0
14416 0
14436 0
14441 0
14442 0
14444 0
14514 0
14517 0
14544 0
14562 0
14578 0
14586 0
14600 0
14602 0
14636 0
14671 0
14682 0
14706 0
14763 0
14772 0
14782 0
14783 0
14788 0
14828 0
14844 0
14864 0
14881 0
14895 0
14902 0
14904 0
14924 0
14932 0
14936 0
15015 0
15031 0
15080 0
15084 0
15096 0
15097 0
15105 0
15107 0
15129 0
15131 0
15172 0
15266 0
15355 0
15362 0
15406 0
15416 0
15433 0
15439 0
15462 0
15472 0
15513 0
15516 0
15555 0
15602 0
15625 0
15691 0
15702 0
15723 0
15751 0
15756 0
15782 0
15792 0
15822 0
15828 0
15848 0
15880 0
15891 0
15931 0
15943 0
15983 0
16012 0
16040 0
16049 0
16109 0
16161 0
16186 0
16192 0
16210 0
16225 0
16241 0
16249 0
16257 0
16271 0
16281 0
16282 0
16308 0
16318 0
16320 0
16369 0
16405 0
16436 0
16450 0
16469 0
16485 0
16495 0
16540 0
16566 0
16636 0
16676 0
16694 0
16708 0
16716 0
16720 0
16739 0
16794 0
16800 0
16821 0
16829 0
16831 0
16853 0
16870 0
16883 0
16888 0
16927 0
16960 0
17007 0
17031 0
17058 0
17061 0
17064 0
17117 0
17150 0
17181 0
17228 0
17259 0
17305 0
17379 0
17402 0
17456 0
17470 0
17487 0
17588 0
17608 0
17655 0
17671 0
17701 0
17755 0
17796 0
17810 0
17856 0
17876 0
17899 0
17900 0
17909 0
17977 0
17983 0
17995 0
17996 0
17999 0
18000 0
18003 0
18035 0
18038 0
18039 0
18055 0
18105 0
18111 0
18123 0
18145 0
18253 0
18264 0
18297 0
18316 0
18319 0
18337 0
18339 0
18357 0
18449 0
18492 0
18512 0
18549 0
18573 0
18593 0
18595 0
18650 0
18714 0
18853 0
18902 0
18904 0
19057 0
19097 0
19153 0
19199 0
19214 0
19336 0
19365 0
19375 0
19455 0
19483 0
19530 0
19560 0
19572 0
19573 0
19590 0
19595 0
19696 0
19721 0
19728 0
19745 0
19747 0
19765 0
19825 0
19856 0
19861 0
19895 0
19903 0
19917 0
19990 0
20127 0
20143 0
20178 0
20184 0
20225 0
20248 0
20257 0
20296 0
20320 0
20328 0
20453 0
20520 0
20526 0
20656 0
20679 0
20799 0
20926 0
20957 0
21101 0
21139 0
21174 0
21228 0
21229 0
21239 0
21245 0
21268 0
21275 0
21293 0
21356 0
21426 0
21479 0
21510 0
21569 0
21579 0
21662 0
21668 0
21699 0
21983 0
21995 0
22042 0
22052 0
22071 0
22111 0
22223 0
22259 0
22260 0
22297 0
22331 0
22418 0
22525 0
22582 0
22598 0
22624 0
22809 0
22848 0
22867 0
22894 0
23126 0
23136 0
23162 0
23181 0
23222 0
23232 0
23239 0
23260 0
23324 0
23476 0
23503 0
23723 0
23734 0
23805 0
23832 0
23844 0
23855 0
23931 0
23988 0
24009 0
24010 0
24041 0
24048 0
24075 0
24080 0
24227 0
24516 0
24745 0
24836 0
24857 0
24893 0
24962 0
25080 0
25374 0
25765 0
25774 0
25893 0
25894 0
25898 0
25907 0
25964 0
25998 0
26158 0
26167 0
26319 0
26576 0
26660 0
26700 0
26734 0
26764 0
26812 0
26817 0
26898 0
26917 0
26941 0
26954 0
26955 0
26964 0
27037 0
27092 0
27112 0
27133 0
27155 0
27170 0
27180 0
27187 0
27213 0
27315 0
27341 0
27351 0
27389 0
27391 0
27439 0
27480 0
27481 0
27530 0
27578 0
27691 0
27784 0
27790 0
27878 0
27914 0
27939 0
27941 0
28006 0
28024 0
28103 0
28162 0
28221 0
28283 0
28316 0
28528 0
28531 0
28610 0
28621 0
28787 0
28800 0
28899 0
28942 0
28947 0
29122 0
29544 0
29574 0
29642 0
29734 0
29854 0
29871 0
29913 0
29926 0
29942 0
29994 0
30072 0
30126 0
30155 0
30223 0
30245 0
30283 0
30295 0
30339 0
30375 0
30406 0
30459 0
30496 0
30512 0
30557 0
30567 0
30573 0
30576 0
30594 0
30603 0
30689 0
30700 0
30702 0
30715 0
30732 0
30838 0
30841 0
30916 0
30951 0
30996 0
31131 0
31135 0
31150 0
31210 0
31294 0
31304 0
31305 0
31337 0
31419 0
31460 0
31468 0
31496 0
31515 0
31549 0
31558 0
31571 0
31577 0
31631 0
31632 0
31664 0
31683 0
31703 0
31788 0
31813 0
31839 0
31865 0
31871 0
31896 0
31918 0
31958 0
31976 0
31985 0
32000 0
32001 0
32023 0
32049 0
32075 0
32093 0
32130 0
32164 0
32191 0
32201 0
32211 0
32231 0
32249 0
32311 0
32323 0
32347 0
32409 0
32427 0
32443 0
32455 0
32491 0
32508 0
32585 0
32633 0
32793 0
32857 0
32867 0
32913 0
32915 0
33082 0
33170 0
33180 0
33269 0
33355 0
33447 0
33467 0
33500 0
33559 0
33825 0
33868 0
33870 0
33895 0
33987 0
34032 0
34068 0
34229 0
34239 0
34372 0
34466 0
34534 0
34576 0
34646 0
34663 0
34675 0
34765 0
34913 0
35071 0
35187 0
35211 0
35291 0
35349 0
35463 0
35488 0
35734 0
35828 0
35845 0
35856 0
35870 0
35988 0
36004 0
36047 0
36297 0
36341 0
36349 0
36440 0
36488 0
36592 0
36719 0
36782 0
36834 0
36869 0
36912 0
36916 0
36923 0
37005 0
37006 0
37023 0
37051 0
37088 0
37162 0
37177 0
37288 0
37298 0
37385 0
37454 0
37701 0
37702 0
37860 0
38132 0
38297 0
38346 0
38361 0
38437 0
38548 0
38693 0
39078 0
39091 0
39128 0
39195 0
39220 0
39253 0
39550 0
39609 0
39677 0
39818 0
39896 0
39914 0
39922 0
39945 0
39981 0
40035 0
40101 0
40185 0
40255 0
40267 0
40426 0
40437 0
40508 0
40598 0
40702 0
40807 0
40895 0
41011 0
41013 0
41053 0
41080 0
41110 0
41116 0
41170 0
41214 0
41325 0
41380 0
41389 0
41399 0
41415 0
41416 0
41427 0
41443 0
41489 0
41490 0
41566 0
41639 0
41657 0
41714 0
41716 0
41725 0
41731 0
41867 0
41878 0
42067 0
42078 0
42136 0
42400 0
42723 0
42741 0
42778 0
42843 0
43043 0
43110 0
43186 0
43431 0
43495 0
43645 0
43678 0
43799 0
43936 0
43985 0
44067 0
44234 0
44250 0
44278 0
44657 0
44816 0
45175 0
45323 0
45436 0
45465 0
45496 0
45514 0
45520 0
45544 0
45585 0
45586 0
45618 0
45631 0
45659 0
45672 0
45713 0
45737 0
45884 0
46034 0
46224 0
46253 0
46594 0
46909 0
46934 0
46956 0
47078 0
47227 0
47340 0
47360 0
47545 0
47797 0
47859 0
47865 0
48034 0
48200 0
48240 0
48449 0
48520 0
48635 0
48806 0
48926 0
49653 0
49690 0
49889 0
50116 0
50222 0
50227 0
50250 0
50324 0
50357 0
50432 0
50978 0
51151 0
51227 0
52123 0
52389 0
52741 0
52993 0
53244 0
53279 0
53607 0
53609 0
53737 0
53936 0
53985 0
53986 0
53998 0
54030 0
54234 0
54563 0
54823 0
55155 0
55254 0
55255 0
55284 0
55317 0
55410 0
55467 0
55489 0
55493 0
55495 0
55500 0
55518 0
55535 0
55875 0
55990 0
56044 0
56124 0
56281 0
56333 0
56344 0
56482 0
56491 0
56611 0
56650 0
56740 0
56951 0
56972 0
57029 0
57080 0
57132 0
57228 0
57302 0
57641 0
58040 0
58087 0
58325 0
58362 0
58481 0
58550 0
58652 0
58700 0
58744 0
58860 0
58946 0
59036 0
59111 0
59132 0
59148 0
59210 0
59318 0
59337 0
59368 0
59395 0
59449 0
59675 0
59682 0
59903 0
59934 0
59960 0
59986 0
60035 0
60191 0
60231 0
60290 0
60300 0
60315 0
60456 0
60577 0
60636 0
60658 0
60751 0
60794 0
60817 0
60924 0
61152 0
61163 0
61295 0
61405 0
61422 0
61690 0
61725 0
61845 0
61910 0
61911 0
61957 0
62009 0
62063 0
62291 0
62333 0
62581 0
62651 0
62657 0
62703 0
62758 0
63239 0
63280 0
63413 0
63465 0
63543 0
63631 0
63699 0
63729 0
63959 0
64176 0
64214 0
64224 0
64303 0
64408 0
64409 0
64516 0
64728 0
64789 0
64952 0
65155 0
65222 0
65341 0
65725 0
65743 0
65971 0
66366 0
66504 0
66679 0
66826 0
66840 0
66852 0
66883 0
66922 0
66948 0
67111 0
67145 0
67172 0
67218 0
67220 0
67375 0
67588 0
67620 0
67734 0
67819 0
67853 0
67925 0
67927 0
68147 0
68230 0
68271 0
68431 0
68434 0
68443 0
68655 0
68676 0
68708 0
68747 0
68748 0
68750 0
68868 0
68953 0
69010 0
69352 0
69367 0
69368 0
69425 0
69431 0
69583 0
69715 0
69783 0
69797 0
69875 0
69879 0
70046 0
70104 0
70126 0
70317 0
70384 0
70483 0
70491 0
70555 0
70639 0
70665 0
70671 0
70697 0
70708 0
70741 0
71061 0
71077 0
71114 0
71147 0
71190 0
71250 0
71266 0
71370 0
71425 0
71488 0
71697 0
71846 0
71967 0
72010 0
72084 0
72097 0
72110 0
72151 0
72161 0
72393 0
72411 0
72521 0
72532 0
72573 0
72649 0
72657 0
72708 0
73070 0
73294 0
73436 0
73439 0
73539 0
73562 0
73633 0
73748 0
73832 0
73878 0
73883 0
73957 0
73998 0
74101 0
74177 0
74684 0
74860 0
74900 0
74908 0
75024 0
75091 0
75109 0
75194 0
75335 0
75338 0
75426 0
75506 0
75508 0
75610 0
75649 0
75653 0
75657 0
75674 0
75685 0
75701 0
75713 0
75839 0
76344 0
76401 0
76429 0
76455 0
76482 0
76493 0
76506 0
76508 0
76517 0
76525 0
76550 0
76630 0
76664 0
76840 0
76869 0
76885 0
77044 0
77244 0
77281 0
77295 0
77361 0
77408 0
77776 0
77805 0
77853 0
77913 0
78245 0
78435 0
78488 0
78532 0
78571 0
78620 0
78850 0
78947 0
78953 0
78989 0
79105 0
79340 0
79427 0
79489 0
79525 0
79553 0
79599 0
79619 0
79640 0
79661 0
79667 0
79677 0
79708 0
79882 0
79965 0
79992 0
80084 0
80152 0
80548 0
80956 0
81106 0
81294 0
81439 0
81465 0
81646 0
81808 0
81969 0
82102 0
82193 0
82968 0
83080 0
83285 0
83399 0
83452 0
83464 0
83601 0
83686 0
84004 0
84101 0
84280 0
84318 0
84433 0
84541 0
84555 0
84608 0
84725 0
85189 0
85292 0
85379 0
85745 0
85765 0
85842 0
85868 0
85914 0
85930 0
85999 0
86055 0
86161 0
86192 0
86199 0
86261 0
86330 0
86367 0
86393 0
86448 0
86449 0
86456 0
86495 0
86571 0
86687 0
86993 0
87184 0
87189 0
87531 0
87592 0
87615 0
87625 0
87783 0
87812 0
87921 0
88397 0
88484 0
88887 0
88905 0
89073 0
89139 0
89223 0
89414 0
89507 0
89521 0
90482 0
90547 0
90606 0
90615 0
91058 0
91319 0
91722 0
91806 0
91900 0
91972 0
92055 0
92084 0
92128 0
92154 0
92227 0
92357 0
92500 0
92642 0
92702 0
92781 0
92789 0
92810 0
92945 0
93038 0
93295 0
93473 0
93493 0
93501 0
93588 0
93668 0
94010 0
94121 0
94132 0
94134 0
94156 0
94250 0
94426 0
94567 0
94569 0
94579 0
94662 0
94724 0
94732 0
94772 0
94852 0
94999 0
95004 0
95009 0
95300 0
95326 0
95616 0
95760 0
95805 0
96512 0
96638 0
96723 0
96876 0
96878 0
96888 0
96921 0
97032 0
97044 0
97181 0
97309 0
97323 0
97334 0
97348 0
97426 0
97529 0
97653 0
97729 0
97875 0
97936 0
98112 0
98225 0
98231 0
98537 0
98556 0
98665 0
98793 0
98863 0
98908 0
99004 0
99065 0
99082 0
99144 0
99151 0
99396 0
99397 0
99413 0
99415 0
99572 0
99610 0
99646 0
99652 0
99692 0
99773 0
100003 0
100132 0
100682 0
100817 0
101001 0
101100 0
101149 0
101188 0
101237 0
101877 0
102315 0
102497 0
102610 0
102639 0
102737 0
102950 0
103136 0
103186 0
103585 0
103613 0
103670 0
103787 0
104108 0
104265 0
104343 0
104485 0
104487 0
104556 0
104633 0
104657 0
104710 0
104839 0
104884 0
104893 0
104964 0
105025 0
105188 0
105237 0
105289 0
105406 0
105572 0
105578 0
106042 0
106220 0
106547 0
106781 0
106899 0
108881 0
108941 0
109044 0
109060 0
109317 0
109319 0
110335 0
110348 0
110452 0
110570 0
110803 0
110918 0
110926 0
111020 0
111226 0
111312 0
111327 0
111634 0
111667 0
111674 0
111858 0
111871 0
112108 0
112126 0
112236 0
112291 0
112356 0
112404 0
113140 0
113583 0
113847 0
114009 0
114024 0
114028 0
114155 0
114174 0
114186 0
114268 0
114332 0
114386 0
114427 0
114482 0
114507 0
114540 0
114557 0
114582 0
114628 0
114639 0
114669 0
114756 0
114789 0
114951 0
115042 0
115049 0
115118 0
115255 0
115491 0
115500 0
115590 0
115745 0
115984 0
116270 0
116295 0
116393 0
116596 0
116648 0
116659 0
116677 0
116750 0
116816 0
117409 0
117465 0
117524 0
117549 0
117737 0
117947 0
117998 0
118108 0
118235 0
118241 0
118272 0
118310 0
118332 0
118757 0
118824 0
118871 0
118909 0
118924 0
119012 0
119068 0
119077 0
119088 0
119122 0
119194 0
119222 0
119252 0
119354 0
119513 0
119644 0
119646 0
119656 0
119671 0
119688 0
119699 0
119720 0
119801 0
119850 0
119858 0
119911 0
120025 0
120055 0
120341 0
120487 0
120553 0
120766 0
121042 0
121275 0
121377 0
121601 0
121658 0
121790 0
121869 0
121921 0
122004 0
122283 0
122572 0
122664 0
122665 0
122822 0
123070 0
123356 0
123358 0
123374 0
123604 0
123699 0
123702 0
123912 0
124183 0
124235 0
124542 0
125050 0
125062 0
125272 0
125615 0
125878 0
125888 0
126003 0
126177 0
126251 0
126280 0
126337 0
126573 0
126590 0
126615 0
126755 0
126815 0
127885 0
128131 0
128147 0
128165 0
128354 0
128673 0
128748 0
128763 0
128768 0
128833 0
128840 0
129118 0
129177 0
129246 0
129338 0
129513 0
129737 0
130091 0
130211 0
130246 0
130741 0
131305 0
131351 0
131388 0
131716 0
131752 0
131907 0
132956 0
133580 0
133639 0
134418 0
134488 0
134605 0
134978 0
135149 0
135266 0
135373 0
135382 0
135909 0
135935 0
136027 0
136246 0
136290 0
136350 0
136524 0
136939 0
137489 0
137755 0
137864 0
138669 0
138740 0
138801 0
138875 0
138891 0
138989 0
140069 0
140312 0
140565 0
140571 0
140822 0
140931 0
140934 0
141218 0
141251 0
141266 0
141282 0
141292 0
141592 0
142001 0
142087 0
142106 0
142141 0
142624 0
142987 0
143078 0
143541 0
143563 0
143694 0
144055 0
144118 0
144908 0
144917 0
145247 0
145312 0
145341 0
145661 0
145688 0
146127 0
146194 0
146814 0
147064 0
147187 0
147399 0
147559 0
147740 0
148218 0
148614 0
149859 0
150022 0
150378 0
150459 0
151272 0
151719 0
152154 0
152265 0
152399 0
152652 0
152843 0
152883 0
152965 0
153092 0
154216 0
154267 0
154282 0
154309 0
156585 0
156930 0
156984 0
157151 0
157274 0
158504 0
158736 0
158794 0
159032 0
159290 0
159376 0
159611 0
159651 0
159671 0
159728 0
159816 0
159950 0
160036 0
160059 0
160126 0
160405 0
160449 0
160651 0
160665 0
160793 0
160886 0
161224 0
161419 0
161594 0
161638 0
161730 0
161743 0
161848 0
161879 0
162149 0
162186 0
162191 0
162715 0
163252 0
164385 0
164396 0
164693 0
166042 0
166930 0
167369 0
169307 0
169455 0
169554 0
169718 0
169801 0
170760 0
171374 0
171429 0
171514 0
171516 0
171677 0
172233 0
172588 0
172726 0
172788 0
172860 0
173001 0
173607 0
173646 0
173647 0
173964 0
174034 0
174311 0
174808 0
176170 0
177844 0
178242 0
178298 0
178806 0
179113 0
179636 0
179683 0
180342 0
181832 0
181981 0
182140 0
182158 0
182209 0
183605 0
183804 0
183820 0
184753 0
185060 0
185090 0
185382 0
185536 0
185742 0
185816 0
185820 0
185856 0
186264 0
186326 0
186382 0
186475 0
186543 0
186615 0
186707 0
186739 0
186810 0
186865 0
187902 0
189800 0
191310 0
191560 0
191740 0
192243 0
192353 0
192563 0
193536 0
193913 0
193944 0
193964 0
197535 0
197564 0
197719 0
197937 0
198100 0
200415 0
200473 0
200971 0
201095 0
201237 0
201321 0
201474 0
201657 0
201761 0
201999 0
202154 0
202232 0
202410 0
202622 0
203196 0
203980 0
204106 0
204159 0
204172 0
204567 0
204681 0
204837 0
205291 0
205666 0
206118 0
206279 0
206337 0
206487 0
207891 0
208104 0
208166 0
208315 0
208536 0
208624 0
209173 0
209511 0
209588 0
209604 0
209881 0
210359 0
210462 0
210732 0
211200 0
211434 0
211567 0
211624 0
211819 0
211856 0
211910 0
211946 0
212013 0
212054 0
212067 0
212627 0
212783 0
212807 0
212856 0
212860 0
213047 0
213193 0
213305 0
213446 0
213597 0
213759 0
213895 0
213934 0
213996 0
214032 0
214165 0
214324 0
215102 0
215869 0
218244 0
218394 0
218556 0
218600 0
218761 0
218815 0
219168 0
219389 0
219803 0
220328 0
220461 0
221441 0
221846 0
222333 0
222403 0
222842 0
223611 0
223636 0
223761 0
224094 0
226388 0
226446 0
226489 0
229750 0
230086 0
230258 0
231332 0
231774 0
232043 0
232404 0
232617 0
232626 0
232826 0
233114 0
234196 0
238599 0
238774 0
238856 0
239310 0
240172 0
240282 0
240930 0
241176 0
241178 0
241507 0
241533 0
241940 0
242030 0
242737 0
243231 0
243527 0
243593 0
243636 0
243678 0
244211 0
244270 0
244725 0
245167 0
245270 0
245369 0
245932 0
248020 0
248031 0
248137 0
248195 0
248316 0
248367 0
248981 0
249039 0
249188 0
249304 0
249349 0
249744 0
252109 0
252138 0
252244 0
252358 0
252592 0
252611 0
252698 0
252973 0
253106 0
253138 0
253210 0
253232 0
253637 0
255791 0
255817 0
256209 0
259327 0
259370 0
259392 0
259492 0
259494 0
259515 0
259558 0
259650 0
259673 0
259702 0
259705 0
259806 0
259841 0
259896 0
260075 0
260090 0
260109 0
260426 0
260437 0
260515 0
260762 0
263419 0
263570 0
263618 0
263914 0
264105 0
264661 0
264877 0
264898 0
264907 0
265320 0
265543 0
266687 0
267728 0
268938 0
269279 0
270675 0
270724 0
270800 0
270950 0
271060 0
271578 0
271954 0
272149 0
272334 0
273367 0
274690 0
275199 0
275391 0
275488 0
275721 0
275816 0
276074 0
280509 0
282790 0
283147 0
283260 0
284619 0
284886 0
285675 0
286601 0
286743 0
287832 0
288110 0
288135 0
288909 0
289320 0
289554 0
290346 0
290347 0
290375 0
290442 0
290509 0
290520 0
290562 0
290627 0
