1 0.50258286
2 0.50350057
3 0.50431282
4 0.50521325
5 0.50631315
6 0.50754424
7 0.5082285
8 0.50896435
9 0.50967013
10 0.51063375
11 0.51162279
12 0.51248843
13 0.5136024
14 0.51432519
15 0.51491618
16 0.51555079
17 0.51636525
18 0.51701877
19 0.51783572
20 0.51871552
21 0.51961177
22 0.52047058
23 0.52123929
24 0.522024
25 0.52297412
26 0.52374935
27 0.52470493
28 0.52546124
29 0.52612873
30 0.52670142
31 0.52725906
32 0.52799939
33 0.52876061
34 0.52937068
35 0.53023315
36 0.53085812
37 0.53138582
38 0.53208653
39 0.53291992
40 0.53372577
41 0.53452844
42 0.53517113
43 0.53584656
44 0.53655212
45 0.53720815
46 0.53793184
47 0.53858403
48 0.53902054
49 0.53954535
50 0.54025659
51 0.54099564
52 0.5415219
53 0.54197991
54 0.54272236
55 0.54328092
56 0.54386556
57 0.54465833
58 0.54534145
59 0.54583368
60 0.54636651
61 0.54693927
62 0.54754311
63 0.54814449
64 0.54860717
65 0.5493351
66 0.54990519
67 0.5504836
68 0.55107964
69 0.55156668
70 0.55211654
71 0.55269367
72 0.55312234
73 0.55370878
74 0.55404667
75 0.55459126
76 0.55508891
77 0.55577228
78 0.5561192
79 0.55696862
80 0.55745156
81 0.55801209
82 0.55853655
83 0.55896477
84 0.55947387
85 0.55992349
86 0.56033147
87 0.5609177
88 0.56121413
89 0.56161896
90 0.56204035
91 0.56259124
92 0.56294954
93 0.56333745
94 0.56386997
95 0.56436478
96 0.56478516
97 0.56534299
98 0.5657406
99 0.56613659
100 0.56661626
101 0.56685306
102 0.56728686
103 0.56762952
104 0.56810842
105 0.56854021
106 0.56895123
107 0.56939994
108 0.56980383
109 0.57025911
110 0.57072837
111 0.57115391
112 0.57163132
113 0.57190768
114 0.57227916
115 0.57283391
116 0.57334329
117 0.57385438
118 0.57421089
119 0.57464587
120 0.57489901
121 0.57512899
122 0.5757016
123 0.57611055
124 0.5764899
125 0.57676237
126 0.57715107
127 0.57743781
128 0.57773709
129 0.57812832
130 0.57858378
131 0.57900599
132 0.5795271
133 0.57979815
134 0.58017956
135 0.58038446
136 0.580573
137 0.5809012
138 0.58118245
139 0.58145226
140 0.58176941
141 0.58203137
142 0.58251645
143 0.58291001
144 0.58336635
145 0.5836802
146 0.58410318
147 0.58431864
148 0.58475396
149 0.58497603
150 0.58522135
151 0.58550999
152 0.58585781
153 0.58607369
154 0.58642356
155 0.58683736
156 0.58701806
157 0.58740094
158 0.5876873
159 0.58802356
160 0.58823233
161 0.58854573
162 0.5889421
163 0.58926679
164 0.58956777
165 0.58977785
166 0.59008672
167 0.59034679
168 0.59058508
169 0.59081532
170 0.59113015
171 0.59143658
172 0.59164986
173 0.59194646
174 0.59228666
175 0.59257743
176 0.5928303
177 0.59297077
178 0.59322786
179 0.59356682
180 0.59377731
181 0.59414093
182 0.59427983
183 0.59445627
184 0.59463455
185 0.59498037
186 0.59526288
187 0.59547592
188 0.59575128
189 0.59600008
190 0.59631715
191 0.59661566
192 0.59693816
193 0.59728047
194 0.59750577
195 0.59777391
196 0.59809196
197 0.59832158
198 0.59863402
199 0.59889426
200 0.59916626
201 0.59928581
202 0.59949035
203 0.59982377
204 0.60003141
205 0.60030993
206 0.60050625
207 0.6008044
208 0.60113234
209 0.60144479
210 0.60167808
211 0.60186901
212 0.60211178
213 0.6024052
214 0.60270201
215 0.60293305
216 0.60312973
217 0.60338136
218 0.60353539
219 0.6037345
220 0.60392092
221 0.60406643
222 0.60438162
223 0.60456814
224 0.60487748
225 0.60523157
226 0.60542
227 0.60573533
228 0.60589917
229 0.6060647
230 0.606311
231 0.60647673
232 0.6066357
233 0.60681801
234 0.60716478
235 0.60730819
236 0.607543
237 0.60772721
238 0.60789541
239 0.60802117
240 0.60816817
241 0.60837915
242 0.60868149
243 0.60893867
244 0.60905837
245 0.60922585
246 0.60947285
247 0.60963594
248 0.60983167
249 0.61012084
250 0.61035432
251 0.61046663
252 0.61070034
253 0.61091208
254 0.61118152
255 0.61135117
256 0.61163796
257 0.61177704
258 0.61186736
259 0.61214018
260 0.612309
261 0.61252918
262 0.61272101
263 0.61297456
264 0.61336058
265 0.61364004
266 0.61384659
267 0.61401074
268 0.61423402
269 0.61454319
270 0.61475032
271 0.61484509
272 0.61505082
273 0.6153033
274 0.61547916
275 0.61577561
276 0.61593079
277 0.61610305
278 0.6163872
279 0.61660041
280 0.6167759
281 0.61713408
282 0.61736108
283 0.61746252
284 0.61763109
285 0.61785908
286 0.61798168
287 0.61815547
288 0.618319
289 0.61847838
290 0.61867225
291 0.61887844
292 0.61919663
293 0.61936779
294 0.61951973
295 0.61974376
296 0.61995804
297 0.62022335
298 0.62040686
299 0.62069973
300 0.62088532
301 0.62113883
302 0.62123868
303 0.62130751
304 0.6214922
305 0.62166439
306 0.62179557
307 0.6219776
308 0.62210484
309 0.62226825
310 0.62245104
311 0.62259742
312 0.62289697
313 0.62306402
314 0.62326667
315 0.62345735
316 0.62355127
317 0.62369767
318 0.62378156
319 0.62398491
320 0.62408759
321 0.62424517
322 0.62449482
323 0.62462209
324 0.62473899
325 0.62495037
326 0.62515536
327 0.62531961
328 0.62551325
329 0.62569454
330 0.62582563
331 0.62603896
332 0.62615329
333 0.62638711
334 0.62652066
335 0.62665953
336 0.62673494
337 0.62693701
338 0.62707844
339 0.62717454
340 0.627379
341 0.62752328
342 0.62764691
343 0.6278367
344 0.6280958
345 0.62837171
346 0.62847843
347 0.62865089
348 0.62876086
349 0.62898823
350 0.62921173
351 0.62939612
352 0.6295275
353 0.62964339
354 0.62977675
355 0.63003293
356 0.63024813
357 0.6304836
358 0.63067
359 0.63081373
360 0.63094777
361 0.63105643
362 0.6311725
363 0.63138258
364 0.63151628
365 0.63166789
366 0.63180097
367 0.63194844
368 0.63214277
369 0.63238051
370 0.63247435
371 0.63259278
372 0.63271839
373 0.63280576
374 0.63292476
375 0.63317709
376 0.63332616
377 0.63348604
378 0.63360204
379 0.63373796
380 0.6338655
381 0.63395469
382 0.63405119
383 0.63413636
384 0.63420654
385 0.6343469
386 0.63443765
387 0.63453191
388 0.6345935
389 0.63470804
390 0.63487785
391 0.63499137
392 0.63506847
393 0.63517933
394 0.63532013
395 0.63541742
396 0.63549434
397 0.63561429
398 0.63571815
399 0.63592483
400 0.63602129
401 0.63619826
402 0.63634937
403 0.63648862
404 0.63667233
405 0.63681603
406 0.63705703
407 0.63713219
408 0.63720223
409 0.63733036
410 0.63743941
411 0.6375737
412 0.63777422
413 0.63781429
414 0.63798374
415 0.63814274
416 0.63818665
417 0.63824213
418 0.63829256
419 0.63846423
420 0.63864196
421 0.63885209
422 0.63894038
423 0.63906087
424 0.63918409
425 0.63925822
426 0.63937678
427 0.63945559
428 0.63951531
429 0.63956921
430 0.6396595
431 0.63981799
432 0.63995614
433 0.64007412
434 0.64021428
435 0.64029215
436 0.64043107
437 0.64056597
438 0.64063205
439 0.64073141
440 0.64088391
441 0.64093676
442 0.64111501
443 0.64125434
444 0.64132969
445 0.64140596
446 0.6416318
447 0.64175841
448 0.64191926
449 0.642072
450 0.64223884
451 0.64230767
452 0.64241152
453 0.64255291
454 0.64266321
455 0.64281277
456 0.64293218
457 0.64297831
458 0.64302345
459 0.6430711
460 0.64325366
461 0.64333064
462 0.6434034
463 0.64352571
464 0.64364345
465 0.6437207
466 0.64381809
467 0.64392664
468 0.64404282
469 0.64418755
470 0.64430283
471 0.64435
472 0.64444735
473 0.64453103
474 0.64460755
475 0.64468228
476 0.64480405
477 0.64488486
478 0.64499183
479 0.64509302
480 0.64523424
481 0.64540328
482 0.64547395
483 0.64561991
484 0.64573782
485 0.64578549
486 0.64589054
487 0.64603939
488 0.64618108
489 0.64630334
490 0.64636744
491 0.64649766
492 0.6465571
493 0.64669525
494 0.64681442
495 0.64694664
496 0.64703558
497 0.64715307
498 0.64722498
499 0.64733676
500 0.64742673
501 0.64749873
502 0.64755766
503 0.64763147
504 0.64784603
505 0.64797151
506 0.64810869
507 0.648233
508 0.64826807
509 0.64835035
510 0.64844137
511 0.64848747
512 0.64867293
513 0.64878378
514 0.64884119
515 0.64892194
516 0.64901063
517 0.64906968
518 0.64915019
519 0.64922366
520 0.64931743
521 0.64941665
522 0.64947393
523 0.64955353
524 0.64960841
525 0.64971292
526 0.64975848
527 0.6498315
528 0.64997969
529 0.65002188
530 0.65011641
531 0.65023404
532 0.65031058
533 0.65048056
534 0.65054718
535 0.65064585
536 0.65072226
537 0.65074795
538 0.65080315
539 0.65085353
540 0.6510202
541 0.65106316
542 0.65121447
543 0.65129339
544 0.65140439
545 0.65147036
546 0.651588
547 0.65171108
548 0.65181422
549 0.65191638
550 0.65197777
551 0.65205856
552 0.6521381
553 0.65222247
554 0.65228629
555 0.65244854
556 0.65251195
557 0.65259559
558 0.65265606
559 0.65276877
560 0.65286155
561 0.65292552
562 0.65302895
563 0.65317445
564 0.65327773
565 0.65334863
566 0.65340173
567 0.65343147
568 0.65353321
569 0.65359568
570 0.65371859
571 0.65385787
572 0.65390725
573 0.65398107
574 0.65407773
575 0.65414521
576 0.65423087
577 0.65432486
578 0.65436683
579 0.65442194
580 0.65449229
581 0.65459955
582 0.65477352
583 0.65484652
584 0.65492875
585 0.6551096
586 0.65514193
587 0.65518339
588 0.65528289
589 0.65532472
590 0.65541998
591 0.65544695
592 0.65559679
593 0.65560759
594 0.65564493
595 0.65569549
596 0.65577117
597 0.65579203
598 0.65593788
599 0.65603285
600 0.65610881
601 0.65618507
602 0.65626441
603 0.65642543
604 0.65648386
605 0.65658906
606 0.65660815
607 0.65664568
608 0.6567105
609 0.65681432
610 0.65686183
611 0.65699359
612 0.65703406
613 0.65707074
614 0.65710163
615 0.65715793
616 0.65720178
617 0.65724842
618 0.65734151
619 0.65744966
620 0.65752519
621 0.65763108
622 0.65771183
623 0.65780976
624 0.65785063
625 0.65798197
626 0.65804224
627 0.65810748
628 0.6582264
629 0.65832433
630 0.65836166
631 0.65846867
632 0.65856502
633 0.65862127
634 0.65868202
635 0.65870931
636 0.65875817
637 0.65883557
638 0.65893461
639 0.65895073
640 0.65897843
641 0.65906163
642 0.6591596
643 0.65922855
644 0.65929804
645 0.65933194
646 0.65945364
647 0.65959775
648 0.65967794
649 0.659755
650 0.65980606
651 0.65990831
652 0.65996002
653 0.66005612
654 0.66006038
655 0.66012548
656 0.66019538
657 0.66031514
658 0.66037703
659 0.66041173
660 0.66043362
661 0.66047659
662 0.66058449
663 0.66069818
664 0.66081244
665 0.66085646
666 0.66091872
667 0.66096874
668 0.66107088
669 0.66111779
670 0.66118385
671 0.66127281
672 0.6613083
673 0.66136679
674 0.66142382
675 0.66148674
676 0.66158599
677 0.66164382
678 0.66169887
679 0.66175237
680 0.66186329
681 0.66195231
682 0.66213338
683 0.6622394
684 0.6622923
685 0.66232516
686 0.66241129
687 0.66247905
688 0.66252443
689 0.66254588
690 0.66257752
691 0.66261416
692 0.66264355
693 0.6626827
694 0.6627733
695 0.66280462
696 0.66289499
697 0.66304084
698 0.66309842
699 0.66316959
700 0.66321126
701 0.66325111
702 0.66330579
703 0.66337096
704 0.66347184
705 0.66352305
706 0.66354116
707 0.66358214
708 0.66372792
709 0.66382057
710 0.66388486
711 0.6639749
712 0.66402702
713 0.66413163
714 0.66426515
715 0.66431084
716 0.66438445
717 0.66442774
718 0.66445094
719 0.6645344
720 0.66466832
721 0.66473031
722 0.66479129
723 0.66482827
724 0.66488436
725 0.66492253
726 0.66496341
727 0.66501053
728 0.66508857
729 0.66514847
730 0.66524215
731 0.66533073
732 0.66536782
733 0.66541838
734 0.66548846
735 0.66558331
736 0.66562945
737 0.66571238
738 0.66573364
739 0.66577029
740 0.66581608
741 0.66586104
742 0.66592948
743 0.66600181
744 0.66605871
745 0.66617565
746 0.66625772
747 0.66635402
748 0.66637072
749 0.66642049
750 0.66647738
751 0.66656681
752 0.66672681
753 0.66688106
754 0.66692736
755 0.6669547
756 0.66701258
757 0.66704159
758 0.6670747
759 0.6671323
760 0.66715851
761 0.66719774
762 0.66723007
763 0.6673053
764 0.66734395
765 0.66738499
766 0.66742215
767 0.66746789
768 0.66753882
769 0.66761916
770 0.6676819
771 0.66774032
772 0.66787193
773 0.66794388
774 0.66806348
775 0.66809051
776 0.66814497
777 0.6682172
778 0.66830545
779 0.66838535
780 0.66847829
781 0.66850982
782 0.66861961
783 0.66871221
784 0.66876924
785 0.66884109
786 0.66890693
787 0.66896043
788 0.66905008
789 0.66911592
790 0.66913013
791 0.66918567
792 0.66927253
793 0.66930717
794 0.66933272
795 0.66941803
796 0.66945831
797 0.66947232
798 0.66954623
799 0.66957448
800 0.66960406
801 0.66966789
802 0.66971888
803 0.6697544
804 0.66978234
805 0.66987143
806 0.66988947
807 0.66994562
808 0.66999951
809 0.6700593
810 0.67013118
811 0.6701414
812 0.67019685
813 0.6702538
814 0.67028522
815 0.6703312
816 0.67039222
817 0.67043109
818 0.67049652
819 0.67051666
820 0.67057911
821 0.67059483
822 0.67061426
823 0.6707085
824 0.67074881
825 0.67077217
826 0.67079488
827 0.6708705
828 0.6709054
829 0.67092447
830 0.67097171
831 0.67100686
832 0.67106927
833 0.67112383
834 0.67119998
835 0.67132382
836 0.67139766
837 0.67148955
838 0.67154599
839 0.67160867
840 0.67170138
841 0.67177946
842 0.67179898
843 0.67180347
844 0.67184293
845 0.67186553
846 0.67189681
847 0.67192177
848 0.6719425
849 0.67196751
850 0.6720347
851 0.67209097
852 0.67211946
853 0.67214649
854 0.67216885
855 0.67218464
856 0.67220669
857 0.67226179
858 0.67233403
859 0.67239943
860 0.67249631
861 0.6725336
862 0.67257732
863 0.6726735
864 0.67271094
865 0.67272821
867 0.67278148
868 0.67282103
869 0.67287281
870 0.67303817
871 0.6730472
872 0.67309654
873 0.67311437
874 0.67315458
875 0.67328823
876 0.67334072
877 0.67339908
878 0.67340226
879 0.67343338
880 0.67346507
881 0.67350982
882 0.67355725
884 0.673566
885 0.67362508
886 0.67367877
887 0.67375456
888 0.67379953
889 0.67385621
890 0.67387804
891 0.67394068
892 0.67399366
893 0.67401391
894 0.67402993
895 0.67406763
896 0.67409826
897 0.6741517
898 0.67419898
899 0.67424467
900 0.67431837
901 0.67441287
902 0.67443693
903 0.67447481
904 0.67452853
905 0.67456103
906 0.6746144
907 0.67464853
908 0.67467495
909 0.67469067
910 0.67473296
911 0.6748301
912 0.67484708
913 0.67490091
914 0.67494802
915 0.67499286
916 0.67501478
917 0.67504886
918 0.6750928
919 0.6751477
920 0.67517878
921 0.67523174
922 0.67527899
923 0.67529926
924 0.6753395
925 0.67536647
926 0.67545167
927 0.67550372
928 0.67557575
929 0.67564736
930 0.67572109
931 0.67582778
932 0.67586863
933 0.67590531
934 0.67595205
935 0.67598245
936 0.67599671
937 0.67607913
938 0.67609027
939 0.67611407
940 0.67619115
941 0.67623212
942 0.67631316
943 0.67636027
944 0.67639257
945 0.6764021
946 0.67646526
947 0.67653874
948 0.67654931
949 0.67657866
951 0.67662954
952 0.67669397
953 0.67678
954 0.67682394
955 0.67685967
956 0.67691639
957 0.67695956
958 0.67700092
959 0.67703755
960 0.67708444
961 0.6771593
962 0.67722233
963 0.67726869
964 0.67735665
965 0.67736205
966 0.67739201
967 0.67746103
968 0.67754283
969 0.67757685
970 0.67763167
971 0.67765722
972 0.67769968
973 0.67772064
974 0.67775327
975 0.67776471
976 0.6777837
977 0.67783351
978 0.67787681
979 0.67791004
980 0.67794597
981 0.67797108
982 0.67797252
983 0.67805652
984 0.67813535
985 0.67819603
986 0.67827017
987 0.67829418
988 0.67832067
989 0.67833934
990 0.67840938
991 0.67845801
992 0.67851433
993 0.67855918
994 0.67857462
995 0.67863363
996 0.67867772
997 0.67871557
998 0.67873893
999 0.67881011
1000 0.67884796
1001 0.67892028
1002 0.67893728
1003 0.67901105
1004 0.67906183
1005 0.6791038
1006 0.67914168
1007 0.67914384
1008 0.67918017
1009 0.67922337
1010 0.67924562
1011 0.67928778
1012 0.67933187
1013 0.67940086
1014 0.67943407
1015 0.67949687
1016 0.67955825
1017 0.67960213
1018 0.6796354
1019 0.67968174
1020 0.67971838
1021 0.67977155
1022 0.67981681
1023 0.67984457
1024 0.67984634
1025 0.67987988
1026 0.67990263
1027 0.67995126
1028 0.68002658
1029 0.68010787
1030 0.68014785
1031 0.68017114
1032 0.68017222
1033 0.68018381
1034 0.68025142
1035 0.68026307
1036 0.68027748
1037 0.68031127
1038 0.68038142
1039 0.68040634
1040 0.68047331
1041 0.68051226
1042 0.68060376
1043 0.6806301
1044 0.6806625
1045 0.68073948
1046 0.68076682
1047 0.68079147
1048 0.68085124
1049 0.68094724
1050 0.68095154
1051 0.68098803
1052 0.68104704
1053 0.68107459
1054 0.68113653
1055 0.68116071
1056 0.68121968
1057 0.6813248
1058 0.68137187
1059 0.68142415
1060 0.68144053
1061 0.68149633
1062 0.68152853
1063 0.68155929
1064 0.68158514
1065 0.6816005
1066 0.68162088
1067 0.68163657
1068 0.68165206
1069 0.68166918
1070 0.68171755
1071 0.68177091
1072 0.68182227
1073 0.68187849
1074 0.68194225
1075 0.68198645
1076 0.6820001
1077 0.68202991
1078 0.68210644
1079 0.68214537
1080 0.68219761
1081 0.68221094
1082 0.68226117
1083 0.68228177
1084 0.68231625
1085 0.6823165
1086 0.68237871
1087 0.68237906
1088 0.6824052
1089 0.6824156
1090 0.68244668
1091 0.68249874
1092 0.68251485
1093 0.68253456
1094 0.68256754
1095 0.68260347
1096 0.68269589
1097 0.68270137
1098 0.68272731
1099 0.68276304
1100 0.68278733
1101 0.68284365
1102 0.68289004
1103 0.68290322
1104 0.68292432
1105 0.68293966
1106 0.68297764
1107 0.68299385
1108 0.68300779
1109 0.68306846
1110 0.6831132
1111 0.68314775
1112 0.68322047
1113 0.68322938
1114 0.68323146
1115 0.68326483
1116 0.68330723
1117 0.683368
1118 0.68339965
1119 0.6834229
1120 0.68343936
1121 0.68348958
1122 0.68359193
1123 0.68372091
1124 0.68375853
1125 0.68378694
1126 0.68380736
1127 0.68382827
1128 0.68384527
1129 0.683889
1130 0.68391222
1131 0.68395637
1132 0.68399111
1133 0.68404309
1134 0.68408922
1135 0.68409683
1136 0.68412043
1137 0.68413366
1138 0.68421128
1139 0.68425339
1140 0.68427163
1141 0.68428721
1142 0.68437179
1143 0.68442114
1144 0.68444062
1145 0.684444
1146 0.68449847
1147 0.68453283
1148 0.68458762
1149 0.6845944
1150 0.6846216
1151 0.68462891
1152 0.68464533
1153 0.68466692
1154 0.68469639
1156 0.68471576
1157 0.68472089
1158 0.68472932
1159 0.68475476
1160 0.68477098
1161 0.68480783
1162 0.68486598
1163 0.68489174
1164 0.68491758
1165 0.68496724
1166 0.68501058
1167 0.68502537
1168 0.6850393
1169 0.68507658
1171 0.68510889
1172 0.6851227
1173 0.68514068
1174 0.68516859
1175 0.68519843
1176 0.68525969
1177 0.68527001
1178 0.68528177
1179 0.68531076
1180 0.68536266
1181 0.68537154
1182 0.68544838
1183 0.6854831
1184 0.68550147
1185 0.68552648
1186 0.68553261
1188 0.68557911
1189 0.68562196
1190 0.68565086
1191 0.68565985
1192 0.68567759
1193 0.68572
1194 0.68573355
1195 0.68577965
1196 0.68580537
1197 0.68581058
1198 0.68582343
1199 0.68586996
1200 0.68587875
1201 0.68588058
1202 0.68588358
1203 0.68594005
1204 0.68595556
1205 0.68600942
1206 0.68605061
1207 0.68606083
1208 0.6860846
1209 0.68610975
1210 0.68613418
1211 0.68614211
1213 0.6861804
1214 0.68618304
1215 0.68620842
1216 0.68622869
1217 0.68635066
1218 0.68638974
1219 0.6864746
1220 0.68652022
1221 0.68653572
1222 0.6865764
1223 0.68660389
1224 0.68662995
1225 0.68665862
1226 0.68665986
1227 0.68669898
1228 0.68676616
1229 0.68681555
1230 0.68684022
1231 0.68693447
1232 0.68698476
1233 0.68699321
1234 0.68700054
1236 0.68706176
1237 0.68711577
1238 0.68712698
1239 0.68715807
1240 0.68719605
1241 0.68720773
1242 0.68721293
1243 0.68722945
1244 0.68726047
1245 0.68726911
1246 0.68727049
1247 0.68732192
1248 0.6873504
1250 0.68739948
1251 0.68743746
1252 0.68750038
1253 0.68753651
1254 0.6875856
1255 0.68759723
1256 0.6876365
1257 0.68769804
1258 0.68772236
1259 0.68773717
1260 0.68782781
1261 0.68783935
1262 0.68787743
1263 0.68790786
1264 0.68796235
1265 0.68798651
1266 0.68805161
1267 0.68806898
1268 0.68810764
1269 0.68816531
1270 0.68820219
1271 0.6882519
1272 0.68826082
1273 0.6882632
1274 0.68828966
1275 0.68829523
1276 0.68832147
1277 0.6883641
1278 0.68839074
1279 0.68843571
1280 0.68850306
1281 0.68850984
1282 0.68858906
1283 0.68860378
1284 0.68862751
1285 0.68863311
1286 0.68863561
1287 0.68863976
1288 0.68872945
1289 0.68874113
1290 0.68877944
1291 0.68882577
1292 0.68894758
1293 0.6889481
1294 0.68896013
1295 0.68896969
1296 0.6889928
1297 0.6890063
1298 0.68909347
1299 0.68910614
1300 0.68917348
1301 0.68918637
1302 0.68920348
1303 0.68921936
1304 0.68927683
1305 0.68931495
1306 0.6893742
1307 0.68940184
1308 0.68946217
1309 0.68950246
1310 0.68951255
1311 0.68953523
1312 0.68960926
1313 0.68961846
1314 0.68964646
1315 0.68966799
1316 0.68969958
1317 0.68971471
1318 0.68977112
1319 0.68980425
1320 0.68982147
1321 0.689835
1322 0.68984785
1323 0.68986669
1324 0.68986894
1325 0.68988453
1326 0.68993377
1327 0.68995867
1328 0.68997774
1329 0.69000161
1330 0.69001024
1331 0.69005569
1332 0.69007562
1333 0.69015417
1334 0.69019391
1335 0.69024155
1336 0.69024231
1337 0.69029073
1338 0.69032272
1339 0.69037178
1340 0.69037844
1341 0.6904084
1342 0.69044186
1343 0.69046839
1344 0.69049835
1345 0.69052557
1346 0.69055011
1347 0.6906008
1348 0.69064027
1349 0.69068308
1350 0.69074889
1351 0.69075643
1352 0.6908288
1353 0.69083294
1354 0.69085436
1355 0.69087593
1356 0.69094468
1357 0.69095515
1358 0.69099143
1359 0.69106855
1360 0.69112099
1361 0.69112861
1362 0.69114964
1363 0.69118426
1365 0.69124442
1366 0.69124865
1367 0.69125126
1368 0.69126324
1369 0.69129028
1370 0.69130539
1371 0.69132219
1372 0.691356
1373 0.69138852
1374 0.69145421
1375 0.69149209
1376 0.69149623
1377 0.69152166
1378 0.69152853
1379 0.69155207
1380 0.69156177
1381 0.69156188
1382 0.69158308
1383 0.69159407
1384 0.69160187
1385 0.69162848
1386 0.69164014
1387 0.69166045
1388 0.69170641
1389 0.69173266
1390 0.6917513
1391 0.69177351
1392 0.69178806
1393 0.69181573
1394 0.6919157
1395 0.69192064
1396 0.6919355
1397 0.69193785
1398 0.69195735
1399 0.69196456
1400 0.69199131
1401 0.69199863
1402 0.69203802
1403 0.69205375
1404 0.69207179
1405 0.69208876
1406 0.69210856
1407 0.69213789
1408 0.69217679
1409 0.69222395
1410 0.69225486
1411 0.69227642
1412 0.69235591
1413 0.69238501
1414 0.69244629
1415 0.69252095
1416 0.69253835
1417 0.69258253
1418 0.69262518
1419 0.69264679
1420 0.69265529
1421 0.69268039
1422 0.69270531
1423 0.69274139
1424 0.69278801
1425 0.69281852
1426 0.69287305
1427 0.69289641
1428 0.69293868
1429 0.69295151
1430 0.69299388
1431 0.69301018
1432 0.69302569
1433 0.69303362
1434 0.6930512
1435 0.69307869
1436 0.69308953
1437 0.6930998
1438 0.69315485
1440 0.6932094
1441 0.69321754
1442 0.69324828
1443 0.69328065
1444 0.69328106
1445 0.69331897
1446 0.69334176
1447 0.6933903
1448 0.69340483
1449 0.69343464
1450 0.69345372
1451 0.69346316
1452 0.69346978
1453 0.6934775
1454 0.69349729
1456 0.69351656
1457 0.69352043
1458 0.69352836
1460 0.69353566
1462 0.69356889
1463 0.69358416
1464 0.69358644
1466 0.69359037
1467 0.69359793
1468 0.69361503
1469 0.6936249
1470 0.69362606
1471 0.69365506
1472 0.69367069
1473 0.69368413
1474 0.6937165
1475 0.69372649
1476 0.69376341
1477 0.69378164
1478 0.69381113
1480 0.69382946
1481 0.69383847
1482 0.69386135
1483 0.69389881
1484 0.6939048
1485 0.6939184
1486 0.69393129
1487 0.69395944
1488 0.69397305
1489 0.69399488
1490 0.69400336
1491 0.69400914
1492 0.69404295
1493 0.69407212
1494 0.69407641
1495 0.6941035
1496 0.69413883
1497 0.69416981
1498 0.69418022
1499 0.69419929
1500 0.69421208
1501 0.69422719
1502 0.69425003
1503 0.69430831
1504 0.69432171
1505 0.69434419
1506 0.69436969
1507 0.69440267
1508 0.69442613
1509 0.69443361
1510 0.69444864
1511 0.6944555
1512 0.69448241
1513 0.69452686
1514 0.69455485
1515 0.69456161
1516 0.69458584
1517 0.69461628
1518 0.69465176
1519 0.69468617
1520 0.69471193
1521 0.69472742
1522 0.69473942
1523 0.69477007
1524 0.69479666
1525 0.69480007
1526 0.69480767
1527 0.69486324
1528 0.69486811
1529 0.6948752
1530 0.69490685
1531 0.69493448
1532 0.69496886
1533 0.69497853
1534 0.69499384
1535 0.69501184
1536 0.69502011
1537 0.6950329
1538 0.6950887
1539 0.69511224
1540 0.69513822
1541 0.69516212
1542 0.69519787
1543 0.69522392
1544 0.69523953
1545 0.69524958
1546 0.69525181
1547 0.69528086
1548 0.69529727
1549 0.69531047
1550 0.69531964
1551 0.69533279
1552 0.6953381
1553 0.69538653
1554 0.69545137
1555 0.69546761
1556 0.69550635
1557 0.69552032
1558 0.6955506
1559 0.69558749
1560 0.69565076
1561 0.69570704
1562 0.6957166
1563 0.69572576
1564 0.69572888
1565 0.69575268
1566 0.69579017
1568 0.69579622
1569 0.69582965
1570 0.6958411
1571 0.69585216
1572 0.69588397
1573 0.69590193
1575 0.69590832
1576 0.69592914
1577 0.69593455
1578 0.69595383
1579 0.69596467
1580 0.69599029
1581 0.69599897
1582 0.69599903
1583 0.69601454
1584 0.6960326
1585 0.6960762
1586 0.69609412
1587 0.69610145
1588 0.69611303
1589 0.6961168
1590 0.69616235
1591 0.69616779
1592 0.69618201
1593 0.69619023
1594 0.696224
1595 0.69625534
1596 0.69627425
1597 0.69628444
1598 0.69628811
1599 0.69629125
1600 0.69629327
1601 0.69631254
1602 0.69635635
1603 0.69639254
1604 0.6964008
1605 0.69641552
1606 0.69643171
1607 0.69643418
1610 0.69645284
1611 0.69647099
1612 0.6964913
1613 0.69651144
1614 0.69652208
1615 0.69657229
1616 0.69660944
1617 0.69661189
1618 0.69662957
1620 0.69665245
1621 0.69672642
1622 0.69674699
1623 0.69674809
1624 0.69677151
1625 0.6968014
1626 0.69682598
1627 0.69682995
1628 0.69685935
1629 0.6968899
1630 0.696934
1631 0.69696282
1632 0.69697151
1633 0.69700281
1634 0.69703359
1635 0.69704469
1636 0.69706243
1637 0.6970664
1638 0.69711162
1639 0.69712528
1640 0.6971349
1641 0.69714753
1642 0.69714907
1643 0.69714929
1644 0.69716562
1645 0.69718591
1646 0.69721464
1649 0.69725758
1650 0.69727611
1651 0.69728328
1652 0.69731292
1653 0.69733949
1654 0.69736728
1655 0.69737856
1656 0.69740081
1657 0.69741748
1658 0.69743116
1659 0.6974468
1660 0.6974661
1661 0.69748998
1662 0.69750042
1663 0.69750696
1665 0.6975223
1666 0.6975427
1667 0.69757704
1668 0.69759649
1670 0.69760515
1671 0.69761338
1672 0.6976139
1673 0.69763116
1674 0.69764211
1675 0.6976488
1676 0.69765743
1677 0.69766287
1678 0.69768778
1679 0.69770112
1681 0.69773165
1682 0.69776307
1683 0.69777909
1684 0.69779972
1685 0.69781824
1686 0.69783935
1687 0.69786681
1688 0.69788167
1689 0.69788346
1690 0.69788453
1691 0.69791934
1692 0.69793262
1693 0.69794558
1694 0.697956
1695 0.69795755
1696 0.69796129
1697 0.6979957
1698 0.69803718
1699 0.69806707
1700 0.6980768
1701 0.69811226
1702 0.69813355
1703 0.69814705
1704 0.69815627
1706 0.69817241
1707 0.69818723
1708 0.6982372
1709 0.69824119
1711 0.69824201
1712 0.6982487
1713 0.69825166
1714 0.69827847
1715 0.69827919
1716 0.69830828
1717 0.6983378
1719 0.69835199
1720 0.69836292
1721 0.6983792
1722 0.69841198
1723 0.69844224
1724 0.69845192
1725 0.69847327
1727 0.69848407
1728 0.69853248
1729 0.69854896
1730 0.69856854
1731 0.69859111
1732 0.69859221
1733 0.6986111
1734 0.69862855
1735 0.69864985
1736 0.69866705
1737 0.69867849
1738 0.698719
1739 0.69873907
1740 0.69874156
1742 0.69876605
1743 0.6987824
1744 0.69878766
1745 0.69881664
1746 0.69881707
1748 0.69882006
1750 0.69883399
1751 0.69885323
1752 0.69886797
1753 0.69890764
1754 0.69892814
1755 0.69894503
1757 0.69894735
1758 0.69896414
1759 0.69897507
1760 0.69902372
1761 0.6990598
1762 0.69908536
1763 0.69910366
1764 0.69914867
1765 0.69915665
1766 0.69919428
1767 0.69922074
1768 0.69924016
1769 0.69926361
1770 0.69928448
1771 0.69931885
1772 0.69935182
1773 0.699352
1774 0.6993538
1775 0.69935722
1776 0.69936569
1777 0.69936926
1778 0.69937652
1779 0.69940074
1780 0.69943198
1781 0.69948485
1785 0.69951894
1787 0.69957402
1788 0.69961418
1789 0.69962059
1790 0.69964949
1791 0.69967914
1792 0.69968363
1794 0.69969868
1796 0.69970714
1797 0.69972389
1798 0.69972918
1799 0.69973036
1800 0.6997567
1801 0.69983532
1802 0.69989095
1803 0.69991881
1805 0.6999267
1806 0.69997411
1807 0.69997706
1808 0.70002187
1809 0.70005939
1810 0.70007842
1811 0.70008428
1813 0.70010911
1814 0.70012271
1815 0.7001316
1816 0.70014732
1817 0.700156
1818 0.70019136
1819 0.70022461
1820 0.70022869
1821 0.70023524
1823 0.70023798
1824 0.70024046
1825 0.70025938
1827 0.70027964
1828 0.70031426
1829 0.70031463
1830 0.7003368
1831 0.70034719
1832 0.70036641
1833 0.70038402
1834 0.7004518
1835 0.70045508
1836 0.70047555
1837 0.7004874
1838 0.70048871
1839 0.70049623
1840 0.70051029
1841 0.70051102
1842 0.70052849
1844 0.7005325
1845 0.70057998
1846 0.70058697
1847 0.70061971
1849 0.70062302
1850 0.70062304
1852 0.70064042
1853 0.70066909
1854 0.70067666
1855 0.70071417
1856 0.70076935
1857 0.70077331
1858 0.70078283
1859 0.70080443
1860 0.70086562
1862 0.70086828
1863 0.7008706
1864 0.70087762
1865 0.70089756
1866 0.70090429
1867 0.7009055
1869 0.70093326
1870 0.70096281
1871 0.70100386
1872 0.7010348
1873 0.70103993
1874 0.70106009
1875 0.7010671
1877 0.70106723
1878 0.70109554
1879 0.70110427
1881 0.70111771
1882 0.70113637
1883 0.70113781
1884 0.70115694
1885 0.70119027
1886 0.70121041
1887 0.70123303
1888 0.70125058
1889 0.70127046
1890 0.70129079
1891 0.70130605
1892 0.70131041
1893 0.70131871
1894 0.7013394
1895 0.70134954
1896 0.7013733
1897 0.70139755
1898 0.70140302
1899 0.70140979
1900 0.70141472
1901 0.70142019
1902 0.70143984
1903 0.70144538
1904 0.70148912
1905 0.70150519
1906 0.70151302
1907 0.70151608
1908 0.70151657
1909 0.70154201
1910 0.70156913
1911 0.70159301
1912 0.70159769
1913 0.70160369
1914 0.70161128
1915 0.7016281
1916 0.70164747
1917 0.70165532
1918 0.70166127
1919 0.70168378
1920 0.70168783
1921 0.70171768
1922 0.70172396
1923 0.70173344
1924 0.70173491
1925 0.70174714
1926 0.70175725
1927 0.7017798
1929 0.70178879
1930 0.70179891
1932 0.70180632
1934 0.70182077
1935 0.70183602
1936 0.70185426
1937 0.70186153
1940 0.70186426
1941 0.70187644
1942 0.70188781
1943 0.70191852
1944 0.70192106
1945 0.70192658
1946 0.70193982
1947 0.70196711
1948 0.70196775
1949 0.7019916
1950 0.70203294
1951 0.70204083
1952 0.70205269
1953 0.70208319
1954 0.70208389
1955 0.70209234
1956 0.70209765
1957 0.70210618
1958 0.70212294
1959 0.70213257
1960 0.70217433
1961 0.70217922
1962 0.70219012
1963 0.70220765
1964 0.70221077
1965 0.7022151
1967 0.70225468
1968 0.70228428
1969 0.70228644
1970 0.70229247
1971 0.70230484
1973 0.70231397
1974 0.70231552
1975 0.7023463
1976 0.70235441
1977 0.70238527
1978 0.70240161
1979 0.70241256
1980 0.70242773
1981 0.70243861
1983 0.70244396
1984 0.70247155
1986 0.7024909
1987 0.70250279
1988 0.70251241
1989 0.70253475
1990 0.70253938
1991 0.7025696
1992 0.70257105
1994 0.70259162
1995 0.7025984
1996 0.70261909
1997 0.70264034
1998 0.70267282
1999 0.70270501
2000 0.70271642
2001 0.70272374
2002 0.70272575
2005 0.70274901
2008 0.70275482
2009 0.70277388
2010 0.70278358
2011 0.70280772
2012 0.70283023
2013 0.70283323
2014 0.70283442
2015 0.70284102
2016 0.70287661
2017 0.70292172
2019 0.70295201
2020 0.70297701
2021 0.70298755
2022 0.70300083
2023 0.70301807
2024 0.70302834
2025 0.70303369
2026 0.70303802
2027 0.70304128
2028 0.70305932
2029 0.70306111
2030 0.70307448
2031 0.70307895
2032 0.70309782
2033 0.70309973
2034 0.70311404
2037 0.70313586
2038 0.703154
2039 0.70316287
2040 0.70318977
2042 0.70319826
2044 0.70321643
2045 0.70323075
2046 0.70324658
2047 0.70325438
2048 0.70327036
2049 0.70327246
2050 0.70329325
2051 0.70330593
2052 0.7033093
2053 0.70332783
2054 0.70333373
2055 0.70335085
2056 0.7033585
2057 0.70338193
2058 0.70341436
2059 0.70344329
2060 0.70348716
2061 0.70350023
2062 0.7035207
2063 0.70353368
2065 0.70353987
2066 0.7035448
2067 0.70357369
2068 0.70360867
2069 0.70361845
2071 0.70363642
2072 0.70366665
2074 0.70368927
2075 0.70370366
2076 0.70370434
2077 0.70372696
2078 0.70377166
2079 0.70379404
2080 0.70384849
2081 0.7038763
2082 0.70387736
2083 0.70387966
2084 0.70390275
2085 0.70390707
2087 0.70391134
2088 0.70391261
2089 0.70392809
2090 0.70394561
2091 0.7039731
2092 0.70398314
2093 0.70400964
2094 0.70401948
2095 0.70402209
2096 0.70402999
2097 0.70403191
2098 0.70403728
2099 0.70404569
2100 0.70405656
2101 0.70406719
2102 0.70406869
2103 0.70408208
2105 0.70409731
2106 0.70410162
2107 0.70412916
2108 0.70415257
2109 0.70415457
2110 0.70416145
2111 0.70418188
2112 0.70419969
2113 0.70420337
2114 0.70423676
2115 0.7042862
2116 0.70430808
2117 0.70431444
2118 0.70432196
2119 0.70432522
2120 0.70432716
2121 0.70432919
2123 0.70433895
2124 0.70434157
2125 0.7043777
2126 0.70438109
2127 0.70440476
2129 0.70443868
2131 0.70443917
2132 0.70444524
2133 0.70446082
2135 0.70447339
2136 0.7044875
2137 0.70449645
2138 0.70450017
2139 0.70450846
2140 0.70451489
2142 0.70453394
2143 0.70456544
2144 0.70456993
2145 0.70459634
2146 0.7045976
2147 0.70461586
2148 0.70464185
2149 0.70464336
2150 0.70466878
2151 0.70467733
2152 0.70468634
2153 0.70470054
2154 0.70472932
2155 0.70474355
2156 0.70478288
2157 0.7047963
2158 0.70480578
2159 0.70480787
2160 0.70483461
2161 0.70483961
2163 0.70484132
2164 0.70484483
2166 0.704855
2167 0.70486855
2169 0.7048837
2170 0.70489006
2171 0.70490044
2172 0.7049082
2173 0.70491021
2174 0.70492315
2175 0.70493688
2176 0.70494148
2178 0.7049945
2179 0.70500131
2180 0.70501424
2181 0.70501909
2182 0.70504304
2183 0.70504326
2184 0.70505492
2185 0.70507106
2186 0.70507924
2187 0.70510589
2188 0.7051068
2189 0.70510899
2191 0.7051373
2192 0.70514138
2193 0.70515569
2194 0.70518589
2195 0.70521448
2197 0.70524313
2198 0.70526646
2199 0.70529027
2200 0.70531825
2202 0.70532502
2203 0.7053433
2204 0.70535037
2205 0.70536017
2206 0.70540253
2207 0.70541855
2208 0.7054311
2209 0.70543605
2210 0.70548548
2211 0.70549415
2212 0.7054942
2213 0.70551512
2214 0.70554176
2215 0.70556852
2216 0.70557894
2217 0.70560331
2218 0.70561487
2219 0.70564412
2221 0.70567879
2222 0.70568469
2223 0.70570757
2224 0.70571988
2225 0.7057319
2226 0.70573963
2227 0.70578162
2228 0.70579139
2229 0.70581888
2231 0.7058322
2232 0.7058476
2234 0.70586046
2235 0.70586608
2238 0.70588732
2239 0.70590482
2241 0.70593678
2242 0.70594604
2244 0.70594674
2245 0.70596005
2246 0.70597787
2248 0.70598121
2249 0.70601036
2251 0.70603341
2252 0.70605943
2253 0.70606261
2254 0.70607791
2256 0.7060922
2257 0.70609626
2259 0.70611749
2260 0.70614137
2261 0.70614676
2263 0.70617679
2264 0.70618523
2265 0.7061903
2267 0.70620106
2268 0.70623522
2269 0.70626475
2270 0.70627173
2271 0.70629795
2272 0.70630986
2273 0.70633083
2274 0.70633206
2275 0.70634545
2277 0.70635765
2279 0.70636323
2280 0.70637777
2281 0.70640126
2282 0.7064035
2284 0.70640835
2285 0.70643044
2286 0.70644167
2287 0.70646154
2288 0.70646862
2289 0.7064732
2290 0.70649109
2291 0.70650443
2292 0.7065576
2293 0.70656107
2294 0.70656653
2295 0.70656837
2296 0.70657048
2298 0.70658295
2299 0.70659852
2300 0.70660054
2301 0.70660523
2302 0.70661145
2303 0.70661818
2304 0.70661929
2305 0.7066297
2306 0.70664892
2307 0.70666388
2309 0.70666479
2310 0.70668506
2311 0.70672439
2312 0.70672612
2313 0.70673344
2314 0.70674397
2315 0.70675283
2316 0.70676634
2317 0.70678786
2318 0.70679242
2319 0.7067954
2320 0.70680842
2321 0.70681705
2322 0.70682766
2323 0.70685482
2324 0.70687038
2327 0.7068718
2328 0.70691172
2331 0.70691627
2332 0.70694256
2333 0.70694322
2334 0.70695296
2335 0.70695722
2336 0.70696124
2337 0.70697088
2338 0.70697694
2340 0.70698131
2341 0.70698555
2343 0.70699843
2344 0.70702537
2345 0.70704543
2346 0.70707345
2347 0.707076
2348 0.7070926
2349 0.70711088
2350 0.70711871
2352 0.70713463
2353 0.70716872
2354 0.7071839
2356 0.7071929
2357 0.70720666
2358 0.7072248
2359 0.70723018
2360 0.70723163
2361 0.70723318
2362 0.70724235
2363 0.70724505
2367 0.70726084
2369 0.70728633
2370 0.70729412
2373 0.70730131
2374 0.70730323
2376 0.70731797
2377 0.70733123
2379 0.70733416
2380 0.70733493
2381 0.70733724
2382 0.70734995
2383 0.707364
2384 0.70739468
2385 0.70739642
2386 0.70742493
2387 0.70742506
2389 0.70743962
2390 0.70744782
2391 0.70746798
2392 0.70750748
2393 0.70751537
2395 0.70752479
2396 0.70753746
2397 0.70756877
2398 0.70757063
2399 0.70758902
2400 0.70759966
2402 0.70760386
2404 0.70760698
2405 0.70760872
2406 0.70761073
2407 0.70761781
2408 0.70764448
2409 0.70764462
2411 0.70765794
2412 0.70767771
2415 0.7076833
2416 0.70768443
2417 0.70768617
2418 0.70768922
2419 0.70770018
2420 0.70772454
2421 0.70773795
2422 0.70774801
2426 0.70775691
2427 0.7077695
2428 0.70781718
2429 0.70783909
2432 0.70784164
2433 0.70787702
2434 0.70790931
2435 0.70791234
2436 0.70798694
2437 0.70798874
2438 0.70799132
2439 0.70800649
2440 0.70801142
2441 0.70802084
2442 0.70802286
2443 0.70803171
2444 0.70804349
2445 0.70804689
2447 0.70805642
2448 0.70807029
2449 0.70807478
2450 0.70807892
2451 0.70809463
2452 0.70810075
2453 0.70810274
2454 0.70811455
2455 0.7081275
2456 0.70817579
2457 0.70818623
2458 0.70818957
2459 0.70819438
2461 0.70819925
2462 0.70821476
2463 0.70821918
2464 0.70823906
2465 0.70824276
2466 0.70824283
2467 0.70824917
2470 0.70828887
2471 0.70830424
2472 0.70831171
2473 0.70835271
2475 0.70835555
2476 0.70835847
2477 0.70836018
2478 0.70836174
2479 0.70836279
2480 0.70836872
2482 0.70838935
2483 0.70839575
2484 0.70841453
2485 0.7084244
2486 0.7084549
2487 0.70845915
2488 0.70849661
2489 0.70851131
2491 0.70852521
2493 0.70852777
2494 0.70854333
2495 0.70854798
2496 0.70855855
2497 0.7085608
2498 0.70858792
2499 0.70860625
2500 0.70862921
2502 0.70865573
2503 0.70867164
2506 0.70867383
2507 0.70867462
2508 0.70867825
2510 0.70868516
2511 0.70868771
2513 0.70870684
2514 0.70871353
2515 0.70873744
2516 0.70878312
2517 0.708795
2518 0.7088008
2520 0.70881818
2521 0.70883071
2522 0.70884462
2523 0.70885634
2524 0.70886038
2526 0.70886992
2529 0.70887531
2530 0.7088838
2532 0.70890682
2534 0.70891401
2535 0.70892339
2536 0.70893459
2540 0.70893854
2545 0.70894097
2548 0.7089553
2550 0.7089559
2551 0.7089561
2552 0.70896058
2553 0.70898631
2554 0.70899474
2555 0.70900866
2556 0.70903113
2557 0.70906729
2558 0.70907427
2559 0.70907751
2560 0.70908175
2561 0.70910045
2563 0.70911041
2564 0.70911244
2565 0.70912824
2566 0.7091293
2567 0.70913058
2568 0.70914471
2569 0.70918156
2570 0.70919675
2571 0.70920962
2573 0.70922141
2574 0.70922471
2575 0.70923354
2576 0.70924522
2577 0.709261
2578 0.70927893
2582 0.70930788
2583 0.709317
2584 0.70933708
2585 0.70935186
2586 0.70935381
2587 0.70935662
2588 0.70935706
2589 0.70938515
2591 0.70939121
2593 0.70939923
2595 0.70940978
2596 0.70941933
2597 0.70942621
2599 0.70943757
2600 0.7094407
2601 0.70946344
2602 0.7095062
2605 0.70951156
2606 0.70951738
2607 0.70953111
2608 0.70953569
2609 0.70953833
2611 0.70954091
2612 0.70954503
2614 0.70955799
2615 0.70958558
2616 0.70959275
2617 0.70960224
2618 0.7096095
2619 0.70963785
2620 0.7096568
2621 0.70965825
2622 0.70966065
2623 0.70966495
2625 0.70966938
2626 0.70968591
2627 0.70968819
2628 0.70970595
2629 0.70970948
2630 0.7097226
2631 0.70973922
2633 0.70973987
2634 0.70975066
2635 0.70975983
2636 0.7097794
2637 0.70978048
2638 0.70980019
2640 0.70981084
2641 0.7098257
2642 0.7098269
2644 0.70982887
2645 0.70983474
2646 0.70983801
2647 0.70984348
2650 0.70986629
2653 0.70987288
2655 0.70988069
2656 0.70992339
2657 0.70992772
2659 0.70993175
2660 0.70995003
2664 0.70996709
2665 0.70997151
2666 0.70997263
2667 0.70997477
2668 0.70997998
2669 0.70998047
2670 0.70998796
2673 0.70999929
2674 0.71000958
2676 0.71002201
2677 0.71002244
2680 0.71002466
2681 0.71002472
2682 0.7100652
2683 0.71006993
2685 0.7100787
2687 0.71010078
2688 0.71013792
2690 0.71014063
2691 0.71014552
2692 0.71017056
2693 0.71017142
2694 0.71017808
2697 0.71018475
2699 0.71018609
2700 0.71019467
2701 0.71020048
2702 0.7102233
2703 0.71022774
2704 0.71022987
2706 0.71023141
2707 0.71024569
2708 0.71026755
2710 0.71027015
2712 0.71029881
2714 0.71030075
2715 0.7103141
2716 0.71031986
2717 0.71032527
2718 0.71032688
2719 0.71033204
2720 0.71038512
2722 0.71038901
2724 0.71039835
2725 0.71041107
2726 0.71041399
2728 0.71041413
2731 0.71044589
2732 0.71045356
2733 0.71045989
2734 0.71045998
2735 0.71046506
2736 0.71046883
2737 0.71050255
2738 0.71050949
2742 0.71054065
2743 0.71055034
2744 0.71056244
2745 0.71056354
2747 0.71057077
2750 0.71058253
2751 0.71059317
2752 0.71060088
2753 0.71060559
2754 0.71060591
2755 0.71060847
2757 0.71061549
2760 0.7106452
2761 0.71065794
2762 0.71066207
2764 0.71066439
2766 0.71067297
2767 0.71067804
2769 0.71068663
2770 0.71069904
2771 0.71071167
2772 0.71071912
2773 0.71072183
2774 0.71072447
2775 0.71072544
2776 0.71072978
2777 0.71073871
2778 0.71075692
2779 0.71076618
2781 0.71076768
2782 0.71078193
2783 0.71079682
2784 0.71080895
2785 0.71082781
2786 0.71083653
2787 0.71085892
2788 0.71086018
2789 0.71086046
2791 0.71086059
2792 0.71087935
2794 0.71089548
2797 0.71091385
2798 0.71092492
2801 0.71092526
2804 0.7109334
2809 0.71094639
2810 0.71095758
2811 0.71096022
2812 0.710982
2814 0.71099053
2815 0.71100109
2816 0.71100625
2817 0.71103705
2818 0.71105856
2820 0.71106955
2821 0.71107305
2822 0.71109079
2823 0.71109165
2825 0.7111022
2826 0.71110279
2827 0.71112351
2828 0.71113112
2829 0.71115081
2830 0.71116865
2831 0.71117045
2833 0.7111806
2834 0.71118284
2835 0.71119166
2836 0.71119338
2837 0.7112075
2839 0.71121152
2840 0.71121315
2841 0.71122009
2843 0.71122289
2846 0.71123584
2848 0.71124471
2849 0.71126893
2852 0.71127598
2856 0.7112862
2857 0.71128709
2860 0.71128987
2862 0.71130013
2863 0.71131148
2864 0.71134112
2868 0.71135361
2870 0.71136267
2871 0.71136893
2872 0.71138336
2873 0.71140081
2875 0.71140123
2877 0.71140773
2878 0.71141743
2879 0.71142245
2880 0.71142472
2881 0.71143166
2883 0.71143258
2886 0.71144056
2889 0.71146364
2891 0.71148157
2893 0.71148772
2894 0.71149539
2895 0.71150212
2899 0.71150285
2901 0.71150933
2904 0.71152786
2905 0.71153921
2906 0.71154237
2908 0.71155529
2910 0.71160519
2911 0.71161362
2912 0.71161853
2915 0.71161991
2916 0.71164255
2918 0.711643
2919 0.71165444
2921 0.71166435
2923 0.71167472
2924 0.71167607
2925 0.71167849
2926 0.71168536
2927 0.71170178
2928 0.71171141
2929 0.71171207
2930 0.71173524
2931 0.71173976
2932 0.71175209
2933 0.7117532
2934 0.71176303
2935 0.71177611
2937 0.71180042
2939 0.71181182
2940 0.71182887
2941 0.71187161
2942 0.71188664
2944 0.71188822
2945 0.71189967
2946 0.71190437
2947 0.71190943
2948 0.7119175
2949 0.71192535
2952 0.71192918
2953 0.71193394
2954 0.71193561
2955 0.71194442
2957 0.71194954
2959 0.71195469
2960 0.7119555
2961 0.71196043
2963 0.7119639
2966 0.71196946
2967 0.71198571
2969 0.71198716
2970 0.71201033
2971 0.71201532
2972 0.71203009
2976 0.71203683
2977 0.7120779
2980 0.71208502
2981 0.71209765
2983 0.71212636
2985 0.71212787
2986 0.712147
2990 0.71214737
2991 0.71216095
2993 0.71216225
2995 0.71216263
2997 0.71217168
2998 0.71217384
2999 0.7121862
3000 0.71219191
3001 0.71220339
3002 0.71221085
3005 0.71223162
3006 0.71223379
3008 0.71224794
3011 0.71225275
3012 0.71226048
3013 0.71231467
3014 0.71232414
3016 0.7123247
3017 0.71234415
3019 0.71235216
3021 0.71236235
3024 0.71238557
3025 0.71238565
3026 0.71239105
3027 0.71240752
3029 0.71241472
3032 0.71242591
3033 0.71243159
3035 0.71243216
3037 0.71244957
3038 0.71250925
3039 0.71251828
3040 0.71254234
3041 0.71255018
3042 0.71255355
3045 0.71255805
3046 0.71256438
3049 0.71258072
3053 0.7125849
3057 0.7125992
3059 0.71260467
3061 0.71261121
3063 0.71262175
3065 0.71262613
3066 0.71264005
3068 0.71264075
3070 0.71266924
3071 0.71267136
3076 0.71268801
3077 0.71271148
3078 0.71272262
3079 0.71272925
3080 0.71274597
3082 0.71275534
3084 0.71276205
3088 0.71277897
3089 0.71278078
3091 0.71278269
3092 0.71279878
3094 0.71280448
3095 0.71281418
3097 0.71282418
3098 0.71282834
3099 0.71285101
3100 0.71286489
3101 0.71287028
3102 0.71288631
3104 0.71288926
3105 0.71289052
3107 0.71292103
3112 0.71292756
3114 0.71292834
3116 0.71293338
3118 0.71293591
3120 0.71296407
3124 0.7129814
3127 0.71299136
3128 0.71299385
3129 0.71300218
3130 0.71301221
3131 0.71302411
3132 0.71302761
3133 0.71303673
3137 0.71305507
3138 0.71306291
3140 0.71307323
3141 0.71307517
3142 0.71310654
3144 0.71311094
3145 0.71311445
3147 0.71311587
3148 0.71311998
3149 0.71312192
3150 0.71313479
3151 0.71313765
3156 0.71314241
3157 0.71316996
3158 0.71317973
3159 0.7131808
3160 0.71318221
3161 0.7131899
3164 0.71321305
3166 0.71322338
3167 0.71324642
3168 0.71325713
3169 0.71325996
3172 0.71326504
3174 0.71327061
3177 0.71330893
3178 0.71331842
3179 0.71332082
3180 0.71332397
3181 0.71332471
3182 0.71332894
3185 0.71335088
3186 0.71336115
3187 0.71336836
3188 0.7133711
3189 0.71338489
3191 0.71338868
3192 0.7134165
3193 0.7134369
3194 0.71344175
3195 0.71345135
3196 0.71346251
3197 0.7134669
3198 0.71347368
3199 0.71347632
3200 0.71348013
3201 0.71348288
3202 0.71350076
3203 0.71351671
3204 0.71352038
3207 0.71354231
3208 0.71355204
3209 0.71355439
3210 0.71355947
3211 0.71357049
3212 0.7135786
3213 0.71357922
3214 0.71358408
3216 0.71358793
3217 0.71359493
3218 0.71359592
3220 0.71360318
3221 0.71362426
3224 0.71363186
3226 0.71363976
3231 0.71365783
3235 0.71366099
3236 0.71366275
3237 0.71367465
3238 0.71368638
3240 0.71368897
3241 0.71368955
3243 0.71370074
3245 0.71371563
3246 0.71372275
3247 0.71373259
3250 0.71374859
3251 0.71374929
3252 0.71375041
3254 0.71375432
3255 0.71375575
3257 0.7137674
3258 0.71378291
3259 0.71380336
3260 0.7138157
3261 0.71382215
3262 0.7138347
3263 0.71384839
3264 0.71385021
3265 0.71385955
3266 0.71386916
3267 0.71390707
3268 0.71391038
3269 0.71391942
3270 0.71392675
3271 0.7139376
3273 0.71393843
3275 0.71394433
3277 0.7139493
3279 0.71395425
3280 0.71396026
3282 0.71396348
3283 0.71397356
3284 0.71397624
3286 0.71398111
3287 0.71398677
3288 0.71398874
3291 0.71399037
3296 0.71400726
3297 0.71401131
3303 0.71401234
3304 0.71403741
3305 0.71404866
3307 0.71406151
3311 0.71406306
3313 0.71406414
3316 0.71407666
3319 0.71407904
3320 0.71408523
3321 0.71409935
3322 0.71410688
3323 0.71411186
3325 0.71411383
3327 0.71411878
3328 0.7141228
3333 0.71412933
3334 0.71417617
3339 0.7142033
3340 0.71422962
3342 0.71423186
3344 0.7142452
3345 0.71426757
3346 0.71428988
3348 0.71429087
3349 0.71429863
3351 0.71430506
3352 0.71431365
3353 0.71432135
3354 0.71432818
3355 0.71433581
3356 0.7143461
3357 0.71435556
3358 0.71437036
3360 0.71440432
3362 0.7144076
3363 0.7144133
3364 0.71441757
3365 0.71442512
3366 0.71442942
3367 0.71445126
3368 0.71446285
3371 0.71446511
3372 0.71449702
3376 0.71451797
3377 0.71453693
3378 0.71453774
3379 0.71455904
3381 0.71455982
3382 0.71456291
3383 0.71457497
3384 0.71458249
3385 0.71458356
3387 0.71458397
3389 0.71459876
3391 0.71460037
3394 0.71461448
3396 0.71461606
3400 0.71462027
3401 0.71463119
3403 0.71463321
3404 0.71464142
3405 0.71464365
3407 0.71465612
3414 0.71466892
3417 0.71468069
3420 0.7146915
3421 0.71469632
3422 0.71471203
3424 0.71471463
3425 0.71471802
3426 0.71471933
3428 0.71473542
3429 0.71476418
3432 0.71476888
3433 0.71476927
3436 0.71477464
3439 0.7147816
3440 0.71479245
3441 0.71480416
3444 0.71481135
3447 0.71481825
3448 0.71482074
3449 0.71483155
3452 0.71483336
3453 0.71483589
3454 0.71484392
3463 0.71485211
3464 0.71486629
3465 0.71487088
3466 0.71487239
3469 0.71487293
3472 0.71488988
3473 0.71489409
3474 0.71489566
3475 0.71490065
3481 0.71492853
3482 0.71494038
3483 0.714966
3484 0.71496843
3485 0.71498645
3486 0.71499326
3490 0.71500109
3491 0.71500979
3492 0.7150131
3493 0.71501995
3494 0.71504471
3498 0.71505255
3499 0.71505273
3500 0.71506514
3501 0.7150672
3505 0.71507534
3507 0.71508352
3508 0.71509141
3513 0.71509938
3519 0.71510658
3520 0.71511047
3521 0.71511458
3523 0.71511713
3524 0.71511774
3526 0.71512619
3527 0.71513777
3529 0.71513947
3530 0.7151573
3531 0.71517226
3532 0.71517415
3534 0.71518271
3535 0.71518406
3536 0.71520011
3537 0.71521033
3540 0.71521231
3542 0.71522576
3543 0.71522584
3545 0.71522959
3547 0.71523825
3548 0.71524504
3551 0.71525406
3553 0.71527054
3554 0.71527722
3558 0.7152827
3562 0.71528442
3564 0.71528892
3567 0.71529317
3568 0.71530066
3571 0.71531742
3573 0.7153212
3577 0.71534273
3579 0.71535791
3582 0.71536206
3583 0.71536766
3584 0.71536851
3585 0.71537105
3587 0.71537229
3588 0.71538927
3589 0.71540524
3590 0.71541321
3592 0.71542806
3597 0.71542904
3599 0.71544493
3602 0.7154489
3603 0.71545601
3605 0.71547757
3606 0.71548005
3608 0.71549864
3609 0.71550517
3611 0.71551114
3613 0.71551935
3615 0.71553303
3616 0.71553596
3618 0.7155449
3620 0.71554579
3626 0.71555019
3631 0.71556908
3634 0.71557081
3636 0.71558815
3638 0.71558846
3642 0.71559007
3646 0.71560669
3647 0.71562132
3650 0.71562822
3651 0.71563082
3652 0.71563322
3653 0.71564602
3656 0.7156593
3658 0.71567255
3659 0.71567361
3660 0.71567417
3662 0.71568775
3663 0.71569033
3666 0.71569133
3667 0.7156964
3671 0.7157057
3672 0.71570978
3673 0.71573726
3674 0.71573855
3679 0.71573902
3681 0.71573921
3682 0.71574672
3683 0.7157501
3685 0.71576461
3686 0.71578227
3689 0.71580282
3690 0.71580318
3691 0.71580728
3693 0.71581606
3694 0.71583438
3699 0.71584943
3700 0.71587447
3702 0.71587706
3705 0.71587771
3706 0.71589651
3707 0.71589786
3708 0.71591367
3710 0.71591844
3711 0.71591909
3716 0.71594095
3718 0.71594626
3720 0.71594985
3721 0.7159524
3723 0.71595375
3725 0.71596792
3732 0.7159858
3733 0.71603737
3735 0.71605183
3738 0.71605657
3739 0.71605927
3742 0.71605929
3747 0.716065
3752 0.71606661
3754 0.7160676
3759 0.71608061
3761 0.7160811
3765 0.71608806
3770 0.71609296
3772 0.71609882
3776 0.71611683
3777 0.7161222
3779 0.71612547
3780 0.71613799
3782 0.71615942
3786 0.71616721
3787 0.71617434
3788 0.71617522
3789 0.71618079
3793 0.71618595
3795 0.71618636
3798 0.71618938
3801 0.71619586
3803 0.71621482
3806 0.71623458
3808 0.71623811
3809 0.7162384
3810 0.71625051
3811 0.71625183
3813 0.71625374
3814 0.71625757
3817 0.71627071
3818 0.71628344
3819 0.71628794
3822 0.71630578
3824 0.71630646
3825 0.71630793
3829 0.71631063
3830 0.7163127
3831 0.71631673
3832 0.71632589
3838 0.71633342
3839 0.71633493
3841 0.71634488
3843 0.71636583
3844 0.71636771
3845 0.71636869
3848 0.71638051
3849 0.71639266
3851 0.71639282
3853 0.71639537
3854 0.71640523
3858 0.71640991
3861 0.71641442
3862 0.71642334
3866 0.71642754
3870 0.71644242
3874 0.71644404
3875 0.71645018
3879 0.71646515
3883 0.71647219
3887 0.71648384
3890 0.71648638
3892 0.71649948
3894 0.71650076
3896 0.71651061
3898 0.71651628
3899 0.71651918
3907 0.71652669
3909 0.71655141
3911 0.71655868
3912 0.71656778
3913 0.71658219
3915 0.71659691
3920 0.71660184
3921 0.71661511
3922 0.71661935
3923 0.71662102
3924 0.71662569
3925 0.71663001
3931 0.71663093
3933 0.71664319
3939 0.71664646
3944 0.71665031
3946 0.71666107
3947 0.7166711
3948 0.7166791
3950 0.71669467
3951 0.71669911
3952 0.71670322
3954 0.71670517
3958 0.71671961
3967 0.71672295
3970 0.71672733
3971 0.71672992
3974 0.71674333
3977 0.71674948
3978 0.71677231
3979 0.71677766
3980 0.71678053
3986 0.71678176
3989 0.71678982
3990 0.71679301
3992 0.71679335
3993 0.71679353
3994 0.71680963
3995 0.7168097
3996 0.71681505
3999 0.71684414
4001 0.71684843
4002 0.71686082
4005 0.71687844
4006 0.71688057
4008 0.71688816
4010 0.71689431
4012 0.7168958
4013 0.71690009
4014 0.7169116
4018 0.71691362
4019 0.71691661
4021 0.71691665
4022 0.71692823
4030 0.7169329
4031 0.71694928
4032 0.71695419
4035 0.71696058
4037 0.71696114
4038 0.71696487
4040 0.7169667
4042 0.71698528
4045 0.71700108
4047 0.71700731
4054 0.71702597
4061 0.71703473
4066 0.71703858
4067 0.71704025
4070 0.71704039
4074 0.71704105
4076 0.71704435
4078 0.71705067
4083 0.7170551
4084 0.71708988
4087 0.71709591
4089 0.71709762
4090 0.71710027
4092 0.71710331
4093 0.71710636
4098 0.71710909
4099 0.71711822
4100 0.71711935
4101 0.71712411
4104 0.71712526
4106 0.7171325
4111 0.71714823
4112 0.71715818
4117 0.71716001
4118 0.71718905
4119 0.71719315
4120 0.71719674
4121 0.71721075
4122 0.71721306
4125 0.71721965
4132 0.7172308
4135 0.71724143
4136 0.7172453
4138 0.71724804
4139 0.71725046
4140 0.71725128
4143 0.71725326
4144 0.71725727
4146 0.7172638
4150 0.71726612
4151 0.71727602
4152 0.71729169
4157 0.71729301
4159 0.71730114
4163 0.71730273
4164 0.71730534
4166 0.71731443
4167 0.71731499
4169 0.71731676
4170 0.71734333
4171 0.71734579
4173 0.71735471
4176 0.71735955
4178 0.71737236
4182 0.7173742
4183 0.71737545
4184 0.71737854
4185 0.7173787
4187 0.71737919
4189 0.71738999
4190 0.71739998
4191 0.71740447
4192 0.71740816
4194 0.71743555
4196 0.71743603
4201 0.71743936
4204 0.71744295
4206 0.71744723
4211 0.71745207
4212 0.71746263
4213 0.71747429
4216 0.71747769
4219 0.71748925
4221 0.71749086
4222 0.71749787
4223 0.71750265
4225 0.71750949
4227 0.71752091
4228 0.71753827
4230 0.71755005
4232 0.71755506
4234 0.71758449
4240 0.71758818
4241 0.71759774
4244 0.71759992
4245 0.71760534
4248 0.71760741
4253 0.71761696
4256 0.71761984
4258 0.71762259
4262 0.71762385
4266 0.71762691
4268 0.71763247
4269 0.71763252
4270 0.71763424
4273 0.71764207
4276 0.71765453
4279 0.71765656
4280 0.71765704
4282 0.71765883
4284 0.71766179
4285 0.71766298
4286 0.71766851
4289 0.71768248
4291 0.71768556
4292 0.717697
4301 0.7177083
4305 0.71771303
4306 0.71772944
4307 0.71774788
4310 0.71775395
4322 0.71777409
4325 0.71777817
4332 0.71778607
4334 0.71778688
4337 0.71779875
4346 0.71780068
4347 0.71780711
4348 0.71780852
4355 0.71781645
4356 0.71781999
4361 0.71782892
4362 0.71783972
4363 0.71783998
4371 0.71784019
4373 0.71785208
4375 0.71785411
4378 0.71786839
4384 0.71786993
4387 0.71787989
4391 0.71789675
4398 0.71791599
4399 0.71791947
4400 0.71792895
4401 0.71794208
4403 0.71794395
4407 0.71794482
4411 0.71795355
4412 0.71795406
4417 0.7179568
4421 0.71795983
4427 0.71796684
4429 0.7179732
4431 0.71798013
4433 0.71798181
4436 0.71798315
4438 0.71798774
4439 0.71798811
4441 0.71800409
4442 0.7180067
4449 0.71800926
4451 0.71801042
4452 0.71801299
4454 0.71801508
4456 0.71801908
4459 0.71802695
4460 0.71803189
4461 0.7180373
4466 0.71804341
4468 0.71804376
4472 0.71805564
4479 0.71806547
4480 0.71806776
4487 0.71807814
4488 0.71807981
4489 0.71808764
4492 0.7180906
4496 0.71810004
4497 0.7181091
4498 0.71811524
4499 0.71812258
4505 0.71812752
4506 0.71812964
4510 0.71813567
4515 0.71813738
4516 0.71814929
4523 0.71815164
4526 0.71816459
4529 0.71816575
4549 0.71816792
4551 0.71817116
4558 0.71817313
4559 0.71818935
4561 0.71819221
4563 0.71819687
4564 0.718198
4567 0.71819937
4570 0.71821021
4571 0.71821414
4572 0.71822248
4573 0.71822633
4577 0.71822743
4582 0.71823187
4584 0.71823193
4588 0.71824124
4590 0.7182613
4596 0.71826228
4597 0.7182717
4601 0.71827417
4603 0.71827867
4606 0.7182902
4607 0.71829817
4608 0.71829891
4609 0.71830402
4610 0.71830863
4611 0.71831715
4612 0.71831756
4614 0.71831939
4615 0.71832451
4619 0.71832496
4627 0.71832538
4631 0.71832744
4634 0.71833619
4635 0.7183394
4636 0.7183435
4638 0.71834417
4639 0.71834889
4646 0.71835307
4648 0.71835464
4651 0.71835953
4652 0.71837181
4653 0.71839714
4660 0.71839919
4662 0.71840777
4664 0.71841244
4666 0.71842012
4667 0.71842384
4672 0.71842703
4675 0.71843135
4683 0.71843538
4687 0.71843594
4695 0.71844372
4697 0.7184666
4700 0.71847386
4702 0.71847445
4704 0.71847927
4707 0.71847939
4708 0.71848053
4711 0.71848829
4712 0.71850196
4718 0.71850248
4720 0.71850813
4721 0.71850918
4730 0.71851026
4731 0.71851785
4732 0.71851857
4734 0.7185193
4736 0.71853037
4739 0.71853451
4740 0.71854438
4742 0.71855132
4745 0.71856492
4749 0.71858222
4751 0.71858804
4752 0.71858847
4754 0.71859197
4759 0.71859386
4761 0.71859867
4766 0.71860612
4773 0.71860683
4774 0.71863005
4775 0.71864982
4776 0.71865475
4784 0.71865609
4793 0.71865627
4795 0.71866463
4796 0.7186681
4797 0.71867239
4798 0.71867956
4799 0.71868079
4803 0.71868443
4820 0.71869372
4825 0.71869505
4826 0.71869716
4828 0.71870442
4831 0.71870644
4835 0.71870787
4837 0.71871206
4848 0.71872913
4852 0.71874084
4853 0.71874108
4854 0.71874827
4857 0.7187522
4859 0.71875875
4870 0.71876591
4880 0.71876828
4886 0.71877107
4888 0.71877666
4890 0.71878993
4894 0.71879899
4899 0.71880811
4900 0.71881367
4904 0.71881624
4906 0.7188207
4908 0.71882738
4909 0.71883022
4910 0.7188512
4912 0.71886641
4914 0.71887475
4921 0.71887525
4923 0.71888357
4928 0.71888599
4932 0.71889206
4935 0.71889806
4941 0.71890068
4945 0.71891074
4946 0.71891177
4951 0.71891192
4955 0.71891931
4956 0.71892156
4961 0.71893606
4963 0.71893636
4965 0.71894461
4976 0.71894932
4993 0.71895609
4994 0.71896125
4996 0.71896763
4997 0.7189737
4999 0.71897434
5003 0.71898816
5009 0.71899494
5011 0.71900501
5013 0.71900556
5017 0.71900993
5022 0.71901337
5028 0.71902989
5047 0.71903159
5048 0.71903243
5051 0.71904159
5054 0.7190451
5056 0.71904944
5058 0.71905034
5062 0.71905093
5068 0.71905326
5077 0.71906032
5081 0.71906288
5088 0.71907156
5089 0.71907977
5093 0.71908089
5097 0.71908406
5099 0.71909267
5107 0.7190966
5114 0.71910424
5117 0.71910648
5131 0.7191069
5135 0.71911605
5136 0.71911753
5138 0.71912337
5142 0.71912541
5144 0.71913416
5147 0.71913968
5154 0.71914565
5164 0.71915542
5168 0.71917288
5170 0.71917779
5172 0.71917994
5173 0.7191814
5177 0.71919838
5180 0.7191988
5184 0.71920064
5185 0.71920324
5187 0.71921204
5191 0.71921948
5197 0.71922905
5199 0.71923362
5200 0.71924079
5206 0.71924323
5209 0.71924336
5211 0.71924554
5215 0.71924654
5216 0.71927112
5220 0.71927191
5224 0.71928
5236 0.71928929
5242 0.71928948
5245 0.71929263
5246 0.7193
5247 0.71930831
5253 0.71931825
5256 0.71932215
5259 0.71932263
5275 0.71932623
5283 0.7193382
5287 0.71934476
5289 0.71934898
5295 0.71934907
5296 0.71935212
5305 0.71935396
5308 0.71937753
5321 0.71938624
5322 0.71938916
5325 0.7193989
5334 0.71940389
5342 0.71940603
5344 0.71941091
5345 0.71941446
5347 0.71941812
5348 0.71941994
5352 0.71943108
5353 0.71943665
5360 0.71944207
5364 0.7194429
5365 0.71946647
5368 0.71947612
5376 0.71948133
5392 0.71948437
5399 0.71949268
5410 0.71949574
5420 0.71951164
5422 0.71951192
5432 0.71951486
5444 0.71951722
5453 0.71951979
5460 0.71952305
5465 0.71952881
5473 0.71953866
5475 0.71954054
5497 0.71954665
5499 0.71954983
5502 0.71955825
5504 0.71956113
5515 0.71956182
5519 0.71956389
5520 0.7195646
5523 0.71956786
5524 0.71957887
5529 0.71958286
5540 0.71958381
5541 0.71958904
5545 0.71960607
5547 0.7196133
5550 0.71962785
5551 0.71963348
5556 0.71964101
5561 0.71964116
5564 0.71964179
5565 0.71965587
5568 0.71966934
5572 0.71967989
5578 0.71968442
5600 0.71969036
5613 0.7197028
5615 0.71970364
5618 0.71971376
5627 0.71971725
5628 0.71971963
5632 0.71972001
5644 0.71972089
5650 0.71973419
5653 0.71973972
5657 0.71974121
5662 0.71974414
5667 0.71975025
5669 0.71975039
5680 0.71975953
5697 0.71976418
5712 0.71976682
5713 0.71977158
5730 0.71977491
5735 0.7197772
5737 0.71978512
5740 0.71978781
5752 0.71978832
5756 0.71979382
5763 0.71979674
5765 0.71980087
5769 0.71980735
5806 0.71981289
5816 0.71981835
5820 0.71982064
5849 0.71982265
5855 0.71983284
5858 0.71984013
5865 0.71984756
5867 0.71985081
5877 0.7198566
5881 0.71986256
5885 0.7198681
5919 0.71987571
5926 0.71988378
5934 0.71988574
5935 0.71988886
5948 0.71989821
5959 0.7199012
5973 0.71991766
5974 0.71992746
5991 0.71992868
5995 0.71992929
5996 0.71993519
6003 0.71993619
6038 0.71993763
6069 0.71994857
6080 0.71994875
6086 0.71996406
6095 0.71996668
6100 0.71997437
6103 0.71998141
6106 0.71998534
6118 0.71998686
6129 0.71999679
6131 0.72000384
6134 0.7200063
6147 0.72001417
6157 0.72003446
6165 0.72005828
6175 0.72005935
6191 0.72006309
6205 0.72006801
6234 0.72007812
6235 0.72007875
6237 0.72008495
6246 0.72011043
6259 0.72011387
6267 0.7201261
6327 0.7201309
6334 0.72013132
6371 0.72013535
6387 0.72013998
6397 0.72015467
6423 0.72016165
6461 0.72016831
6470 0.72017304
6499 0.7201794
6511 0.72018828
6545 0.72018918
6567 0.72019076
6572 0.72020499
6586 0.7202054
6589 0.72020667
6617 0.72020903
6620 0.72021045
6628 0.72021232
6650 0.72021597
6660 0.72021874
6670 0.72021941
6690 0.72022518
6691 0.72023296
6715 0.72023631
6731 0.72024124
6742 0.72024728
6796 0.72025003
6817 0.72025692
6825 0.72025699
6826 0.72026047
6842 0.72026188
6850 0.72026777
6863 0.72026797
6865 0.72027333
6871 0.72027453
6889 0.72028003
6892 0.72028242
6899 0.72029045
6922 0.72029187
6989 0.72029307
6995 0.72029776
7005 0.72030207
7010 0.72031559
7056 0.72032182
7057 0.72032301
7067 0.72033281
7079 0.72033436
7113 0.72033786
7128 0.72033867
7137 0.72034129
7232 0.72034164
7275 0.72034992
7301 0.7203519
7324 0.72036784
7380 0.72036816
7382 0.72037241
7391 0.72038162
7448 0.72039543
7456 0.72039564
7459 0.72039796
7486 0.72040068
7541 0.72040426
7602 0.72040793
7634 0.72042038
7684 0.72044068
7691 0.72045538
7720 0.72046153
7754 0.72046223
7762 0.72046557
7803 0.72047149
7832 0.7204766
7896 0.72048083
7998 0.7204852
8227 0.72049244
8229 0.72049563
8230 0.72050325
8235 0.72050441
8254 0.72051344
8259 0.72051915
8266 0.72052299
8283 0.7205275
8407 0.72053582
8498 0.7205396
8575 0.72054384
8584 0.72055259
8698 0.72055979
8714 0.72056465
8918 0.72056795
8970 0.72057623
9062 0.72057902
9239 0.72058137
9299 0.72058742
9704 0.72059002
9824 0.72059927
10002 0.72060307
10194 0.72060645
