0 0.523637
7 0.527803
8 0.529864
10 0.530498
11 0.532658
12 0.535029
13 0.53868
16 0.540109
17 0.541846
18 0.543726
19 0.544141
20 0.544437
23 0.545999
25 0.546568
26 0.548761
27 0.550167
31 0.55061
33 0.55222
34 0.553274
38 0.555843
47 0.555908
50 0.557531
51 0.557843
54 0.56042
56 0.561399
59 0.564445
60 0.565583
64 0.56705
72 0.567166
74 0.567928
77 0.568874
86 0.570615
87 0.572638
88 0.575964
104 0.578114
110 0.579031
112 0.579907
119 0.582625
126 0.583689
127 0.583744
128 0.585278
131 0.586611
132 0.587934
134 0.590199
136 0.590794
138 0.591424
142 0.591859
146 0.596506
150 0.598104
161 0.599234
164 0.600988
169 0.600995
172 0.601145
180 0.60483
184 0.605517
188 0.606546
195 0.606946
197 0.607467
203 0.609444
208 0.612167
210 0.612394
218 0.612765
233 0.612968
234 0.613331
236 0.615201
245 0.616093
246 0.617394
250 0.620498
252 0.620597
264 0.62483
276 0.628977
289 0.62961
295 0.629898
298 0.630516
304 0.631684
324 0.63228
339 0.63336
342 0.633856
358 0.63386
364 0.633869
369 0.636656
380 0.636716
393 0.638302
397 0.638414
401 0.63886
423 0.641122
431 0.644555
445 0.645177
454 0.646008
455 0.646513
468 0.650005
470 0.650412
522 0.651942
526 0.652818
527 0.653042
528 0.654579
564 0.656013
585 0.656051
627 0.65791
628 0.658442
632 0.659376
643 0.659886
701 0.660358
731 0.662539
732 0.664273
737 0.664801
757 0.664808
774 0.667389
795 0.667616
820 0.669489
830 0.670106
872 0.671556
885 0.671886
992 0.672355
1068 0.672898
1088 0.673326
1211 0.673665
1244 0.673836
1264 0.674886
1277 0.676032
1298 0.678918
1346 0.679207
1349 0.680707
1383 0.680804
1399 0.680852
1449 0.681494
1654 0.682346
1704 0.682711
1708 0.683399
1714 0.684649
1728 0.685174
1772 0.686675
1801 0.688192
1960 0.68877
2075 0.688989
2207 0.689967
2222 0.690027
2231 0.690278
2358 0.692092
2362 0.692245
2411 0.693577
2448 0.69435
2454 0.694437
2568 0.694762
2609 0.695026
2620 0.696711
2785 0.696813
2820 0.697689
2877 0.697886
2927 0.698681
2955 0.69913
3005 0.699954
3053 0.700372
3098 0.700788
3116 0.701146
3160 0.701287
3178 0.702007
3651 0.702267
3705 0.702332
