0 0.505599
4 0.507578
5 0.507817
8 0.510678
10 0.51476
11 0.514905
12 0.515145
14 0.520566
15 0.521155
17 0.525288
18 0.526486
19 0.527455
20 0.528236
21 0.530303
22 0.53359
23 0.534261
25 0.535326
27 0.536221
29 0.536798
30 0.538097
32 0.538682
33 0.538822
35 0.541505
41 0.544563
44 0.544883
51 0.547369
53 0.549337
58 0.550318
59 0.551502
60 0.552289
61 0.55231
63 0.55466
64 0.555306
65 0.557157
70 0.559934
72 0.561652
73 0.561888
74 0.562581
80 0.566312
81 0.567102
83 0.567521
85 0.56807
87 0.569443
88 0.56956
89 0.570529
92 0.572238
100 0.572249
105 0.574414
108 0.575587
112 0.576587
113 0.578164
114 0.578849
115 0.579678
120 0.582457
121 0.583948
122 0.585271
125 0.586266
134 0.586698
139 0.587294
140 0.588046
143 0.589152
147 0.589172
152 0.589688
169 0.590564
173 0.591756
182 0.591905
184 0.592399
187 0.593688
189 0.594521
195 0.5967
200 0.597228
204 0.598719
214 0.598853
216 0.599835
217 0.600484
220 0.601152
222 0.601602
223 0.605741
231 0.60626
234 0.609135
239 0.609555
241 0.610343
242 0.61072
246 0.611105
250 0.612708
252 0.613161
253 0.614666
262 0.614832
264 0.615873
270 0.616053
273 0.61769
280 0.617887
284 0.618816
289 0.619556
291 0.619952
292 0.620497
294 0.62186
304 0.625226
315 0.626325
320 0.626585
324 0.628563
326 0.631719
367 0.631924
372 0.633421
375 0.635334
385 0.639229
398 0.639231
399 0.64074
429 0.641129
439 0.641989
470 0.642424
488 0.644303
489 0.64439
491 0.644413
504 0.645202
528 0.645662
530 0.647742
535 0.647917
542 0.648559
557 0.650305
560 0.650811
564 0.651272
569 0.653722
601 0.654183
619 0.655213
626 0.655429
637 0.656207
641 0.656502
645 0.657796
646 0.658643
662 0.659203
668 0.659472
721 0.659898
722 0.660859
728 0.660923
742 0.662583
746 0.666098
757 0.666609
765 0.666612
777 0.667473
802 0.667879
840 0.669135
844 0.669519
853 0.670343
870 0.673771
872 0.673868
887 0.676029
920 0.676296
944 0.677791
951 0.679291
972 0.682134
993 0.68394
1010 0.684277
1040 0.684287
1059 0.68657
1068 0.687467
1072 0.688354
1087 0.688389
1088 0.688683
1103 0.689047
1168 0.689332
1230 0.690395
1257 0.690748
1259 0.690821
1264 0.691501
1297 0.69225
1309 0.692684
1333 0.695419
1342 0.69579
1344 0.697546
1352 0.698884
1400 0.70108
1429 0.701593
1478 0.702045
1495 0.702681
1518 0.703053
1556 0.703451
1573 0.703975
1734 0.703976
1758 0.705229
1825 0.705458
1828 0.705611
1835 0.705939
1992 0.706084
2078 0.708366
2151 0.708957
2178 0.709582
2221 0.71137
2225 0.712162
2239 0.71311
2263 0.71478
2301 0.715249
2310 0.715658
2367 0.717237
2379 0.71753
2402 0.71795
2433 0.719282
2464 0.719703
2612 0.720031
2687 0.721685
2690 0.721835
3001 0.722983
3012 0.723756
3193 0.723799
3264 0.723981
3534 0.724071
3567 0.72418
3615 0.725548
3925 0.725828
4037 0.725868
4178 0.72707
4332 0.72786
4615 0.728372
