0 0.504934
1 0.507447
5 0.507525
7 0.509936
8 0.51165
10 0.512935
13 0.51469
14 0.515214
15 0.516214
25 0.520088
27 0.524081
28 0.524478
34 0.52515
35 0.525363
36 0.526726
38 0.528197
42 0.532994
43 0.533572
53 0.535188
56 0.537513
57 0.538615
59 0.539268
60 0.540123
61 0.540787
62 0.541011
65 0.54132
67 0.54417
68 0.545272
69 0.545429
75 0.546493
78 0.550355
79 0.55586
82 0.556211
90 0.55673
91 0.557869
100 0.560724
107 0.561368
108 0.562998
111 0.563478
126 0.566457
129 0.567075
134 0.56785
143 0.571892
150 0.573852
160 0.574103
162 0.574813
169 0.575872
174 0.580868
175 0.581418
183 0.582724
185 0.586131
187 0.587286
188 0.588123
193 0.588941
198 0.591482
202 0.594442
206 0.595275
207 0.59943
222 0.600806
225 0.601272
229 0.601808
238 0.602088
250 0.602139
264 0.602404
273 0.605696
288 0.606998
292 0.60724
299 0.607569
301 0.608927
314 0.608974
315 0.611205
319 0.6139
321 0.614403
324 0.614417
331 0.615372
339 0.61725
340 0.619112
351 0.619439
358 0.620707
362 0.620738
368 0.621225
397 0.623545
402 0.624333
406 0.624679
408 0.626177
420 0.626403
424 0.626973
433 0.628451
437 0.629856
441 0.634248
443 0.63485
451 0.63623
460 0.637635
497 0.638639
498 0.639082
501 0.639558
548 0.639634
560 0.640573
571 0.644954
575 0.646073
577 0.647662
591 0.648258
601 0.648625
603 0.648866
608 0.64905
609 0.649789
612 0.650893
613 0.652303
621 0.653675
624 0.653815
642 0.659636
655 0.660431
680 0.661935
687 0.662357
690 0.662533
708 0.663846
720 0.664396
726 0.664745
751 0.666186
779 0.666895
826 0.667384
828 0.668235
860 0.66851
862 0.668884
876 0.669304
879 0.66952
898 0.670544
902 0.67067
914 0.67223
949 0.67337
953 0.675735
955 0.677046
959 0.67811
1044 0.68028
1057 0.680408
1070 0.680801
1088 0.681639
1096 0.682871
1127 0.683555
1135 0.684316
1148 0.685212
1190 0.685921
1233 0.686225
1270 0.687693
1288 0.688245
1298 0.689014
1391 0.689634
1457 0.689936
1495 0.690794
1526 0.691554
1543 0.6924
1555 0.692659
1601 0.692998
1621 0.69484
1767 0.695058
1878 0.697054
1888 0.69818
2016 0.699786
2022 0.701114
2092 0.701367
2093 0.70265
2136 0.703443
2252 0.705032
2295 0.705182
2298 0.705235
2321 0.705931
2392 0.7061
2428 0.706901
2473 0.707208
2635 0.708125
2685 0.708127
2827 0.709076
2879 0.709578
2889 0.711061
2894 0.71115
2923 0.711851
2953 0.711993
3179 0.712233
3192 0.715015
3351 0.715658
3391 0.715808
3464 0.716387
3954 0.716576
4163 0.716735
