0 0.489458
1 0.491197
4 0.494264
6 0.495797
7 0.497876
9 0.501082
10 0.505134
11 0.507258
13 0.507455
14 0.511067
15 0.513262
19 0.517288
20 0.518072
23 0.520472
26 0.520783
32 0.523474
34 0.524974
35 0.525111
37 0.525858
38 0.531467
41 0.5317
43 0.531703
44 0.532341
46 0.535788
50 0.537408
58 0.537959
59 0.538149
62 0.541165
69 0.541336
70 0.541871
71 0.542926
73 0.542935
74 0.54437
75 0.545954
76 0.549869
77 0.551005
78 0.551093
79 0.554518
82 0.55684
83 0.557589
85 0.557768
89 0.563641
90 0.564952
94 0.565268
99 0.56687
102 0.567064
103 0.569252
109 0.57212
113 0.572218
116 0.574375
118 0.575538
119 0.577733
128 0.578021
131 0.57967
136 0.580422
141 0.581413
147 0.581653
155 0.583253
162 0.586437
163 0.587952
171 0.588707
174 0.589304
179 0.591871
183 0.594584
186 0.595015
195 0.595102
196 0.595477
211 0.597463
223 0.599001
227 0.599439
230 0.603088
233 0.604928
239 0.606146
254 0.607653
259 0.610717
263 0.611026
283 0.611112
291 0.612151
292 0.614209
295 0.618225
305 0.619361
312 0.621394
314 0.62351
320 0.62405
331 0.625641
341 0.626619
344 0.628261
347 0.629514
349 0.630273
352 0.63031
365 0.630743
369 0.631125
370 0.634642
383 0.634943
385 0.635531
396 0.636809
400 0.637808
402 0.638029
416 0.639358
423 0.639884
424 0.641272
430 0.641277
432 0.642696
433 0.64419
435 0.644408
436 0.645148
443 0.647614
449 0.648765
474 0.648954
483 0.652167
497 0.655368
501 0.655533
516 0.656398
546 0.658004
570 0.662254
587 0.66263
625 0.665798
636 0.6664
637 0.667429
650 0.668475
660 0.669613
664 0.670397
708 0.672838
721 0.67563
746 0.675856
780 0.68089
782 0.682343
789 0.685269
826 0.685682
891 0.686293
930 0.686767
947 0.686911
971 0.687156
1112 0.687946
1131 0.688247
1150 0.688985
1162 0.690558
1177 0.691306
1237 0.692398
1250 0.693305
1270 0.693954
1419 0.695597
1426 0.696193
1476 0.696669
1498 0.69676
1511 0.697446
1520 0.699776
1560 0.700037
1593 0.700859
1623 0.700969
1628 0.70271
1652 0.70278
1699 0.703565
1709 0.703871
1761 0.704316
1808 0.704843
1860 0.70616
1959 0.706571
2135 0.706904
2154 0.708426
2210 0.708755
2219 0.709723
2290 0.710968
2336 0.71137
2393 0.711593
2429 0.71165
2500 0.713946
2548 0.714433
2565 0.714697
2578 0.71649
2733 0.717123
3016 0.717179
3167 0.718362
3231 0.720116
3266 0.721077
3473 0.721498
