0 0.47983
1 0.480278
3 0.484937
4 0.488715
6 0.489147
8 0.489806
9 0.49149
10 0.49304
11 0.494628
12 0.496519
14 0.497356
19 0.498067
20 0.500404
21 0.501445
23 0.502572
24 0.504708
27 0.50812
28 0.508359
31 0.510069
33 0.512627
36 0.514363
38 0.516424
40 0.516925
46 0.517791
49 0.518118
50 0.519124
51 0.520351
52 0.520534
55 0.522139
56 0.522825
57 0.52428
60 0.526925
68 0.532835
70 0.53303
71 0.536624
72 0.538571
75 0.540816
77 0.541123
78 0.54118
87 0.542272
91 0.543044
94 0.545108
96 0.546248
99 0.546688
104 0.549397
105 0.551371
107 0.553747
109 0.555029
113 0.5576
118 0.558506
120 0.560095
122 0.560597
124 0.563625
126 0.566784
132 0.567689
135 0.569266
137 0.571367
139 0.574004
142 0.575796
146 0.577491
148 0.577693
154 0.580859
161 0.581016
174 0.583777
180 0.584161
182 0.58445
186 0.584938
194 0.586895
196 0.591316
199 0.59281
202 0.592847
203 0.59296
205 0.594393
209 0.596614
210 0.601307
212 0.601502
219 0.602143
230 0.602504
231 0.603802
233 0.605831
252 0.606172
255 0.607479
262 0.608946
273 0.612574
277 0.615295
278 0.615335
288 0.616018
289 0.616129
290 0.61656
305 0.617463
309 0.618219
311 0.618582
312 0.621201
318 0.622276
330 0.623571
342 0.62525
350 0.626667
355 0.627027
356 0.628068
359 0.630033
368 0.630745
386 0.633362
389 0.634247
404 0.636293
410 0.636992
419 0.637533
444 0.638153
452 0.63903
466 0.639618
484 0.640157
498 0.642459
515 0.642824
521 0.643948
543 0.646404
553 0.647216
556 0.649043
563 0.651594
582 0.652855
583 0.654725
599 0.65642
620 0.657985
625 0.662111
666 0.66308
668 0.663874
680 0.664764
705 0.664789
718 0.66482
719 0.666759
728 0.667348
735 0.667692
745 0.66794
747 0.668723
752 0.671015
781 0.671789
793 0.672314
799 0.672427
824 0.672841
835 0.675474
851 0.675911
853 0.676253
858 0.677721
865 0.678381
871 0.678541
900 0.678759
910 0.679994
940 0.680492
941 0.680655
973 0.680713
1060 0.680992
1131 0.681115
1188 0.681353
1205 0.681876
1229 0.683887
1231 0.685485
1298 0.685838
1316 0.686265
1360 0.68706
1394 0.688066
1471 0.688761
1481 0.689019
1494 0.689232
1621 0.689527
1632 0.689653
1703 0.689993
1723 0.691246
1755 0.691736
1790 0.691973
1791 0.693348
1794 0.694027
1816 0.694154
1841 0.694227
1911 0.695139
1943 0.695913
1944 0.696167
2060 0.697449
2080 0.701673
2105 0.702723
2207 0.70274
2263 0.704073
2267 0.704901
2349 0.705497
2374 0.705689
2436 0.70706
2706 0.707214
2757 0.707916
2997 0.70844
3120 0.710608
3296 0.711098
3520 0.711366
3592 0.712446
3605 0.712483
3735 0.713427
3831 0.71383
3845 0.713928
3925 0.71408
3958 0.715524
4035 0.716163
4074 0.716229
4112 0.717224
4119 0.717634
4398 0.719558
4427 0.720036
4561 0.720322
4614 0.720505
4651 0.720994
4672 0.721313
4731 0.722072
4761 0.722553
4899 0.723465
5003 0.724847
5131 0.724889
5245 0.724942
5551 0.725505
5680 0.726419
5855 0.727438
6069 0.728532
