0 0.516023
2 0.517938
3 0.520192
6 0.521739
10 0.523192
12 0.523693
16 0.524711
17 0.527759
18 0.531025
19 0.533811
21 0.534583
25 0.535544
28 0.537929
29 0.539444
32 0.539653
33 0.540126
34 0.540667
37 0.541328
39 0.542684
45 0.543227
46 0.545766
47 0.54687
50 0.547644
52 0.549402
53 0.550124
54 0.551532
60 0.552068
62 0.554099
63 0.558381
72 0.559496
75 0.562677
77 0.564301
81 0.565788
84 0.566415
86 0.568675
88 0.569112
93 0.574132
96 0.574329
98 0.574346
99 0.574615
101 0.575202
104 0.575216
107 0.577391
110 0.578487
115 0.579734
117 0.581282
120 0.581885
122 0.584665
130 0.58567
135 0.587012
136 0.588384
145 0.591316
157 0.592297
162 0.599334
180 0.600206
196 0.601213
227 0.602669
235 0.603085
236 0.604044
242 0.604285
253 0.604494
258 0.606581
264 0.608697
270 0.609315
272 0.610281
274 0.613691
277 0.615016
278 0.615942
280 0.616825
290 0.619009
291 0.620089
293 0.620456
300 0.62331
302 0.623739
306 0.624169
322 0.627199
325 0.628344
345 0.62898
363 0.630632
385 0.631466
406 0.631931
407 0.632243
410 0.635441
441 0.635813
442 0.637396
447 0.640302
457 0.640712
525 0.642113
540 0.643246
544 0.645691
586 0.646685
591 0.647959
631 0.649714
651 0.650264
657 0.651645
667 0.652406
677 0.65242
680 0.652514
681 0.653675
691 0.654008
695 0.654018
714 0.654455
747 0.655192
767 0.655629
768 0.656469
781 0.657015
805 0.660685
815 0.661347
827 0.662959
834 0.66417
848 0.664262
851 0.665131
886 0.665811
899 0.666117
934 0.666514
941 0.666853
965 0.667001
1037 0.668559
1075 0.670873
1077 0.671239
1162 0.671682
1200 0.671729
1201 0.671912
1218 0.674728
1273 0.674966
1312 0.676316
1328 0.676468
1398 0.677259
1445 0.67808
1493 0.678816
1497 0.681694
1521 0.683065
1535 0.683235
1548 0.683303
1595 0.683982
1697 0.684604
1717 0.684797
1761 0.685377
1886 0.685637
1889 0.687188
1956 0.687634
2154 0.687903
2270 0.688127
2311 0.689991
2316 0.690937
2328 0.691109
2393 0.691171
2418 0.691311
2607 0.691696
2641 0.693182
2932 0.693519
2942 0.693941
2970 0.694517
2991 0.6951
3024 0.696654
3181 0.696728
3200 0.697109
3220 0.697118
3250 0.698293
3323 0.698507
3339 0.699772
3372 0.700458
3507 0.700573
3553 0.702043
3603 0.702754
3683 0.703092
3931 0.703184
4169 0.703361
4191 0.70381
4322 0.70536
4417 0.705634
4563 0.7061
4582 0.706544
4596 0.706642
4636 0.707052
4667 0.707424
4718 0.707476
4857 0.707869
4994 0.708385
5172 0.7086
5185 0.70886
5296 0.709165
5321 0.710036
5344 0.710524
5365 0.712092
5453 0.712349
5545 0.714052
5756 0.714602
5877 0.715181
5935 0.715493
5974 0.716473
6237 0.717093
6246 0.719641
6620 0.719783
6670 0.71985
6889 0.7204
7056 0.721023
