0 0.480697
1 0.487203
2 0.488364
7 0.491456
9 0.491579
11 0.49314
12 0.494404
13 0.499086
16 0.499975
19 0.503364
20 0.50546
22 0.50559
26 0.506828
28 0.508226
36 0.513939
39 0.51442
40 0.516614
41 0.517154
42 0.51897
50 0.519032
51 0.519315
52 0.520047
54 0.521602
57 0.523215
58 0.523282
59 0.525628
61 0.525709
66 0.527417
67 0.529134
68 0.53026
69 0.530297
70 0.533259
76 0.534318
80 0.536365
84 0.543136
86 0.54422
87 0.547125
95 0.549071
97 0.549375
98 0.550722
104 0.551525
105 0.551641
108 0.553882
109 0.554297
113 0.554687
114 0.554898
115 0.555045
118 0.555451
122 0.555478
123 0.55883
131 0.558873
133 0.561017
134 0.563876
136 0.56498
137 0.568432
143 0.570026
148 0.570782
149 0.571467
150 0.571595
151 0.571598
152 0.572094
156 0.576612
159 0.577053
169 0.578501
173 0.579834
177 0.581372
184 0.581823
185 0.583098
189 0.583902
196 0.584589
207 0.586414
208 0.586634
216 0.58695
220 0.587269
236 0.589189
237 0.591382
238 0.593108
266 0.593737
275 0.597402
280 0.601137
291 0.602753
292 0.60405
321 0.605526
322 0.608575
326 0.611015
327 0.614239
349 0.614832
353 0.615161
358 0.615349
360 0.615369
368 0.619051
383 0.619156
388 0.619183
390 0.620794
394 0.621063
403 0.621183
414 0.621732
431 0.623336
434 0.625166
435 0.625265
445 0.626355
454 0.62774
457 0.627762
460 0.628047
463 0.628528
472 0.628986
487 0.63054
489 0.63232
502 0.632993
512 0.633527
521 0.634428
527 0.635116
531 0.636738
545 0.63686
555 0.638826
571 0.639543
575 0.639894
604 0.641361
608 0.641921
629 0.642813
630 0.643704
634 0.644516
656 0.645708
668 0.645755
673 0.646594
683 0.646604
696 0.647453
711 0.648072
730 0.649644
732 0.65006
742 0.6512
747 0.651312
752 0.65377
766 0.655462
768 0.656218
784 0.656304
809 0.65667
823 0.65886
839 0.659518
847 0.65975
858 0.659756
872 0.659983
875 0.660702
891 0.662616
904 0.662627
917 0.664079
929 0.664569
933 0.665187
942 0.665187
952 0.665312
973 0.666001
976 0.666287
977 0.667171
990 0.667496
993 0.669144
997 0.670447
1022 0.671569
1030 0.672805
1031 0.673311
1041 0.673421
1088 0.673483
1106 0.674437
1112 0.676015
1122 0.677693
1132 0.679684
1152 0.680691
1173 0.681244
1213 0.682118
1231 0.682209
1266 0.682438
1270 0.683723
1362 0.68501
1422 0.685042
1507 0.687029
1509 0.687366
1514 0.690165
1519 0.692495
1534 0.693138
1575 0.693275
1600 0.693428
1645 0.695286
1650 0.697139
1814 0.697542
1816 0.698253
1840 0.698813
1874 0.700179
1935 0.701057
2016 0.701446
2027 0.701772
2065 0.702058
2307 0.703554
2327 0.703696
2334 0.704122
2392 0.704188
2466 0.704195
2491 0.704584
2583 0.705496
2642 0.705598
2681 0.705604
2683 0.705653
2710 0.705913
3101 0.706452
3484 0.706631
3691 0.707041
3822 0.707264
3849 0.707986
3993 0.708004
4143 0.708202
