0 0.505393
1 0.506588
4 0.509881
6 0.510356
11 0.510878
12 0.510993
14 0.514869
15 0.51644
17 0.517844
19 0.519916
22 0.521732
23 0.52196
24 0.524496
28 0.524768
30 0.526131
35 0.530881
36 0.535459
39 0.541789
42 0.54294
43 0.544577
44 0.544791
47 0.546154
52 0.546779
55 0.548906
61 0.551974
64 0.553765
69 0.555956
75 0.559178
76 0.559662
77 0.562448
78 0.562624
80 0.564531
86 0.566199
87 0.56721
90 0.568224
99 0.57224
102 0.572793
111 0.574681
112 0.574759
114 0.577577
115 0.580734
123 0.583037
124 0.585448
125 0.585854
144 0.589037
151 0.590419
153 0.590976
170 0.591102
171 0.591404
176 0.591685
177 0.591705
179 0.591878
190 0.593513
207 0.593789
208 0.594686
220 0.594763
223 0.596279
224 0.596648
225 0.596655
226 0.596707
227 0.598117
242 0.598537
249 0.601371
254 0.60236
260 0.602442
268 0.602458
276 0.603653
284 0.604168
285 0.605881
286 0.605997
291 0.606646
306 0.606757
312 0.607487
314 0.608075
316 0.608272
330 0.609469
339 0.610233
340 0.610841
341 0.611207
342 0.612075
347 0.613404
349 0.613957
353 0.614768
365 0.616328
370 0.616693
389 0.619062
393 0.619813
402 0.620619
404 0.621985
420 0.622078
421 0.622137
425 0.622537
427 0.623766
436 0.624847
445 0.625713
448 0.626645
454 0.627529
469 0.627734
502 0.627862
503 0.627907
528 0.629291
530 0.630338
543 0.631872
549 0.632088
550 0.63213
552 0.635676
554 0.636241
555 0.640221
563 0.640567
568 0.644152
577 0.647825
595 0.648535
596 0.649261
608 0.650178
637 0.650704
646 0.652442
647 0.652856
652 0.655211
665 0.655719
680 0.658144
694 0.658447
706 0.659366
716 0.660919
724 0.661299
761 0.661523
764 0.662618
770 0.665616
773 0.665822
776 0.666913
778 0.667079
789 0.668714
791 0.668816
816 0.669603
820 0.670307
822 0.670439
832 0.671464
859 0.673659
863 0.674505
870 0.675933
913 0.676118
914 0.678228
920 0.678336
940 0.680489
971 0.680607
995 0.681935
1013 0.682497
1033 0.682963
1042 0.683479
1091 0.684004
1117 0.684284
1122 0.686821
1124 0.686874
1151 0.687417
1228 0.688373
1243 0.688888
1256 0.689873
1290 0.690079
1321 0.690487
1355 0.69162
1415 0.693177
1418 0.693569
1425 0.695155
1427 0.695885
1454 0.696525
1499 0.696565
1583 0.696777
1603 0.696869
1652 0.697066
1797 0.697258
1817 0.698126
1832 0.698538
1866 0.698621
1900 0.699114
1943 0.699206
2020 0.699813
2030 0.700122
2050 0.701539
2068 0.701884
2071 0.703646
2133 0.705204
2145 0.706235
2154 0.706488
2216 0.70684
2249 0.707241
2392 0.708405
2399 0.708979
2529 0.709026
2573 0.709944
2653 0.709957
2770 0.711198
3088 0.712113
3191 0.712492
3202 0.712569
3255 0.712712
3263 0.713529
3267 0.713899
3364 0.714025
3379 0.714837
3513 0.715634
3537 0.716656
3548 0.717335
3554 0.718003
3613 0.718104
3626 0.718544
3702 0.718803
3779 0.71913
3786 0.719909
4076 0.720239
