0 0.498403
5 0.499316
6 0.499966
7 0.502195
8 0.504595
12 0.506732
14 0.508969
15 0.510951
17 0.513524
20 0.515761
22 0.516815
23 0.519033
24 0.521003
28 0.523209
29 0.524744
30 0.531649
33 0.532555
34 0.535276
35 0.537146
40 0.53729
43 0.540369
45 0.542633
46 0.543021
47 0.544997
54 0.546416
57 0.547546
61 0.548927
64 0.549503
70 0.550139
72 0.550827
79 0.55256
82 0.554597
85 0.55607
91 0.559099
93 0.560037
96 0.560887
100 0.563443
103 0.564829
104 0.56633
107 0.567035
108 0.567879
112 0.570367
114 0.570784
119 0.573411
121 0.574386
126 0.575125
127 0.576584
128 0.577761
133 0.577894
136 0.579241
144 0.581489
152 0.58172
153 0.582937
158 0.585751
159 0.586803
171 0.589319
173 0.591018
177 0.591284
180 0.591435
200 0.592048
201 0.592151
210 0.596222
214 0.598128
217 0.598526
221 0.59963
222 0.601557
233 0.60229
234 0.602793
236 0.603413
237 0.603657
240 0.603708
241 0.604529
248 0.606809
258 0.607215
268 0.609712
273 0.61037
280 0.610723
282 0.610829
283 0.611255
284 0.612896
289 0.612964
293 0.614674
294 0.615199
297 0.615577
305 0.61645
311 0.618453
316 0.618564
323 0.61863
334 0.619289
342 0.619373
347 0.619955
358 0.620009
360 0.621402
364 0.625872
372 0.62799
378 0.629575
379 0.629737
385 0.629868
397 0.63181
407 0.632555
408 0.632947
413 0.633406
416 0.633483
426 0.634922
437 0.635632
439 0.636411
443 0.637788
446 0.638321
450 0.640064
456 0.640373
459 0.642174
464 0.643057
473 0.644659
480 0.645067
486 0.647036
495 0.647979
510 0.649592
540 0.650852
553 0.654715
559 0.655945
587 0.656128
600 0.659293
641 0.660075
653 0.660453
687 0.662054
709 0.664898
730 0.665296
733 0.667438
734 0.667596
751 0.667718
755 0.667882
777 0.668274
808 0.669963
819 0.671107
827 0.674032
830 0.674778
852 0.67514
875 0.676284
889 0.676456
941 0.676939
989 0.676954
992 0.678507
1001 0.679515
1018 0.679559
1020 0.68122
1023 0.681498
1052 0.682644
1081 0.683971
1088 0.684216
1134 0.684359
1162 0.684732
1188 0.685689
1236 0.686222
1290 0.686439
1305 0.686528
1338 0.687097
1343 0.688542
1350 0.688737
1384 0.688826
1445 0.690166
1538 0.69031
1553 0.691001
1556 0.693513
1580 0.694234
1582 0.69424
1616 0.695661
1660 0.695796
1709 0.695889
1711 0.695971
1742 0.695983
1754 0.696706
1771 0.697043
1818 0.697806
1886 0.698195
1965 0.698389
1980 0.698721
2001 0.699253
2079 0.699663
2080 0.700711
2081 0.701307
2123 0.701632
2170 0.701949
2184 0.702225
2193 0.70266
2281 0.704555
2353 0.706706
2404 0.707018
2443 0.707196
2677 0.707234
2811 0.707498
2837 0.707991
2983 0.708117
3006 0.708334
3167 0.708385
3220 0.709102
3221 0.710414
3287 0.71098
3465 0.711439
3708 0.711985
4187 0.712034
4662 0.712581
4888 0.71314
