0 0.511825
1 0.515813
4 0.51678
6 0.521164
9 0.524604
11 0.526627
12 0.527249
13 0.527807
14 0.529167
16 0.52944
22 0.530167
24 0.530424
25 0.533114
28 0.53318
33 0.53566
35 0.535712
36 0.5363
37 0.53753
41 0.539438
43 0.539588
45 0.54144
47 0.541914
49 0.543611
51 0.545359
52 0.54568
53 0.547718
58 0.547865
60 0.548171
62 0.549374
66 0.552692
69 0.556605
71 0.557071
72 0.557427
73 0.560596
76 0.562268
79 0.564658
82 0.566638
87 0.567772
96 0.569141
97 0.573245
98 0.574409
101 0.576718
102 0.579764
103 0.580177
105 0.582023
107 0.582624
109 0.586549
120 0.586752
122 0.587248
123 0.589387
125 0.591119
126 0.591648
127 0.592154
137 0.592361
141 0.592726
144 0.592746
145 0.592898
147 0.593461
151 0.595528
152 0.596608
168 0.599348
170 0.600742
175 0.600778
176 0.603198
182 0.60338
192 0.605747
198 0.606411
204 0.607956
214 0.60967
219 0.609848
228 0.610723
235 0.610841
256 0.611037
262 0.61389
264 0.614108
272 0.616033
274 0.618021
281 0.619093
288 0.620245
297 0.621097
300 0.622493
309 0.622929
310 0.624127
322 0.626501
325 0.626879
330 0.627497
331 0.628579
340 0.628662
346 0.630042
349 0.630818
357 0.633702
371 0.634188
383 0.635167
399 0.636104
402 0.636309
416 0.636526
423 0.637955
455 0.638361
467 0.638892
473 0.639254
477 0.639711
483 0.643209
485 0.64506
491 0.645146
499 0.646245
504 0.647287
522 0.648078
540 0.649731
554 0.651329
587 0.651504
619 0.65292
637 0.654619
641 0.655298
652 0.65643
675 0.657288
714 0.657673
724 0.658948
732 0.659371
742 0.659447
748 0.6598
751 0.662548
753 0.663076
773 0.663918
778 0.66489
782 0.666364
798 0.668082
867 0.670416
897 0.670462
900 0.67207
946 0.672582
1003 0.672985
1004 0.676156
1007 0.676372
1052 0.676527
1075 0.678032
1123 0.679502
1144 0.679531
1148 0.680845
1205 0.680858
1210 0.682263
1244 0.683155
1320 0.683503
1331 0.683621
1335 0.684414
1346 0.685334
1388 0.686679
1415 0.689013
1418 0.689234
1457 0.689319
1476 0.689509
1506 0.690106
1570 0.690118
1702 0.690241
1734 0.690281
1738 0.690631
1760 0.691976
1763 0.693333
1767 0.694568
1777 0.694843
1802 0.695094
1837 0.695324
1840 0.695987
1872 0.69743
1874 0.697604
1913 0.697686
1917 0.698471
1960 0.700521
1962 0.700753
2101 0.701218
2188 0.701309
2212 0.701314
2214 0.701858
2226 0.701976
2373 0.702355
2456 0.707184
2747 0.707907
2812 0.709248
3013 0.711923
3097 0.712923
3327 0.713418
3498 0.714202
3672 0.71461
3848 0.714796
3951 0.71524
4022 0.71558
4164 0.715841
4223 0.716
4601 0.716247
4627 0.716289
4634 0.717164
4700 0.71789
4707 0.717902
4774 0.71874
4775 0.720717
4852 0.721888
5334 0.722387
5667 0.722998
5740 0.723267
5959 0.723566
