0 0.489386
1 0.492298
2 0.494145
3 0.495432
5 0.495484
7 0.497837
9 0.499581
11 0.504291
12 0.507454
16 0.511797
20 0.512415
26 0.513618
27 0.516199
28 0.516598
30 0.517229
31 0.517437
37 0.519286
42 0.519596
44 0.524093
46 0.524696
47 0.525352
48 0.526244
51 0.526276
52 0.526449
56 0.528507
57 0.529297
59 0.529827
60 0.532078
62 0.532602
66 0.533009
67 0.535056
69 0.538731
70 0.539053
71 0.539298
75 0.542804
76 0.544187
79 0.545901
80 0.547972
82 0.551675
91 0.554501
94 0.554941
96 0.555947
98 0.556799
102 0.557751
107 0.559856
108 0.563051
110 0.565802
119 0.566284
123 0.567363
127 0.56797
130 0.57139
137 0.575708
140 0.575913
142 0.576993
146 0.579599
154 0.581727
155 0.584035
156 0.584636
157 0.584886
159 0.587834
160 0.591919
162 0.593181
163 0.594442
164 0.595729
175 0.596167
180 0.596607
181 0.598789
183 0.600343
186 0.601075
189 0.601255
194 0.601799
207 0.601879
209 0.604657
218 0.605471
223 0.608112
224 0.610137
225 0.611192
227 0.611665
229 0.613063
231 0.613572
233 0.616067
235 0.617611
236 0.61817
242 0.618844
244 0.621532
248 0.622085
258 0.622561
261 0.622616
265 0.623517
271 0.623575
273 0.625467
274 0.626435
282 0.626522
285 0.628123
286 0.628256
290 0.630029
296 0.632466
301 0.633857
302 0.636
303 0.636239
319 0.636952
332 0.638437
340 0.638616
347 0.638696
349 0.640091
363 0.6404
376 0.64388
392 0.644712
411 0.646661
439 0.648702
443 0.649432
451 0.650298
455 0.650948
474 0.652025
493 0.652999
497 0.654444
517 0.654972
520 0.655035
524 0.655571
540 0.657305
566 0.657577
585 0.657669
588 0.657873
593 0.65811
618 0.658658
620 0.65942
645 0.660759
649 0.661032
657 0.661151
668 0.661538
678 0.662037
722 0.662842
785 0.664315
795 0.666502
807 0.666658
835 0.669214
859 0.669448
921 0.671413
975 0.672037
976 0.673596
980 0.674995
990 0.675027
1013 0.675776
1070 0.676614
1071 0.677383
1099 0.677611
1123 0.677895
1125 0.679376
1182 0.679535
1197 0.679718
1217 0.682166
1243 0.68246
1260 0.68509
1284 0.685373
1289 0.685794
1337 0.686716
1340 0.686818
1400 0.687297
1402 0.687378
1424 0.687775
1450 0.688045
1554 0.69094
1570 0.691382
1576 0.691709
1605 0.692843
1640 0.693265
1675 0.693356
1681 0.693797
1720 0.694544
1722 0.696134
1763 0.696607
1764 0.697076
1844 0.697477
1847 0.698506
1898 0.698785
1914 0.698962
1978 0.699444
2125 0.699492
2153 0.699668
2156 0.700122
2198 0.700431
2200 0.70176
2210 0.703138
2226 0.703793
2242 0.704719
2248 0.705053
2256 0.705305
2260 0.705803
2298 0.706062
2317 0.706919
2363 0.707189
2391 0.70747
2462 0.709021
2553 0.709945
2576 0.710743
2597 0.710761
2702 0.711145
2716 0.711721
2722 0.71211
2771 0.712338
2918 0.712357
2983 0.714682
3199 0.714946
3265 0.71588
3345 0.716955
3414 0.718235
3590 0.719032
3780 0.719956
3974 0.720129
3978 0.721029
4022 0.721283
4219 0.722408
4240 0.722739
4284 0.723035
4306 0.724676
4638 0.724743
4653 0.726676
