0 0.515155
7 0.515653
8 0.518514
16 0.519487
20 0.522514
21 0.526146
22 0.528746
25 0.532343
30 0.533744
31 0.533904
33 0.535617
37 0.53771
38 0.539786
40 0.541154
44 0.541252
45 0.543245
46 0.544271
47 0.549484
48 0.551561
54 0.552077
61 0.55628
67 0.558111
70 0.558678
79 0.558722
85 0.561305
89 0.561739
95 0.563481
98 0.563732
103 0.56439
106 0.566217
109 0.568846
110 0.569306
111 0.569306
118 0.570308
119 0.571385
122 0.573373
126 0.575643
129 0.579314
138 0.579365
139 0.583056
142 0.583923
144 0.585779
147 0.585857
153 0.586338
154 0.587165
155 0.588744
156 0.590288
157 0.591086
159 0.595135
172 0.598707
181 0.599663
183 0.600006
197 0.600569
204 0.601033
206 0.602266
211 0.602331
221 0.603451
243 0.606906
245 0.610715
261 0.612249
270 0.612523
279 0.6143
280 0.614497
281 0.615583
282 0.61571
287 0.61573
291 0.617021
301 0.619632
307 0.619821
324 0.620711
329 0.621907
335 0.622352
341 0.623485
344 0.624746
351 0.625536
359 0.626428
364 0.627515
370 0.628199
371 0.630363
374 0.631127
376 0.632056
398 0.633869
402 0.633975
408 0.634101
438 0.636685
440 0.637869
456 0.638309
461 0.639675
476 0.640391
491 0.640494
495 0.643269
501 0.644209
516 0.644544
534 0.644987
548 0.645859
573 0.647865
584 0.648322
598 0.649072
605 0.649298
609 0.650262
614 0.651281
623 0.652403
643 0.654315
659 0.654448
662 0.656487
668 0.656821
676 0.660372
678 0.66102
704 0.661038
707 0.662093
714 0.662928
718 0.663583
744 0.663954
751 0.663993
759 0.664305
769 0.665659
771 0.666111
776 0.666126
798 0.666563
800 0.667898
807 0.668456
813 0.66856
834 0.670397
835 0.671817
858 0.673057
862 0.673494
863 0.676156
871 0.676777
888 0.679092
902 0.679273
929 0.679717
932 0.682495
937 0.682857
942 0.684433
970 0.685151
978 0.686305
1001 0.688026
1028 0.691256
1116 0.693643
1173 0.694678
1209 0.695209
1247 0.695336
1266 0.696174
1268 0.696435
1271 0.698739
1279 0.699417
1291 0.700509
1312 0.702379
1352 0.702562
1367 0.702722
1473 0.703297
1489 0.705307
1507 0.70535
1661 0.705423
1885 0.705715
1955 0.706418
1971 0.707085
2015 0.707682
2058 0.708821
2281 0.708966
2520 0.709515
2540 0.709542
2545 0.709643
2556 0.709785
2735 0.709934
2781 0.710084
2862 0.710371
2916 0.712332
2959 0.712847
3243 0.713966
