0 0.497037
3 0.497264
5 0.497731
9 0.499284
11 0.50023
12 0.50032
13 0.502087
14 0.503932
15 0.50601
17 0.50649
19 0.509508
24 0.512817
29 0.514674
32 0.517315
36 0.519475
37 0.520459
39 0.522927
42 0.523567
48 0.525589
50 0.526945
58 0.528688
62 0.529784
63 0.532682
65 0.534593
67 0.538568
71 0.542259
75 0.543539
81 0.545788
85 0.547637
87 0.548455
89 0.551151
90 0.554965
94 0.558061
97 0.559766
104 0.55987
112 0.561461
125 0.562905
131 0.564944
133 0.566825
134 0.566926
141 0.567311
149 0.5692
151 0.569863
157 0.570507
159 0.570796
161 0.571317
163 0.577798
167 0.582011
169 0.584167
170 0.584293
172 0.586565
176 0.586967
178 0.588438
183 0.588566
189 0.592345
202 0.594838
208 0.595342
216 0.595596
220 0.597784
227 0.59819
229 0.59894
231 0.600981
236 0.601359
240 0.601363
246 0.602172
254 0.60317
256 0.605949
261 0.606196
262 0.607566
267 0.608351
292 0.608429
294 0.609115
295 0.609317
296 0.610076
297 0.610639
309 0.612269
312 0.613536
319 0.615297
321 0.617576
328 0.62003
332 0.622058
335 0.623618
337 0.625616
344 0.626027
360 0.626624
366 0.62784
368 0.628885
371 0.632065
379 0.632864
383 0.634069
384 0.634372
387 0.636611
395 0.637138
410 0.638298
411 0.638893
412 0.639936
414 0.64309
443 0.643421
449 0.645437
450 0.645676
472 0.645743
488 0.646304
493 0.647146
501 0.648112
508 0.649414
511 0.649956
513 0.652385
533 0.653793
538 0.654985
540 0.655847
547 0.657979
554 0.657984
555 0.659026
566 0.659898
573 0.661628
577 0.661684
585 0.664286
590 0.665763
601 0.66688
619 0.667099
620 0.667988
628 0.670728
631 0.670864
642 0.672776
649 0.675041
651 0.676915
657 0.677867
678 0.679728
717 0.679935
722 0.681802
738 0.682348
752 0.682701
782 0.685656
860 0.685722
876 0.686583
924 0.686639
1005 0.686745
1040 0.688112
1057 0.689125
1096 0.689729
1176 0.690452
1260 0.69112
1280 0.691378
1301 0.691678
1360 0.693649
1394 0.693781
1408 0.695734
1418 0.696485
1419 0.696812
1432 0.697798
1530 0.698184
1535 0.699194
1586 0.699458
1611 0.69952
1676 0.700018
1685 0.700684
1687 0.701506
1696 0.70188
1723 0.702842
1753 0.704591
1787 0.704916
1864 0.70524
1871 0.705959
1997 0.707649
2038 0.707925
2057 0.708526
2059 0.711419
2110 0.7118
2117 0.712436
2156 0.712611
2335 0.712713
2352 0.713241
2471 0.713522
2508 0.713885
2708 0.714432
2784 0.715593
3149 0.715787
