0 0.515879
2 0.516209
3 0.519908
4 0.521266
10 0.521572
11 0.528129
12 0.530394
13 0.531225
14 0.531961
16 0.532662
20 0.534732
21 0.535396
22 0.535457
23 0.537591
24 0.539556
26 0.539642
27 0.541322
28 0.542223
29 0.543311
32 0.54363
33 0.54708
37 0.548511
41 0.550511
42 0.554452
43 0.555506
51 0.55761
55 0.558349
57 0.561452
59 0.563535
62 0.563809
66 0.564129
68 0.564633
71 0.564662
72 0.565516
73 0.565902
75 0.568677
79 0.5713
83 0.571581
89 0.571939
94 0.574362
95 0.574698
98 0.574839
102 0.574999
104 0.576498
111 0.57789
113 0.579332
115 0.583802
116 0.584194
117 0.585011
125 0.587013
136 0.588191
139 0.58936
144 0.590033
148 0.593173
169 0.593925
171 0.594224
175 0.594583
176 0.595143
179 0.595784
180 0.596528
194 0.599129
198 0.601825
204 0.603447
205 0.605736
207 0.607358
209 0.60753
212 0.60764
219 0.608553
220 0.611102
227 0.612457
228 0.616612
230 0.617251
241 0.617796
249 0.618165
259 0.619571
266 0.620912
277 0.623274
280 0.623623
281 0.62729
284 0.627952
287 0.628384
292 0.631775
299 0.63287
318 0.634028
337 0.634328
342 0.635219
355 0.63858
358 0.642954
359 0.643513
378 0.644123
391 0.644219
403 0.644864
427 0.645161
430 0.645328
438 0.645552
445 0.647607
449 0.647995
462 0.650292
472 0.65069
490 0.652602
504 0.654227
506 0.654884
526 0.655364
534 0.65543
548 0.655857
572 0.656992
619 0.657494
628 0.65813
634 0.659088
653 0.660045
675 0.66183
684 0.662635
697 0.663171
719 0.664929
723 0.665819
729 0.666271
740 0.667897
753 0.668125
823 0.670285
829 0.67101
860 0.672898
868 0.673012
879 0.67484
889 0.675852
901 0.677774
907 0.678972
910 0.679161
932 0.679829
943 0.679997
949 0.680958
963 0.682808
968 0.682873
1020 0.683868
1054 0.684734
1055 0.685286
1072 0.685551
1126 0.686818
1174 0.687745
1198 0.687939
1206 0.688003
1217 0.689411
1228 0.689644
1240 0.692236
1292 0.693277
1296 0.693851
1316 0.694423
1320 0.695521
1334 0.697087
1335 0.697329
1361 0.697785
1417 0.698286
1425 0.698373
1440 0.701087
1454 0.702289
1532 0.702813
1540 0.704299
1560 0.705675
1578 0.706318
1646 0.706335
1666 0.707172
1712 0.707841
1803 0.709345
1845 0.70947
1902 0.710045
2002 0.710246
2055 0.710665
2060 0.713147
2062 0.713821
2125 0.71468
2148 0.715071
2154 0.715335
2183 0.715357
2331 0.715812
2464 0.717359
2753 0.71783
2905 0.71806
2971 0.718552
3057 0.719576
3076 0.72004
3077 0.720473
3142 0.721017
3262 0.721501
3577 0.723121
3579 0.724639
3761 0.724688
4031 0.726326
4150 0.726558
