0 0.517771
1 0.518483
2 0.520257
3 0.52261
6 0.523487
8 0.523974
11 0.527242
12 0.52827
15 0.530184
18 0.531627
19 0.532395
21 0.534199
25 0.535
28 0.536926
30 0.537847
31 0.539935
39 0.540474
41 0.542333
49 0.542667
50 0.54615
51 0.549184
52 0.553575
55 0.553656
60 0.55456
69 0.555699
72 0.559552
74 0.561589
78 0.562662
79 0.563557
81 0.565433
83 0.567038
91 0.570517
99 0.571073
106 0.571963
107 0.573165
108 0.573484
111 0.576772
112 0.578558
113 0.580217
116 0.581144
119 0.581906
125 0.582937
126 0.583085
127 0.584798
142 0.586218
153 0.587858
155 0.588102
157 0.591028
167 0.591181
171 0.593855
174 0.598409
175 0.599249
176 0.603215
178 0.604994
185 0.606166
188 0.609793
191 0.610004
192 0.611301
195 0.613236
206 0.616052
216 0.616149
233 0.617997
234 0.61921
242 0.62021
243 0.622358
246 0.624182
248 0.625531
249 0.627096
278 0.628114
298 0.630007
310 0.631299
312 0.634107
314 0.634147
325 0.634605
326 0.635118
331 0.635854
356 0.637709
360 0.637881
376 0.63821
378 0.63862
382 0.639181
385 0.63923
404 0.639364
406 0.639779
412 0.64042
440 0.640778
443 0.641127
444 0.641599
461 0.643035
462 0.643112
465 0.643429
466 0.644143
475 0.644221
478 0.645494
479 0.645925
496 0.647145
500 0.648245
525 0.650526
533 0.651289
536 0.651392
542 0.652063
555 0.652166
561 0.652253
571 0.653259
584 0.654012
591 0.654692
594 0.655322
609 0.655487
612 0.655974
616 0.656049
648 0.657781
688 0.657832
705 0.659733
742 0.662295
750 0.663764
758 0.664172
772 0.664312
780 0.664784
801 0.66595
804 0.666226
809 0.668846
818 0.67037
835 0.670916
849 0.671398
857 0.671706
867 0.672387
900 0.673567
915 0.674101
916 0.674856
921 0.675183
940 0.677236
946 0.6784
961 0.678449
985 0.679011
989 0.67986
1022 0.682689
1049 0.683642
1070 0.683755
1100 0.684612
1102 0.685048
1117 0.686122
1156 0.686507
1165 0.686596
1172 0.686631
1194 0.687361
1197 0.687672
1203 0.687743
1225 0.687907
1227 0.687963
1257 0.689569
1266 0.690635
1331 0.691584
1363 0.693994
1389 0.694511
1487 0.69504
1522 0.695384
1569 0.696748
1672 0.6968
1686 0.697685
1785 0.69848
1809 0.698598
1831 0.698804
1882 0.698889
1908 0.698938
1980 0.699625
2037 0.700017
2273 0.702114
2483 0.702754
2556 0.704763
2771 0.705798
2877 0.706251
2881 0.706945
2986 0.708664
3049 0.7101
3138 0.710239
3237 0.710259
3270 0.710636
3322 0.711389
3353 0.711806
3357 0.712131
3453 0.712154
3825 0.712301
3848 0.713297
3896 0.714282
3909 0.715173
3994 0.715888
4213 0.716608
4219 0.716639
4228 0.71812
4232 0.718621
4289 0.720018
4391 0.720941
4489 0.721724
4639 0.722196
4652 0.723424
4749 0.725154
4906 0.725284
5114 0.725576
5253 0.72657
5497 0.727181
5568 0.727239
