0 0.491192
1 0.492477
3 0.493366
8 0.496215
12 0.498422
13 0.500767
14 0.502857
17 0.50291
19 0.504423
23 0.504797
24 0.506882
26 0.509797
27 0.510152
28 0.513439
30 0.513542
32 0.514263
33 0.516027
36 0.522648
39 0.524174
41 0.524212
43 0.525599
44 0.530254
47 0.531317
48 0.531855
51 0.532944
55 0.535237
58 0.535926
59 0.540055
69 0.540954
72 0.543523
73 0.545251
74 0.545941
79 0.546185
81 0.548588
84 0.548675
88 0.550096
94 0.550166
100 0.552558
101 0.552826
102 0.554577
107 0.557039
108 0.558894
116 0.559828
117 0.561073
125 0.561437
126 0.563124
129 0.564941
131 0.565636
134 0.5681
141 0.569369
142 0.571033
143 0.577618
145 0.577897
146 0.580929
147 0.581438
158 0.581452
159 0.584877
160 0.58529
172 0.58556
188 0.585803
200 0.587619
203 0.587796
206 0.588145
212 0.589631
221 0.589964
228 0.590799
230 0.592036
233 0.592389
238 0.59311
247 0.593201
263 0.593217
268 0.593419
282 0.595186
288 0.595295
290 0.596061
291 0.597443
292 0.598013
308 0.602837
311 0.603241
314 0.604015
315 0.604985
317 0.605155
325 0.607849
328 0.609236
340 0.610776
342 0.611065
343 0.611129
346 0.614284
349 0.618425
358 0.61922
363 0.619716
364 0.620095
376 0.62314
387 0.623175
389 0.623875
404 0.623944
414 0.627737
415 0.629699
435 0.629717
442 0.631095
443 0.633472
446 0.635878
455 0.638426
456 0.639859
469 0.639937
478 0.641001
480 0.641892
500 0.642789
502 0.642846
512 0.643996
525 0.645233
528 0.647175
538 0.647639
545 0.648421
549 0.651844
588 0.652602
609 0.652704
613 0.653069
626 0.653464
633 0.653627
634 0.655276
663 0.655808
670 0.65725
676 0.659271
690 0.660015
697 0.661981
709 0.662702
737 0.663507
744 0.664093
746 0.664289
747 0.664327
769 0.665234
795 0.667779
834 0.671135
839 0.671469
851 0.672778
887 0.673779
904 0.676427
921 0.676694
930 0.677852
967 0.679181
984 0.681645
995 0.682524
1079 0.682972
1088 0.683675
1090 0.685359
1091 0.687692
1096 0.689565
1130 0.690333
1146 0.690603
1166 0.690828
1176 0.691011
1190 0.691625
1254 0.691889
1288 0.693305
1315 0.694123
1321 0.695023
1324 0.695248
1331 0.696836
1358 0.696984
1409 0.698891
1434 0.699618
1489 0.699791
1492 0.701648
1518 0.703569
1584 0.705375
1590 0.705964
1598 0.706283
1742 0.708494
1815 0.708682
1825 0.710345
1871 0.712117
1902 0.71311
1937 0.713287
1943 0.714195
1971 0.714765
1977 0.715515
1983 0.71605
2093 0.716336
2155 0.71666
2171 0.717603
2180 0.717862
2306 0.71914
2345 0.720306
2409 0.72032
2516 0.721284
2620 0.721494
2653 0.721848
2665 0.722002
3148 0.722412
3270 0.722718
3339 0.723686
3474 0.723843
3667 0.724285
3738 0.724759
4019 0.725058
