0 0.492847
1 0.494654
2 0.499739
3 0.504052
6 0.506758
8 0.508077
10 0.510715
12 0.511727
13 0.51261
15 0.512849
16 0.513357
17 0.515021
18 0.516709
21 0.521176
22 0.522239
23 0.523399
24 0.52471
25 0.526637
26 0.527819
28 0.528377
29 0.529666
34 0.53469
39 0.538362
43 0.539426
47 0.544733
50 0.545177
51 0.548064
54 0.549452
57 0.549982
59 0.552544
60 0.553103
63 0.553388
66 0.555052
67 0.556675
69 0.557626
73 0.562837
74 0.565094
78 0.5674
80 0.567856
83 0.570146
84 0.570289
85 0.575703
93 0.576638
99 0.57715
100 0.5778
104 0.578341
115 0.581452
122 0.584742
123 0.591754
125 0.5922
129 0.593524
138 0.593851
148 0.595559
151 0.596954
157 0.597566
161 0.598488
166 0.601299
168 0.603552
170 0.603822
171 0.605435
190 0.605888
194 0.606774
195 0.606917
208 0.607002
216 0.607727
223 0.610146
231 0.611154
235 0.61142
236 0.611694
253 0.613938
255 0.615087
279 0.616375
281 0.619076
296 0.619226
304 0.620019
316 0.62019
318 0.62099
321 0.622209
322 0.623334
327 0.623913
328 0.6242
333 0.624857
348 0.625153
355 0.625907
357 0.628345
387 0.628428
406 0.628862
419 0.631133
420 0.636471
432 0.636953
434 0.638414
439 0.639455
454 0.640554
458 0.641776
466 0.64202
478 0.643665
479 0.644063
485 0.646048
494 0.646672
502 0.646831
504 0.6493
520 0.652052
550 0.652404
555 0.653292
583 0.65372
599 0.655191
600 0.657103
601 0.657379
607 0.658142
611 0.659609
615 0.66169
618 0.662997
638 0.663856
649 0.664193
680 0.664489
709 0.664958
714 0.665558
731 0.665894
737 0.668666
758 0.668896
760 0.668961
763 0.668966
776 0.669351
795 0.669563
802 0.669944
832 0.672799
860 0.672905
919 0.67322
935 0.675628
947 0.67632
952 0.676685
953 0.67701
962 0.678134
979 0.678218
985 0.681607
991 0.683188
999 0.683549
1003 0.684817
1006 0.686283
1009 0.686392
1015 0.686442
1017 0.686886
1018 0.688166
1021 0.689754
1035 0.68998
1038 0.691315
1061 0.691342
1072 0.692208
1073 0.692329
1107 0.69271
1111 0.692779
1133 0.693217
1144 0.693262
1179 0.694081
1196 0.694202
1202 0.694502
1267 0.694613
1272 0.694884
1282 0.696287
1287 0.696435
1304 0.697411
1367 0.697482
1391 0.697489
1428 0.699751
1435 0.700123
1442 0.700181
1477 0.7005
1502 0.700672
1539 0.703026
1622 0.703481
1641 0.703742
1700 0.703803
1758 0.703979
1791 0.704336
1855 0.705404
1952 0.7056
2017 0.70684
2113 0.707088
2136 0.707706
2185 0.708377
2194 0.710179
2199 0.711723
2231 0.712804
2281 0.713113
2285 0.713313
2392 0.71465
2417 0.714824
2458 0.715158
2774 0.715422
2783 0.715902
3011 0.716383
3320 0.716436
3577 0.716794
3608 0.717325
3710 0.71775
4018 0.717952
4292 0.719096
4683 0.719499
