0 0.524534
4 0.52502
6 0.530925
7 0.532658
9 0.532888
13 0.533211
16 0.533591
17 0.534578
24 0.535307
26 0.538915
31 0.542873
34 0.543218
35 0.543723
38 0.544786
40 0.546107
41 0.547905
42 0.550256
44 0.552157
47 0.552936
51 0.553609
54 0.55831
58 0.559451
62 0.562453
64 0.563314
65 0.56359
71 0.563642
72 0.563671
73 0.567762
92 0.568367
97 0.568782
101 0.570637
105 0.570663
110 0.575024
116 0.577234
117 0.578665
122 0.579354
123 0.57967
124 0.580897
126 0.583083
131 0.586272
132 0.587032
137 0.588515
140 0.588557
143 0.590091
156 0.59107
158 0.59281
161 0.594136
165 0.594742
167 0.59523
170 0.596281
179 0.597004
185 0.598045
192 0.6015
193 0.601712
194 0.602059
196 0.603427
197 0.6057
199 0.607444
203 0.608892
214 0.610224
217 0.610247
235 0.611208
246 0.611356
254 0.612918
259 0.614281
264 0.614404
268 0.617897
276 0.61905
281 0.620608
302 0.620667
304 0.620863
307 0.623081
309 0.623449
322 0.62497
326 0.626959
329 0.628759
330 0.630786
340 0.633086
341 0.633688
342 0.634449
343 0.635629
344 0.636362
358 0.638341
361 0.6398
379 0.641583
391 0.642922
443 0.643429
450 0.645957
460 0.647862
462 0.648645
471 0.648703
476 0.651
478 0.651712
497 0.652248
501 0.652439
507 0.653556
520 0.653823
530 0.654587
557 0.655937
560 0.659374
562 0.660808
565 0.66215
567 0.662193
575 0.663075
577 0.663508
595 0.663846
611 0.666419
618 0.666773
628 0.667002
671 0.669299
677 0.670159
682 0.673675
695 0.674255
718 0.674633
729 0.675743
750 0.67639
764 0.677043
787 0.677588
792 0.678877
816 0.679172
874 0.680051
891 0.681832
900 0.682551
960 0.683215
977 0.684046
986 0.684998
1009 0.68528
1018 0.685752
1019 0.686331
1049 0.687415
1063 0.68744
1124 0.68798
1183 0.689001
1189 0.689781
1197 0.689808
1248 0.692111
1284 0.693184
1311 0.694803
1334 0.695028
1335 0.695879
1404 0.696243
1432 0.696381
1496 0.697794
1506 0.697897
1538 0.700386
1604 0.700975
1780 0.702992
1809 0.703633
1845 0.705145
1989 0.705535
2042 0.705678
2129 0.70644
2264 0.706655
2270 0.706846
2407 0.707554
2555 0.708551
2589 0.708838
2602 0.710387
2680 0.710609
2720 0.712716
3099 0.71395
3161 0.714719
3166 0.715752
3209 0.715987
3245 0.71702
3521 0.717065
3535 0.717198
3583 0.717758
3699 0.718443
3795 0.718484
3933 0.71971
4013 0.720129
4222 0.720415
4253 0.72137
4497 0.722276
4588 0.723207
4835 0.72335
5191 0.724094
5376 0.724615
