0 0.531423
1 0.532598
2 0.534076
3 0.536909
4 0.540137
5 0.542106
7 0.542158
8 0.544416
12 0.546282
14 0.548973
18 0.549049
20 0.551242
23 0.551295
25 0.554421
26 0.556371
29 0.556764
31 0.560291
32 0.561342
33 0.563808
39 0.565099
42 0.568781
48 0.570139
50 0.572157
54 0.575539
55 0.579553
64 0.58072
67 0.583437
71 0.586296
81 0.586517
88 0.586876
89 0.587227
96 0.587531
100 0.589038
106 0.591377
108 0.593998
117 0.594294
119 0.59609
122 0.597292
127 0.597968
130 0.598125
131 0.600514
134 0.601495
140 0.601732
142 0.604018
143 0.604445
154 0.607585
162 0.610411
170 0.61118
178 0.61551
181 0.616819
183 0.619345
187 0.619967
189 0.621151
203 0.622882
218 0.625126
220 0.625288
225 0.625387
239 0.627351
245 0.628176
246 0.629927
253 0.629962
255 0.632186
263 0.633309
264 0.634572
270 0.634599
273 0.635881
280 0.63642
282 0.636657
287 0.637924
301 0.637987
302 0.639046
315 0.640676
335 0.64124
337 0.643096
349 0.644767
360 0.647159
386 0.647932
394 0.649318
396 0.650859
399 0.651408
401 0.652979
414 0.653492
424 0.653965
431 0.658082
444 0.661103
450 0.661324
454 0.661576
468 0.662856
494 0.663968
505 0.664228
507 0.666307
509 0.667148
523 0.668698
528 0.669751
538 0.670077
552 0.67021
561 0.670444
607 0.670729
610 0.671028
611 0.671143
629 0.671369
631 0.673289
636 0.673996
639 0.674025
664 0.674029
681 0.675624
697 0.675829
704 0.676709
728 0.677393
760 0.678153
763 0.679681
773 0.679944
782 0.68003
791 0.680633
850 0.681217
880 0.68228
904 0.682552
989 0.683427
995 0.684281
1010 0.684414
1059 0.684595
1063 0.685521
1086 0.687389
1131 0.688106
1133 0.688627
1137 0.688749
1158 0.68948
1254 0.691892
1280 0.692516
1302 0.692673
1315 0.693223
1332 0.693277
1347 0.6941
1394 0.694336
1397 0.694571
1417 0.696046
1436 0.696146
1527 0.698335
1603 0.700754
1635 0.700952
1660 0.70239
1725 0.703071
1737 0.703217
1738 0.703424
1739 0.704842
1762 0.705292
1802 0.70584
1828 0.706944
1879 0.707292
1927 0.709547
1981 0.710635
1994 0.710921
2016 0.712485
2048 0.712707
2087 0.712831
2108 0.713564
2158 0.713588
2205 0.713645
2241 0.714164
2346 0.71436
2442 0.714562
2452 0.715174
2625 0.715361
2628 0.716012
2650 0.718019
2700 0.718877
2779 0.719519
2782 0.720944
2827 0.722067
2918 0.722093
2925 0.72219
3078 0.723304
3129 0.723309
3358 0.724789
3403 0.724991
3519 0.725564
3986 0.725687
4454 0.725896
