0 0.51993
2 0.520423
5 0.522448
6 0.523663
10 0.523692
12 0.523825
16 0.52807
17 0.529276
20 0.532439
21 0.532685
22 0.532939
26 0.534911
29 0.535895
30 0.537663
32 0.54163
34 0.5423
36 0.542922
37 0.543978
47 0.546877
50 0.552422
57 0.557394
59 0.558424
64 0.561157
66 0.561546
70 0.562234
74 0.56247
75 0.563282
76 0.565379
77 0.56907
78 0.571849
79 0.572361
80 0.57633
82 0.576882
85 0.578852
86 0.579342
87 0.582039
97 0.584756
99 0.585279
100 0.58755
103 0.589043
104 0.589633
107 0.590028
109 0.590883
112 0.59525
117 0.596725
118 0.598605
121 0.599268
130 0.60089
133 0.605841
149 0.605953
155 0.60688
189 0.607523
190 0.610152
194 0.61029
195 0.612701
199 0.613702
201 0.61538
203 0.619535
215 0.620244
218 0.622192
225 0.622603
227 0.624687
229 0.625174
232 0.625253
248 0.625879
249 0.629316
252 0.629598
254 0.630046
255 0.634124
259 0.635708
262 0.636879
263 0.63974
266 0.640716
269 0.643532
270 0.644168
275 0.644478
278 0.646072
296 0.646969
333 0.649375
350 0.649517
353 0.65175
356 0.651961
363 0.653089
373 0.653288
376 0.657386
383 0.657852
398 0.659103
411 0.659138
412 0.660217
429 0.66087
430 0.662134
432 0.663554
436 0.666239
486 0.667966
518 0.668944
525 0.670374
528 0.673529
533 0.674388
534 0.675251
584 0.676707
585 0.677015
604 0.678392
605 0.678705
610 0.678808
615 0.679161
620 0.679325
651 0.67976
662 0.680741
677 0.680927
736 0.681572
747 0.682815
752 0.682978
753 0.685177
772 0.686214
796 0.686857
813 0.688139
832 0.688582
833 0.688972
978 0.689114
992 0.689995
995 0.690077
1015 0.690687
1034 0.691575
1048 0.692172
1078 0.694537
1096 0.69644
1115 0.69711
1215 0.697169
1216 0.697539
1219 0.700139
1222 0.702381
1227 0.705258
1231 0.70624
1269 0.706991
1351 0.707745
1355 0.707817
1363 0.707926
1395 0.70842
1518 0.709675
1532 0.710367
1625 0.710542
1644 0.711241
1697 0.71163
2112 0.712109
2343 0.712604
2809 0.71295
3296 0.713771
3360 0.714392
3631 0.714912
3946 0.715988
4184 0.715994
4213 0.71644
4708 0.716554
