0 0.505129
1 0.507896
3 0.509351
7 0.5112
9 0.512058
10 0.518938
11 0.523337
13 0.524343
16 0.525968
19 0.529506
20 0.531244
23 0.531871
28 0.533805
31 0.534371
37 0.535447
39 0.536248
41 0.537729
42 0.538288
56 0.539937
60 0.542076
61 0.542201
62 0.544622
72 0.546334
77 0.548606
80 0.55116
84 0.552964
88 0.553541
90 0.554046
94 0.557694
102 0.559434
107 0.561959
108 0.563205
110 0.564146
112 0.565556
115 0.565903
116 0.56837
118 0.568584
127 0.569597
132 0.574512
134 0.57783
137 0.578385
138 0.579247
140 0.579342
142 0.581835
144 0.582968
145 0.58701
147 0.590576
154 0.591597
158 0.592132
167 0.596202
178 0.597264
193 0.59852
201 0.5987
208 0.601538
210 0.603312
211 0.603739
215 0.603921
236 0.606398
238 0.607981
242 0.608452
245 0.609033
252 0.610391
254 0.612125
256 0.615481
259 0.615796
263 0.616955
264 0.620587
267 0.626362
274 0.626868
277 0.627081
280 0.62721
282 0.628559
284 0.628676
287 0.629038
294 0.629305
303 0.631712
309 0.633838
314 0.634122
326 0.638095
336 0.638544
339 0.639333
340 0.642009
345 0.643476
348 0.643556
354 0.643779
357 0.644074
358 0.6448
370 0.645561
372 0.64869
387 0.649964
389 0.650309
405 0.653186
414 0.653528
415 0.65498
428 0.656477
433 0.656647
442 0.657117
446 0.657321
447 0.657794
453 0.657906
467 0.658514
481 0.660808
535 0.660905
540 0.661011
549 0.664015
561 0.665613
573 0.665976
593 0.666819
594 0.666865
632 0.668028
644 0.668038
703 0.66842
720 0.671529
779 0.672663
840 0.673443
850 0.673766
864 0.673767
885 0.674356
886 0.674549
933 0.675651
955 0.675753
956 0.678219
967 0.678612
981 0.678744
998 0.679553
1013 0.680384
1016 0.680615
1027 0.681522
1051 0.681805
1096 0.682062
1151 0.68214
1180 0.683191
1189 0.683559
1229 0.683845
1243 0.684091
1253 0.684466
1262 0.687704
1298 0.689094
1354 0.689755
1377 0.689837
1387 0.690114
1413 0.692002
1507 0.692065
1524 0.69232
1535 0.692816
1560 0.69418
1665 0.694404
1748 0.694648
1761 0.695144
1806 0.695696
1865 0.696687
1903 0.696845
1962 0.69699
1986 0.698693
2224 0.699219
2471 0.700142
2514 0.700467
2516 0.701516
2690 0.701637
2834 0.701861
3013 0.702225
3141 0.702252
3207 0.704445
3305 0.70557
3339 0.705911
3439 0.706337
3611 0.706934
3634 0.707107
3739 0.707377
3777 0.707914
4010 0.708128
4176 0.708612
4268 0.708997
4273 0.70978
4305 0.709919
4307 0.711763
4439 0.7118
4653 0.7124
4837 0.712819
4894 0.713725
4935 0.714325
4999 0.714389
5211 0.714607
5347 0.714973
5475 0.715161
5520 0.715232
5540 0.715327
5541 0.71585
5653 0.716403
5662 0.716696
5816 0.717242
5849 0.717315
5973 0.718961
6103 0.719665
6157 0.72147
6397 0.722939
6691 0.7233
6922 0.723442
