0 0.508429
4 0.515222
6 0.515712
9 0.520164
11 0.520484
13 0.520866
18 0.521529
20 0.524312
21 0.525428
25 0.52667
27 0.527592
28 0.527832
29 0.528193
34 0.528304
35 0.530124
41 0.53098
43 0.532417
44 0.532574
45 0.5349
48 0.534999
50 0.536452
52 0.537611
58 0.541103
59 0.542885
60 0.542933
62 0.546442
64 0.549997
65 0.551467
66 0.55291
71 0.55435
73 0.556918
94 0.5594
97 0.561108
100 0.562333
103 0.56386
105 0.563959
106 0.564528
109 0.56671
117 0.566803
118 0.567548
119 0.569125
125 0.569577
127 0.570357
132 0.570949
139 0.571102
147 0.571588
149 0.574793
153 0.575079
155 0.575932
157 0.576479
167 0.580225
170 0.586051
176 0.588245
178 0.590358
180 0.590548
181 0.590554
183 0.590937
186 0.591854
188 0.59393
199 0.597535
200 0.598989
204 0.600963
209 0.603074
214 0.603931
216 0.607112
220 0.607545
225 0.609851
227 0.611552
231 0.613424
235 0.613621
247 0.614918
251 0.615204
252 0.618014
260 0.619508
266 0.620334
270 0.622298
298 0.623398
308 0.624875
310 0.625417
315 0.626037
318 0.626467
325 0.627612
342 0.629369
349 0.629391
351 0.630765
352 0.63228
355 0.634597
360 0.635781
362 0.637129
381 0.638629
383 0.638707
396 0.641221
399 0.641226
407 0.641585
421 0.641677
423 0.641987
442 0.642495
458 0.644137
469 0.644604
477 0.644848
478 0.646643
479 0.646906
481 0.648596
487 0.648764
489 0.648868
507 0.650145
512 0.652751
522 0.653398
533 0.654536
555 0.658447
556 0.658516
573 0.658844
613 0.660394
621 0.660894
623 0.66151
686 0.663558
688 0.665148
734 0.667686
746 0.667688
759 0.669108
807 0.670386
810 0.671189
815 0.671451
822 0.671487
823 0.671768
824 0.672641
857 0.673072
864 0.673133
902 0.673244
910 0.673287
911 0.674276
931 0.674472
954 0.675624
968 0.676281
1016 0.677126
1021 0.677995
1042 0.678197
1055 0.678506
1078 0.678671
1086 0.681505
1096 0.682452
1112 0.68316
1115 0.6834
1158 0.683512
1196 0.683934
1214 0.684113
1236 0.685375
1252 0.685716
1356 0.68607
1362 0.686886
1399 0.687087
1421 0.689572
1570 0.689854
1586 0.690339
1594 0.691254
1595 0.691864
1606 0.692424
1610 0.693275
1624 0.694347
1654 0.695039
1673 0.695386
1716 0.696008
1801 0.696998
1809 0.697953
1814 0.698092
1853 0.699243
1906 0.699453
1918 0.699613
2017 0.701508
2108 0.701509
2109 0.701709
2111 0.70283
2116 0.703106
2121 0.703309
2214 0.705034
2323 0.705399
2390 0.706219
2486 0.707397
2554 0.707462
2565 0.708778
2625 0.709034
2725 0.710306
2732 0.710836
2939 0.711976
3046 0.71204
3177 0.713766
