0 0.512604
4 0.513079
10 0.516345
11 0.517979
12 0.519687
13 0.522777
14 0.526179
15 0.528407
22 0.529579
24 0.532588
29 0.533889
33 0.535938
38 0.540946
46 0.542635
48 0.544492
50 0.553189
59 0.553779
63 0.556893
66 0.558528
75 0.561003
78 0.561034
79 0.562546
87 0.5657
92 0.566139
97 0.567624
98 0.568704
99 0.568766
102 0.570495
103 0.570848
106 0.571409
107 0.572575
108 0.572599
112 0.573469
113 0.574048
117 0.575393
125 0.575936
135 0.577989
139 0.579576
141 0.580082
144 0.582268
145 0.583749
146 0.584036
148 0.585249
151 0.585749
154 0.587059
158 0.587129
163 0.587905
170 0.588906
189 0.589675
195 0.590845
201 0.590933
204 0.591316
208 0.592037
209 0.594227
216 0.595406
226 0.596505
228 0.597339
230 0.599922
233 0.59995
234 0.602158
238 0.604389
254 0.605051
256 0.605409
261 0.608225
268 0.608509
269 0.610553
275 0.613153
278 0.613884
294 0.61518
295 0.616309
301 0.61639
308 0.616926
314 0.617823
334 0.617896
335 0.619387
336 0.619986
338 0.621301
344 0.623746
377 0.62495
388 0.625189
393 0.625483
403 0.627589
406 0.628494
414 0.628696
415 0.629267
447 0.630179
455 0.630264
467 0.630353
476 0.630702
477 0.631921
485 0.632348
487 0.632883
491 0.632913
504 0.633804
506 0.63476
517 0.63619
520 0.638712
521 0.638786
530 0.642722
532 0.642786
533 0.642875
535 0.643946
547 0.64532
549 0.645742
551 0.646697
558 0.647342
590 0.648345
598 0.65039
622 0.650916
633 0.652593
653 0.65557
663 0.655595
681 0.656787
683 0.658243
695 0.659225
718 0.659705
728 0.659895
744 0.660712
745 0.661045
774 0.662705
778 0.663099
788 0.664218
855 0.664236
874 0.665748
886 0.666493
915 0.667611
925 0.668549
936 0.66878
988 0.669001
1016 0.671122
1018 0.672016
1042 0.672882
1047 0.673067
1069 0.674613
1171 0.675301
1178 0.675687
1186 0.676187
1251 0.676955
1296 0.677026
1302 0.677642
1306 0.681191
1307 0.68152
1334 0.681823
1375 0.683732
1380 0.683743
1385 0.684446
1396 0.685021
1416 0.685595
1441 0.686294
1450 0.687508
1487 0.687863
1504 0.689029
1524 0.689829
1659 0.691018
1729 0.691528
1787 0.694455
1899 0.694503
1916 0.694789
1919 0.695621
1975 0.697876
1977 0.699035
2053 0.699317
2092 0.699857
2114 0.70114
2115 0.703014
2120 0.703208
2280 0.703292
2303 0.703917
2335 0.704241
2548 0.704759
2576 0.704929
2577 0.706507
2785 0.706988
2810 0.707258
2837 0.707344
2875 0.707386
2893 0.708001
2928 0.70802
2986 0.708214
3080 0.70947
3091 0.709661
3095 0.710631
3130 0.711634
3164 0.711975
3178 0.712204
3189 0.713583
3211 0.714038
3286 0.714525
3319 0.714613
3396 0.714771
3472 0.715303
3523 0.715558
3551 0.71646
3618 0.717354
3620 0.717443
3652 0.717683
3660 0.717739
3832 0.718655
3913 0.7191
4005 0.720862
4067 0.721029
4241 0.721985
4412 0.722036
