0 0.499642
1 0.500607
4 0.500607
5 0.503296
8 0.505464
9 0.506025
10 0.510185
12 0.51423
13 0.516634
15 0.519509
22 0.521901
25 0.526258
26 0.527224
29 0.528045
31 0.529181
33 0.529669
35 0.533684
36 0.534163
37 0.534871
39 0.539169
46 0.541437
50 0.542234
55 0.542295
56 0.543942
57 0.548748
58 0.552553
61 0.553314
63 0.555953
71 0.556176
75 0.559168
81 0.562085
82 0.562875
83 0.56613
87 0.566459
92 0.566941
94 0.568172
95 0.568602
100 0.569322
103 0.572488
104 0.575996
107 0.579336
108 0.580592
109 0.580992
112 0.581919
119 0.586821
121 0.587723
128 0.590135
130 0.592292
131 0.593236
132 0.59607
133 0.597482
140 0.598869
141 0.599266
142 0.602549
148 0.60311
154 0.605361
158 0.607262
167 0.609163
170 0.609826
171 0.611424
172 0.612352
180 0.612802
181 0.614607
182 0.615321
196 0.616784
199 0.616865
213 0.619455
222 0.621981
226 0.62214
240 0.622762
251 0.624068
256 0.629526
258 0.629828
261 0.630279
273 0.631422
282 0.631458
292 0.632899
293 0.633208
297 0.634259
301 0.635526
302 0.636928
304 0.637624
323 0.638387
325 0.641359
333 0.642657
341 0.642691
344 0.645427
357 0.645907
367 0.646366
379 0.646677
383 0.646781
411 0.648678
418 0.649051
421 0.65352
434 0.653641
480 0.654292
512 0.655731
518 0.655978
536 0.656335
543 0.657702
577 0.658508
582 0.659038
592 0.661648
623 0.664399
625 0.66496
643 0.66505
649 0.667096
650 0.668643
689 0.669892
696 0.669994
697 0.671147
720 0.672324
772 0.674313
773 0.675536
824 0.675812
825 0.676325
832 0.677167
844 0.677723
877 0.679998
880 0.680387
995 0.680816
1010 0.681176
1034 0.681244
1080 0.682759
1084 0.683137
1092 0.683819
1126 0.683853
1144 0.684789
1181 0.685028
1183 0.685863
1192 0.687046
1279 0.688663
1301 0.689325
1337 0.689333
1482 0.691165
1488 0.691348
1498 0.691455
1620 0.693023
1631 0.693281
1657 0.694201
1662 0.69427
1701 0.696013
1721 0.696114
1762 0.696839
1790 0.698081
1807 0.698199
1810 0.699782
1834 0.702854
1893 0.703311
1910 0.703776
2084 0.706085
2135 0.706318
2156 0.707003
2197 0.707452
2245 0.708097
2471 0.708118
2627 0.708346
2669 0.708395
2704 0.708509
2991 0.708594
3041 0.708824
3194 0.709309
3235 0.709625
3346 0.710698
3545 0.711073
3589 0.712195
3838 0.712948
4022 0.713399
4089 0.71357
4407 0.713657
4438 0.714116
4740 0.714252
4796 0.714599
