0 0.509032
2 0.511969
3 0.514882
4 0.515263
6 0.518729
8 0.518963
9 0.520119
10 0.522971
11 0.523485
12 0.523947
13 0.529066
17 0.529907
24 0.53348
25 0.534886
26 0.535181
27 0.535809
28 0.536091
30 0.537232
31 0.539099
35 0.539494
37 0.543312
43 0.543716
44 0.547087
45 0.551961
51 0.55237
54 0.552465
55 0.553993
56 0.55618
64 0.557219
66 0.557743
67 0.558752
69 0.559577
72 0.56082
73 0.562793
76 0.564276
77 0.565134
79 0.565657
81 0.566099
82 0.567052
88 0.567313
91 0.571037
92 0.571662
93 0.57207
95 0.572422
100 0.573181
102 0.573945
104 0.574156
105 0.575104
109 0.575221
113 0.575391
118 0.578407
125 0.578703
126 0.579467
140 0.581719
150 0.584523
151 0.585196
153 0.586661
162 0.586829
164 0.587555
169 0.58764
171 0.587871
178 0.588155
180 0.588278
185 0.590884
188 0.591168
191 0.591649
194 0.591996
201 0.593879
204 0.594105
206 0.594199
208 0.594742
219 0.595928
222 0.597937
230 0.598749
231 0.59941
232 0.599526
236 0.601317
249 0.603169
253 0.603373
255 0.605866
262 0.608247
263 0.609215
276 0.610711
279 0.61124
299 0.618009
309 0.619817
312 0.621092
314 0.621905
333 0.623321
336 0.626222
341 0.62781
345 0.628199
355 0.628596
360 0.630843
362 0.632229
378 0.632361
383 0.63272
389 0.633508
391 0.633768
413 0.633897
427 0.635425
428 0.635476
440 0.636634
455 0.637567
464 0.639318
482 0.639426
484 0.640947
495 0.642071
515 0.642648
525 0.644241
527 0.644669
535 0.644783
537 0.645181
549 0.645304
600 0.646189
618 0.646907
624 0.64754
631 0.648127
632 0.649272
661 0.651346
669 0.652071
692 0.65348
703 0.655197
709 0.657099
725 0.657794
761 0.658005
765 0.659808
793 0.660516
802 0.661468
808 0.661637
817 0.662696
820 0.663528
827 0.665013
828 0.665044
838 0.665818
864 0.666469
867 0.666748
878 0.667066
888 0.667861
907 0.66869
911 0.671287
960 0.672101
980 0.67247
990 0.676055
996 0.676522
1038 0.676527
1116 0.676894
1121 0.678186
1124 0.678623
1143 0.679172
1154 0.681426
1301 0.681711
1348 0.681875
1426 0.682154
1523 0.682926
1547 0.683091
1564 0.683403
1568 0.684008
1628 0.684643
1704 0.684688
1707 0.685075
1778 0.685547
1785 0.687286
1882 0.688859
1916 0.69051
2156 0.691243
2210 0.692126
2275 0.692315
2348 0.692482
2427 0.692621
2437 0.692801
2498 0.693318
2515 0.694378
2524 0.694746
2585 0.696129
2640 0.696887
2937 0.697419
3432 0.697448
3803 0.698397
3996 0.698932
4136 0.699319
