0 0.497261
1 0.499862
2 0.501987
3 0.504592
6 0.507147
7 0.507258
9 0.508134
10 0.511574
11 0.514522
12 0.516955
17 0.51921
21 0.519324
25 0.520318
27 0.522595
29 0.522857
30 0.524079
31 0.524792
35 0.530808
36 0.533297
37 0.53438
38 0.535625
44 0.537463
45 0.538116
46 0.539223
47 0.54641
52 0.547373
53 0.548507
54 0.552252
60 0.552495
62 0.55364
63 0.55493
64 0.555459
66 0.557325
67 0.558993
69 0.560293
73 0.560399
80 0.560898
81 0.561979
85 0.564674
87 0.567234
93 0.567279
96 0.568641
105 0.569137
113 0.569253
116 0.577019
119 0.579852
122 0.582742
129 0.58559
130 0.587858
134 0.588602
144 0.58892
148 0.591601
154 0.592031
160 0.592602
166 0.593572
173 0.594078
177 0.59488
179 0.595787
183 0.596531
185 0.59656
187 0.599944
188 0.600122
190 0.603288
191 0.603518
195 0.604497
196 0.605396
199 0.606153
200 0.608965
207 0.609531
211 0.609807
213 0.610195
216 0.61096
218 0.612195
230 0.614798
243 0.614833
255 0.616065
257 0.617055
261 0.618566
274 0.619202
278 0.621598
279 0.622149
281 0.622201
285 0.622717
296 0.622934
299 0.624174
302 0.624634
307 0.628479
317 0.629876
327 0.630614
332 0.632656
333 0.632897
337 0.634354
372 0.635
382 0.635239
384 0.635444
395 0.636404
415 0.637409
434 0.639351
438 0.640016
441 0.640046
448 0.641054
449 0.641182
456 0.64153
516 0.641894
519 0.64392
527 0.644458
536 0.646529
546 0.649297
553 0.649358
559 0.652653
561 0.653305
569 0.654359
574 0.654556
579 0.654795
582 0.655564
607 0.655834
611 0.656204
622 0.656575
623 0.656834
637 0.657009
638 0.657092
664 0.66067
666 0.660854
672 0.661717
682 0.662627
709 0.663633
710 0.663768
744 0.664495
748 0.664876
754 0.665285
762 0.667413
769 0.667874
772 0.66936
773 0.669911
786 0.670029
787 0.671362
789 0.672255
791 0.672606
792 0.67303
801 0.673942
808 0.674476
813 0.674582
821 0.675933
840 0.676536
849 0.676703
867 0.677345
874 0.677982
886 0.680181
892 0.681398
919 0.681407
944 0.681857
958 0.682342
977 0.684659
1011 0.684673
1074 0.686148
1104 0.686655
1110 0.686794
1122 0.688401
1162 0.689369
1166 0.6905
1199 0.691927
1200 0.692246
1206 0.692569
1217 0.692746
1299 0.693065
1314 0.693431
1359 0.695332
1477 0.69549
1496 0.69695
1531 0.698137
1627 0.69818
1666 0.699017
1721 0.699676
1728 0.700441
1748 0.700496
1856 0.702026
1887 0.702225
1989 0.702287
2019 0.703354
2025 0.703475
2044 0.70385
2202 0.704197
2239 0.70452
2285 0.704745
2304 0.704856
2428 0.704969
2435 0.705272
2498 0.706397
2517 0.70737
2597 0.707433
2656 0.707574
2664 0.709055
2718 0.709126
2775 0.709221
2783 0.709475
2785 0.710778
2815 0.711834
2963 0.712181
2969 0.712326
3164 0.7143
3186 0.714471
3202 0.714625
3372 0.714969
3420 0.715599
3452 0.71578
3486 0.716461
3562 0.716633
3673 0.716937
3679 0.716984
3776 0.716998
3970 0.717436
4012 0.717585
4122 0.717599
4189 0.718308
4216 0.718648
4378 0.720076
4551 0.720159
4559 0.720592
