0 0.518734
1 0.520694
3 0.520867
4 0.525972
5 0.532226
7 0.534917
9 0.536486
11 0.538259
12 0.539534
16 0.541362
17 0.543126
18 0.54931
21 0.552222
23 0.55353
25 0.554082
26 0.554436
27 0.558079
37 0.559187
45 0.559315
46 0.561831
49 0.563562
59 0.564023
63 0.566259
64 0.566612
67 0.570106
70 0.574279
76 0.575248
78 0.576207
82 0.577074
83 0.578513
87 0.579592
99 0.579787
102 0.581482
104 0.582137
106 0.583935
111 0.585922
119 0.586434
120 0.588965
122 0.590119
130 0.591
135 0.593174
137 0.593414
138 0.59419
142 0.599379
145 0.601994
155 0.603795
159 0.604062
162 0.604353
165 0.604746
168 0.605137
171 0.605821
179 0.607523
185 0.608912
194 0.609313
195 0.610096
206 0.610524
209 0.613275
211 0.614318
217 0.614773
218 0.614879
222 0.616237
228 0.61655
232 0.616943
234 0.618453
241 0.620577
246 0.623836
247 0.624956
262 0.628102
264 0.628456
295 0.630037
301 0.630871
321 0.631374
329 0.632162
352 0.632564
357 0.633659
363 0.635504
364 0.63707
373 0.637688
385 0.638758
386 0.639219
397 0.639405
407 0.640601
412 0.641016
413 0.642159
415 0.642825
421 0.643173
427 0.64326
440 0.643318
448 0.644751
449 0.646137
451 0.646903
456 0.648591
488 0.649381
491 0.651889
529 0.651918
531 0.652107
541 0.652717
565 0.653624
588 0.653691
605 0.65672
623 0.658644
630 0.659652
643 0.659943
663 0.661122
664 0.662317
666 0.66739
680 0.669907
701 0.670626
709 0.671844
768 0.672547
774 0.674173
822 0.674462
829 0.675151
833 0.675469
838 0.676592
841 0.677572
858 0.678904
860 0.679325
868 0.679601
929 0.679998
934 0.681421
983 0.684782
1004 0.685052
1018 0.685689
1034 0.68623
1043 0.687008
1049 0.687624
1107 0.688284
1108 0.689093
1117 0.689102
1147 0.689496
1174 0.68994
1176 0.690357
1227 0.691336
1232 0.692752
1285 0.693312
1288 0.69512
1300 0.695738
1301 0.69578
1306 0.69798
1339 0.698057
1341 0.698993
1358 0.699087
1371 0.699479
1372 0.701261
1374 0.7026
1385 0.703236
1404 0.703253
1406 0.704029
1407 0.705468
1415 0.705703
1422 0.706746
1427 0.708352
1597 0.709315
1604 0.709552
1637 0.709806
1656 0.711556
1787 0.711831
1798 0.712097
1834 0.71389
1976 0.714455
2011 0.714791
2112 0.714883
2153 0.715806
2170 0.716125
2383 0.716501
2440 0.716985
2560 0.717409
2809 0.718362
2860 0.718546
2948 0.719145
2998 0.719361
3071 0.719468
3348 0.719567
3519 0.719714
3605 0.721308
3647 0.721869
3693 0.722627
4092 0.722931
4151 0.723921
4248 0.724128
