0 0.521725
3 0.522772
5 0.528129
6 0.533497
11 0.536618
18 0.537042
23 0.538557
25 0.540771
26 0.545899
30 0.546024
33 0.546773
34 0.547497
35 0.547823
36 0.550389
38 0.550425
39 0.554087
40 0.554351
43 0.557213
44 0.558908
51 0.560639
53 0.562669
55 0.562721
56 0.56408
57 0.567558
58 0.569036
59 0.569574
61 0.569584
62 0.570416
64 0.571183
66 0.571817
68 0.57456
69 0.575373
75 0.576119
77 0.577583
81 0.579529
89 0.581489
92 0.581967
94 0.583271
103 0.585608
112 0.591527
113 0.591982
117 0.593947
124 0.595282
127 0.596812
128 0.597078
131 0.6021
135 0.602718
138 0.604956
141 0.60823
144 0.610588
152 0.610656
154 0.610726
162 0.61102
171 0.61154
183 0.612072
188 0.612329
194 0.614719
198 0.614755
201 0.615376
205 0.616082
207 0.616409
210 0.617814
211 0.619195
213 0.619214
222 0.619372
227 0.619732
232 0.62198
256 0.622442
259 0.62334
261 0.623652
265 0.624056
269 0.625691
275 0.627842
280 0.628947
288 0.629192
291 0.629881
299 0.632308
303 0.632683
316 0.632688
318 0.633702
328 0.635202
335 0.637121
344 0.638316
349 0.639946
354 0.641713
368 0.64323
407 0.644962
419 0.645268
425 0.647752
427 0.64952
434 0.649997
439 0.653417
447 0.653688
461 0.655111
463 0.657947
464 0.660205
465 0.662138
482 0.664181
484 0.664458
498 0.664988
528 0.666218
535 0.666301
579 0.667273
620 0.667331
629 0.667603
634 0.668737
656 0.670363
664 0.670684
667 0.670955
677 0.671528
683 0.671741
687 0.673362
713 0.673499
715 0.674818
721 0.675556
746 0.676479
755 0.67679
756 0.677246
768 0.677651
783 0.6778
789 0.678056
791 0.678071
816 0.679201
831 0.679715
843 0.67997
867 0.680598
877 0.6807
879 0.681084
902 0.681444
921 0.681449
932 0.681706
979 0.682786
999 0.68331
1016 0.683532
1017 0.68377
1105 0.685304
1126 0.68568
1143 0.687539
1147 0.687765
1148 0.688585
1174 0.689193
1180 0.690731
1198 0.69131
1221 0.691732
1225 0.692994
1248 0.693078
1253 0.693605
1262 0.694175
1264 0.695656
1317 0.696102
1323 0.697682
1331 0.69809
1352 0.698367
1374 0.699539
1377 0.699623
1423 0.700284
1425 0.700594
1430 0.701994
1446 0.702042
1450 0.702466
1462 0.703404
1496 0.704064
1505 0.70427
1515 0.704769
1525 0.704903
1550 0.705202
1685 0.706388
1735 0.708518
1766 0.708717
1837 0.708759
1891 0.709858
1910 0.710843
1926 0.71171
1984 0.711869
1997 0.712297
2038 0.71365
2040 0.714071
2055 0.714307
2076 0.714375
2148 0.715752
2152 0.71598
2157 0.717322
2178 0.717525
2246 0.717641
2300 0.717843
2321 0.717989
2387 0.718002
2432 0.718257
2475 0.718541
2489 0.719471
2536 0.720591
2559 0.720915
2584 0.721154
2677 0.721159
2846 0.722454
2925 0.722486
3059 0.723033
3323 0.723317
3520 0.723438
3558 0.723986
3735 0.724076
