0 0.518862
1 0.521048
2 0.521935
3 0.524486
7 0.525063
9 0.527614
10 0.527646
13 0.529368
15 0.529399
16 0.530226
17 0.531354
19 0.531568
20 0.533236
22 0.535807
23 0.536242
26 0.537469
27 0.540386
33 0.540569
35 0.541229
37 0.542503
41 0.542689
42 0.5435
44 0.547607
45 0.551274
46 0.551526
54 0.552448
60 0.554943
65 0.556174
68 0.556316
70 0.557759
71 0.558099
73 0.558382
75 0.560954
82 0.562555
83 0.56709
88 0.569125
92 0.570964
96 0.571104
102 0.571529
105 0.573555
110 0.573581
121 0.573961
122 0.576217
129 0.576918
133 0.578296
140 0.580205
141 0.581393
146 0.582223
152 0.582228
166 0.583545
177 0.5839
183 0.584058
185 0.584372
192 0.587692
193 0.588135
198 0.588447
202 0.589866
203 0.590497
212 0.591619
213 0.594068
220 0.59506
221 0.595077
227 0.597872
234 0.598213
239 0.600016
246 0.601454
247 0.601752
253 0.605555
254 0.605824
266 0.606742
271 0.606819
274 0.608923
279 0.610379
280 0.612809
284 0.613524
287 0.617428
290 0.617511
317 0.617642
323 0.618576
335 0.618872
337 0.622416
338 0.625498
345 0.627869
348 0.628135
352 0.628388
353 0.629022
357 0.631535
359 0.63325
362 0.63371
371 0.63465
376 0.635305
379 0.636758
386 0.636804
397 0.639621
402 0.641699
404 0.642045
408 0.642744
430 0.643624
437 0.643823
452 0.644287
463 0.644463
467 0.644748
470 0.648625
477 0.648753
479 0.65002
507 0.651906
511 0.652273
518 0.652519
531 0.655265
552 0.656107
555 0.656566
560 0.657819
570 0.658785
572 0.658953
578 0.662093
582 0.662867
606 0.662951
608 0.663
623 0.664212
657 0.664814
724 0.665141
740 0.665648
754 0.666192
755 0.666425
769 0.666778
777 0.668713
788 0.672829
803 0.672978
810 0.67467
811 0.674677
828 0.677285
847 0.679454
861 0.682051
928 0.682806
941 0.683131
964 0.685505
987 0.686592
1011 0.686651
1042 0.687053
1134 0.689627
1213 0.689656
1228 0.690594
1238 0.691109
1282 0.691489
1288 0.693499
1314 0.693816
1325 0.693921
1344 0.694125
1409 0.69418
1414 0.695523
1493 0.696104
1512 0.696215
1553 0.696871
1571 0.697174
1577 0.697715
1615 0.698082
1668 0.699024
1673 0.699219
1697 0.69976
1724 0.700124
1754 0.701328
1760 0.702193
1764 0.702765
1808 0.704545
1834 0.706458
1845 0.707403
1855 0.707522
1885 0.710162
1970 0.710765
1979 0.71186
2029 0.71197
2066 0.712463
2085 0.712895
2097 0.71305
2154 0.713606
2321 0.713627
2370 0.713628
2377 0.714482
2421 0.715007
2496 0.715906
2511 0.716161
2548 0.716589
2593 0.716879
2694 0.717545
2820 0.717768
3040 0.718024
3107 0.718593
3210 0.719101
3280 0.719702
3316 0.720954
3360 0.721878
3363 0.722448
3381 0.722526
3428 0.723561
3472 0.723782
3798 0.723929
3806 0.7248
4104 0.724857
4549 0.725074
4854 0.725793
5056 0.726227
5088 0.727095
5164 0.728072
5236 0.729001
5712 0.729265
5769 0.729645
6234 0.729898
