0 0.486982
2 0.488856
3 0.490405
5 0.497363
6 0.499552
7 0.50268
8 0.505509
10 0.50601
11 0.507282
12 0.510724
13 0.51133
20 0.512137
21 0.514148
22 0.516105
24 0.516766
25 0.516952
30 0.518321
31 0.520648
34 0.524018
35 0.525201
37 0.526346
39 0.527576
40 0.528298
41 0.531366
42 0.533985
43 0.534349
54 0.535712
58 0.536557
60 0.53656
66 0.536742
69 0.537233
71 0.543494
73 0.543551
74 0.544693
76 0.548664
77 0.548676
80 0.548764
82 0.54955
85 0.550129
87 0.55098
90 0.554684
91 0.555378
92 0.556387
93 0.559785
94 0.562625
95 0.563241
103 0.56401
109 0.565025
116 0.566282
118 0.566832
126 0.567134
132 0.569669
138 0.571902
141 0.571913
150 0.574306
156 0.574864
158 0.576428
161 0.576966
167 0.57735
175 0.579076
192 0.581225
198 0.58242
199 0.586098
205 0.587552
207 0.587707
209 0.589384
220 0.591094
226 0.591661
229 0.593646
230 0.594246
232 0.594574
233 0.594705
241 0.596374
258 0.59763
275 0.600646
278 0.601526
279 0.601986
285 0.606919
295 0.609681
298 0.611335
305 0.61135
327 0.613589
328 0.615986
333 0.616727
337 0.617534
344 0.617647
347 0.625249
357 0.626165
368 0.62814
377 0.629071
391 0.629097
393 0.629455
394 0.62995
395 0.631598
398 0.632255
405 0.633239
416 0.633299
424 0.635595
432 0.6376
459 0.638596
471 0.640261
474 0.641542
481 0.643195
487 0.643369
503 0.64539
506 0.646837
514 0.649096
524 0.650256
541 0.650957
543 0.651125
551 0.65155
570 0.652192
585 0.653199
588 0.653382
591 0.653529
596 0.655409
602 0.658114
611 0.659916
622 0.661841
625 0.662992
638 0.664357
644 0.66526
670 0.665779
692 0.666185
700 0.666841
714 0.669665
722 0.670531
744 0.672357
751 0.673278
763 0.673988
786 0.674074
805 0.674922
819 0.675325
842 0.676268
847 0.676363
851 0.677336
864 0.677994
870 0.679877
873 0.680151
875 0.682432
899 0.682461
956 0.682845
967 0.685156
970 0.685414
1029 0.685433
1043 0.687029
1046 0.687895
1073 0.689073
1099 0.689724
1141 0.690067
1180 0.691759
1184 0.693596
1192 0.693897
1265 0.694135
1266 0.694819
1304 0.697567
1308 0.698293
1339 0.698892
1354 0.69915
1391 0.699662
1402 0.699816
1409 0.700023
1421 0.700047
1448 0.700053
1522 0.700909
1528 0.700985
1552 0.70123
1554 0.702652
1555 0.703474
1565 0.703616
1598 0.703664
1613 0.704085
1636 0.704165
1665 0.705341
1716 0.705724
1780 0.706349
1855 0.706724
1872 0.706733
1892 0.707169
1896 0.70748
2095 0.707741
2096 0.708531
2106 0.708596
2219 0.710242
2254 0.711772
2473 0.712697
2521 0.713243
2614 0.713437
2657 0.713501
2744 0.714711
2810 0.714771
2817 0.715075
2825 0.71613
2906 0.716446
2945 0.717591
2971 0.717598
3065 0.718036
3340 0.719471
3360 0.720259
3534 0.720744
3978 0.721337
