0 0.497147
2 0.497868
6 0.502275
7 0.503299
10 0.507162
12 0.508153
13 0.51007
17 0.510991
18 0.513228
21 0.516614
22 0.519564
24 0.520256
27 0.520946
28 0.521693
29 0.522604
31 0.524949
32 0.525645
35 0.526456
44 0.528705
45 0.530669
48 0.532752
50 0.534864
56 0.53527
60 0.53638
62 0.538994
66 0.539476
68 0.541741
75 0.543522
77 0.546064
78 0.549167
79 0.552623
81 0.553235
83 0.553894
86 0.555737
87 0.556983
89 0.558604
92 0.56072
93 0.561124
101 0.563017
105 0.563627
111 0.563872
113 0.564423
114 0.56671
115 0.569002
116 0.571417
117 0.573586
119 0.57359
120 0.57449
125 0.574995
130 0.575656
132 0.577149
133 0.57716
134 0.577826
137 0.580682
139 0.582225
149 0.583316
153 0.58388
157 0.583919
159 0.585668
164 0.587066
170 0.588774
172 0.589717
173 0.5919
180 0.59206
181 0.593248
182 0.59349
186 0.593734
189 0.597988
200 0.600372
203 0.602611
209 0.603695
218 0.605619
250 0.60701
252 0.607094
260 0.607983
264 0.608122
268 0.613589
278 0.61664
281 0.617588
289 0.618611
292 0.619282
293 0.620848
296 0.62149
302 0.621762
309 0.621952
322 0.623987
328 0.6245
334 0.625243
338 0.628011
357 0.628917
368 0.63104
371 0.631711
390 0.632816
401 0.632841
426 0.635055
427 0.635731
435 0.637177
441 0.637454
467 0.641075
469 0.644227
483 0.646108
487 0.646989
497 0.649163
505 0.649435
548 0.651267
580 0.652987
582 0.655127
627 0.655508
668 0.656225
689 0.656732
704 0.656871
736 0.657924
754 0.65871
776 0.659435
809 0.659535
817 0.660348
830 0.661608
844 0.66317
853 0.663326
897 0.664514
901 0.664573
904 0.664603
927 0.665339
933 0.666486
953 0.669305
955 0.670926
966 0.671534
997 0.671766
1076 0.672125
1078 0.672186
1109 0.67326
1110 0.67533
1114 0.675538
1149 0.676216
1163 0.677551
1166 0.678757
1215 0.679044
1266 0.680412
1275 0.68048
1300 0.680609
1305 0.681373
1490 0.682221
1501 0.682293
1530 0.6824
1569 0.682534
1597 0.68259
1632 0.68273
1663 0.683384
1728 0.684714
1734 0.685234
1760 0.685466
1771 0.686446
1787 0.687886
1813 0.689716
1881 0.69025
1918 0.690685
1921 0.692335
1922 0.692963
1984 0.693195
2023 0.693867
2099 0.69393
2127 0.695095
2129 0.696014
2181 0.696338
2204 0.696395
2217 0.697022
2228 0.697999
2292 0.701869
2323 0.70336
2494 0.704916
2532 0.707218
2582 0.707927
2585 0.708022
2636 0.708086
2688 0.708912
2856 0.709541
2915 0.709619
3008 0.71053
3076 0.711731
3084 0.712402
3124 0.714135
3141 0.714302
3188 0.714576
3321 0.715988
3328 0.71639
3334 0.717039
3394 0.717996
3436 0.718533
3588 0.719336
3787 0.720049
