0 0.494804
5 0.496324
7 0.498206
9 0.498231
11 0.501168
12 0.504687
13 0.508736
16 0.510346
22 0.513921
23 0.515989
24 0.520332
25 0.522465
27 0.522899
33 0.525492
35 0.525657
36 0.528752
37 0.531776
39 0.533895
41 0.534621
42 0.536604
43 0.53699
46 0.539238
47 0.539749
52 0.540827
55 0.541682
56 0.544372
58 0.548937
65 0.553207
67 0.556756
69 0.557534
71 0.559992
74 0.560472
77 0.565827
82 0.567485
84 0.568029
85 0.569678
87 0.574721
88 0.575509
95 0.577622
99 0.578984
104 0.58109
105 0.582183
107 0.584722
114 0.586584
115 0.587368
122 0.589827
132 0.58991
133 0.590082
134 0.591093
139 0.593799
140 0.594328
158 0.59512
160 0.598709
169 0.601736
172 0.602905
177 0.604672
178 0.604693
180 0.605131
182 0.606221
187 0.60757
196 0.611005
204 0.612186
227 0.613394
241 0.614648
244 0.61671
264 0.617172
290 0.617298
306 0.619498
315 0.620366
317 0.622986
333 0.623138
352 0.624169
355 0.629075
361 0.630039
363 0.630272
368 0.630562
373 0.631925
381 0.634108
382 0.634169
392 0.635168
411 0.635182
446 0.638096
456 0.639346
461 0.640468
471 0.642107
487 0.642138
488 0.643845
519 0.644197
520 0.644622
584 0.645705
585 0.647559
588 0.647998
603 0.649594
611 0.652001
647 0.655176
652 0.656615
692 0.656621
716 0.656934
722 0.656996
723 0.658326
728 0.658556
745 0.658806
794 0.659016
818 0.659741
824 0.659973
827 0.661097
833 0.661546
837 0.661981
852 0.663158
859 0.664222
897 0.665297
964 0.66547
970 0.667742
975 0.668262
1008 0.66892
1028 0.669109
1041 0.670115
1047 0.670135
1056 0.671595
1071 0.672834
1074 0.672948
1165 0.675173
1207 0.675774
1217 0.677004
1228 0.678001
1252 0.679096
1257 0.679462
1258 0.680024
1259 0.680086
1292 0.68343
1320 0.683706
1333 0.684913
1342 0.686341
1347 0.687936
1360 0.689123
1363 0.689666
1366 0.690089
1474 0.690297
1495 0.690401
1551 0.690967
1578 0.691475
1583 0.691847
1653 0.69449
1693 0.694771
1740 0.694955
1859 0.695148
1960 0.695406
1965 0.695645
1973 0.696558
2038 0.696743
2063 0.698041
2067 0.698978
2234 0.699151
2529 0.699643
2656 0.701134
2673 0.701155
2775 0.701157
2849 0.701467
3014 0.701499
3040 0.702298
3107 0.703197
3150 0.703564
3401 0.703608
3439 0.703878
3527 0.704437
3582 0.704852
3720 0.705211
3798 0.705366
3947 0.706369
4152 0.707936
4185 0.707952
4526 0.709247
4831 0.709449
5058 0.709539
5154 0.710136
5200 0.710853
5420 0.711228
5735 0.711457
5926 0.712264
6205 0.712756
6235 0.712819
6545 0.712909
6567 0.713067
6842 0.713208
6989 0.713328
7067 0.714308
7301 0.714506
7380 0.714538
7634 0.715783
