0 0.516776
1 0.517318
5 0.523049
10 0.52761
14 0.527666
15 0.527973
17 0.531564
19 0.53283
21 0.535002
22 0.538864
23 0.538957
24 0.539148
25 0.539264
26 0.539463
30 0.54061
34 0.542178
35 0.543684
36 0.54484
37 0.546402
40 0.54947
44 0.549786
46 0.550299
47 0.552996
48 0.554147
49 0.555372
51 0.556334
53 0.557941
54 0.558008
55 0.559363
57 0.559915
62 0.561405
63 0.562029
65 0.563528
67 0.564705
68 0.566496
80 0.566684
81 0.567572
82 0.567776
85 0.568712
88 0.56954
89 0.570526
92 0.570915
95 0.57199
97 0.575456
98 0.575688
100 0.575988
104 0.576243
114 0.577183
115 0.577665
130 0.57909
132 0.580453
135 0.580976
144 0.581425
145 0.581497
148 0.581704
153 0.584907
157 0.586048
158 0.586076
159 0.588157
161 0.588805
162 0.590326
165 0.590985
167 0.592129
170 0.593745
182 0.593946
186 0.595425
193 0.599607
195 0.601029
203 0.601474
208 0.603643
211 0.60637
213 0.606808
223 0.608439
225 0.610827
230 0.610946
236 0.612516
253 0.61398
269 0.618518
271 0.618785
281 0.623349
305 0.626014
315 0.626322
325 0.626744
326 0.628018
328 0.630275
345 0.63229
351 0.635477
352 0.636483
362 0.636817
382 0.638135
393 0.638666
400 0.638716
403 0.640301
412 0.64052
415 0.642801
445 0.643049
451 0.643157
462 0.644177
474 0.64575
488 0.646176
494 0.648706
501 0.649251
546 0.649756
559 0.654795
571 0.657177
574 0.658892
583 0.659128
588 0.659476
602 0.661074
603 0.662902
668 0.664434
679 0.664682
696 0.666515
709 0.666796
719 0.666839
728 0.668917
774 0.669433
795 0.670077
813 0.670437
848 0.670834
862 0.671187
868 0.672367
869 0.67253
896 0.674131
897 0.674376
903 0.674725
943 0.676106
953 0.676347
954 0.676616
981 0.67733
1003 0.677643
1052 0.67877
1074 0.678959
1101 0.680947
1112 0.681955
1133 0.683167
1167 0.683429
1168 0.684537
1217 0.687237
1257 0.687441
1298 0.688463
1309 0.689474
1321 0.689519
1334 0.691399
1368 0.691929
1423 0.692971
1430 0.69405
1447 0.69592
1460 0.69665
1502 0.697104
1523 0.69747
1562 0.697821
1566 0.698775
1589 0.698874
1629 0.698991
1646 0.700224
1686 0.701005
1781 0.703679
1802 0.707799
1818 0.708364
1846 0.709063
1878 0.709148
1998 0.710181
2048 0.711018
2079 0.712582
2100 0.713669
2277 0.714889
2279 0.71496
2382 0.714967
2419 0.71529
2476 0.715519
2486 0.715913
2510 0.716455
