0 0.49338458
256 0.50188616
512 0.50913067
768 0.51577101
1024 0.52199053
1280 0.52781453
1536 0.53330054
1792 0.53849674
2048 0.54344413
2304 0.54820929
2560 0.55279005
2816 0.55719279
3072 0.56145735
3328 0.56555377
3584 0.56961671
3840 0.57359308
4096 0.5774381
4352 0.58116414
4608 0.58476187
4864 0.58832767
5120 0.59177762
5376 0.59514367
5632 0.5984194
5888 0.60166576
6144 0.60476323
6400 0.60782639
6656 0.61088601
6912 0.61381782
7168 0.61675923
7424 0.61962452
7680 0.62238738
7936 0.62507267
8192 0.62767092
8448 0.63018408
8704 0.63273188
8960 0.63511288
9216 0.63743554
9472 0.63978349
9728 0.64204128
9984 0.64423233
10240 0.64636466
10496 0.64857154
10752 0.65063119
11008 0.65260237
11264 0.65456581
11520 0.65653062
11776 0.65848351
12032 0.66033022
12288 0.66209991
12544 0.66374968
12800 0.66560772
13056 0.66723402
13312 0.66883091
13568 0.67044676
13824 0.6719561
14080 0.67343895
14336 0.674838
14592 0.67629269
14848 0.67758408
15104 0.67884279
15360 0.68011694
15616 0.68142964
15872 0.6826249
16128 0.68389813
16384 0.68510738
16640 0.68626474
16896 0.68739916
17152 0.68855483
17408 0.6896535
17664 0.69071354
17920 0.69163197
18176 0.69264633
18432 0.69359238
18688 0.69456984
18944 0.69553773
19200 0.69654818
19456 0.69728912
19712 0.69808198
19968 0.69888805
20224 0.69981556
20480 0.70063813
20736 0.7012622
20992 0.70188244
21248 0.7025219
21504 0.70314572
21760 0.70379335
22016 0.7043141
22272 0.70475718
22528 0.70527525
22784 0.70569217
23040 0.70611047
23296 0.70660695
23552 0.7070128
23808 0.70741762
24064 0.70762709
24320 0.70792987
24576 0.70818664
24832 0.70839733
25088 0.70854784
25344 0.70875103
25600 0.70880624
25856 0.70895502
26112 0.70901556
26368 0.70910408
26624 0.70911974
26880 0.70918201
27136 0.70920953
27392 0.70923391
27648 0.70924376
27904 0.70924687
28160 0.70924885
28416 0.70928338
28672 0.70929337
28928 0.70929447
29184 0.7093129
29440 0.70932027
29696 0.70934458
29952 0.70934848
30208 0.70937943
30464 0.70939008
30720 0.70940045
30976 0.70940327
31232 0.70940339
