0 0.48763
256 0.494312
512 0.500882
768 0.507189
1024 0.51342
1280 0.519496
1536 0.52555
1792 0.531507
2048 0.537205
2304 0.542459
2560 0.547315
2816 0.55206
3072 0.556629
3328 0.561134
3584 0.565558
3840 0.569644
4096 0.573653
4352 0.577585
4608 0.581202
4864 0.584759
5120 0.588278
5376 0.59149
5632 0.594557
5888 0.597509
6144 0.600461
6400 0.603287
6656 0.606091
6912 0.608813
7168 0.611479
7424 0.614089
7680 0.617541
7936 0.620119
8192 0.622597
8448 0.625029
8704 0.627448
8960 0.629744
9216 0.631917
9472 0.634083
9728 0.636241
9984 0.638367
10240 0.640354
10496 0.642312
10752 0.644228
11008 0.646077
11264 0.647872
11520 0.650042
11776 0.651795
12032 0.653514
12288 0.657098
12544 0.658792
12800 0.660343
13056 0.661839
13312 0.663101
13568 0.66435
13824 0.665523
14080 0.666657
14336 0.667731
14592 0.668797
14848 0.670111
15104 0.671155
15360 0.672182
15616 0.673169
15872 0.674119
16128 0.67566
16384 0.677251
16640 0.678159
16896 0.679019
17152 0.679868
17408 0.68071
17664 0.681532
17920 0.682267
18176 0.683419
18432 0.68415
18688 0.68485
18944 0.687315
19200 0.688154
19456 0.688828
19712 0.689659
19968 0.690234
20224 0.690764
20480 0.692439
20736 0.692904
20992 0.693327
21248 0.694214
21504 0.695053
21760 0.697924
22016 0.69831
22272 0.698685
22528 0.699058
22784 0.69939
23040 0.699713
23296 0.699935
23552 0.700122
23808 0.700304
24064 0.700389
24320 0.700458
24576 0.700471
