0 0.485679
256 0.495293
512 0.502343
768 0.508673
1024 0.513981
1280 0.520309
1536 0.525431
1792 0.530508
2048 0.535364
2304 0.539974
2560 0.544381
2816 0.548745
3072 0.552936
3328 0.557064
3584 0.561041
3840 0.564946
4096 0.568758
4352 0.572391
4608 0.575986
4864 0.579577
5120 0.582914
5376 0.586158
5632 0.589194
5888 0.592145
6144 0.594913
6400 0.597604
6656 0.600199
6912 0.602781
7168 0.60533
7424 0.608892
7680 0.611425
7936 0.613897
8192 0.617038
8448 0.619509
8704 0.621923
8960 0.624256
9216 0.626559
9472 0.628826
9728 0.631044
9984 0.633325
10240 0.635405
10496 0.63738
10752 0.639298
11008 0.64119
11264 0.643082
11520 0.644873
11776 0.647052
12032 0.648788
12288 0.650414
12544 0.651888
12800 0.655131
13056 0.657126
13312 0.658572
13568 0.66186
13824 0.663372
14080 0.664788
14336 0.666159
14592 0.66751
14848 0.668709
15104 0.669792
15360 0.670789
15616 0.67174
15872 0.672652
16128 0.673513
16384 0.674316
16640 0.675117
16896 0.675897
17152 0.676677
17408 0.677439
17664 0.679518
17920 0.680718
18176 0.68134
18432 0.681945
18688 0.682514
18944 0.683823
19200 0.687129
19456 0.688173
19712 0.688804
19968 0.689348
20224 0.68979
20480 0.691195
20736 0.694272
20992 0.696478
21248 0.698022
21504 0.698425
21760 0.6988
22016 0.699086
22272 0.702984
22528 0.703267
22784 0.703721
23040 0.704748
23296 0.706028
23552 0.706309
23808 0.706584
24064 0.707562
24320 0.709641
24576 0.709913
24832 0.710154
25088 0.710825
25344 0.712782
25600 0.71292
25856 0.713001
26112 0.713669
26368 0.713735
26624 0.713744
