0 0.471271
256 0.479708
512 0.48754
768 0.49396
1024 0.502955
1280 0.509065
1536 0.514839
1792 0.520322
2048 0.525459
2304 0.530427
2560 0.534986
2816 0.539506
3072 0.54402
3328 0.548511
3584 0.552608
3840 0.556269
4096 0.55987
4352 0.563265
4608 0.566675
4864 0.57002
5120 0.573361
5376 0.576578
5632 0.57979
5888 0.582954
6144 0.586047
6400 0.589024
6656 0.591995
6912 0.594866
7168 0.597659
7424 0.600359
7680 0.602964
7936 0.60553
8192 0.607897
8448 0.610233
8704 0.612563
8960 0.614614
9216 0.616976
9472 0.619022
9728 0.621057
9984 0.623661
10240 0.625622
10496 0.627572
10752 0.629491
11008 0.633029
11264 0.634895
11520 0.636733
11776 0.64071
12032 0.642523
12288 0.644136
12544 0.645735
12800 0.6482
13056 0.650376
13312 0.651917
13568 0.653436
13824 0.654943
14080 0.656432
14336 0.659324
14592 0.660802
14848 0.662265
15104 0.663987
15360 0.665425
15616 0.666844
15872 0.668147
16128 0.669425
16384 0.670626
16640 0.672402
16896 0.673539
17152 0.674673
17408 0.679036
17664 0.680171
17920 0.68284
18176 0.684798
18432 0.686146
18688 0.687263
18944 0.688344
19200 0.68942
19456 0.690459
19712 0.691462
19968 0.692241
20224 0.692994
20480 0.694233
20736 0.694924
20992 0.695812
21248 0.696495
21504 0.696989
21760 0.697479
22016 0.697949
22272 0.700886
22528 0.701345
22784 0.701775
23040 0.702199
23296 0.703715
23552 0.705149
23808 0.706774
24064 0.707621
24320 0.709584
24576 0.709987
24832 0.710376
25088 0.710662
25344 0.71456
25600 0.714624
