0 0.512438
256 0.521585
512 0.529985
768 0.537059
1024 0.543136
1280 0.548635
1536 0.553882
1792 0.558859
2048 0.563723
2304 0.568237
2560 0.57273
2816 0.576873
3072 0.581008
3328 0.585139
3584 0.589147
3840 0.593034
4096 0.596529
4352 0.599967
4608 0.603312
4864 0.606648
5120 0.609911
5376 0.613739
5632 0.616985
5888 0.620219
6144 0.622987
6400 0.625746
6656 0.628467
6912 0.631162
7168 0.633811
7424 0.636443
7680 0.639069
7936 0.641501
8192 0.643844
8448 0.646176
8704 0.648497
8960 0.650614
9216 0.652653
9472 0.654883
9728 0.657345
9984 0.65932
10240 0.661238
10496 0.664009
10752 0.66573
11008 0.6674
11264 0.669575
11520 0.671207
11776 0.672638
12032 0.6755
12288 0.678416
12544 0.679787
12800 0.68115
13056 0.682495
13312 0.685198
13568 0.686436
13824 0.687643
14080 0.688849
14336 0.690055
14592 0.691228
14848 0.692364
15104 0.693479
15360 0.694586
15616 0.69554
15872 0.697583
16128 0.69948
16384 0.700416
16640 0.701253
16896 0.702074
17152 0.702765
17408 0.703711
17664 0.704372
17920 0.705003
18176 0.705573
18432 0.705994
18688 0.706356
18944 0.70664
19200 0.707128
19456 0.707351
19712 0.707538
19968 0.707673
20224 0.707742
20480 0.707809
20736 0.70783
20992 0.707841
