0 0.480832
256 0.491664
512 0.498903
768 0.505684
1024 0.511338
1280 0.516258
1536 0.521417
1792 0.526254
2048 0.531075
2304 0.535258
2560 0.539261
2816 0.543225
3072 0.547188
3328 0.550975
3584 0.554735
3840 0.558354
4096 0.561908
4352 0.565383
4608 0.568857
4864 0.572316
5120 0.575553
5376 0.578541
5632 0.581485
5888 0.584413
6144 0.587329
6400 0.590187
6656 0.593774
6912 0.596591
7168 0.599323
7424 0.601952
7680 0.60455
7936 0.607127
8192 0.609668
8448 0.612077
8704 0.614797
8960 0.616804
9216 0.618791
9472 0.620609
9728 0.622412
9984 0.62596
10240 0.627748
10496 0.630375
10752 0.63215
11008 0.633916
11264 0.635665
11520 0.63736
11776 0.639041
12032 0.640681
12288 0.642299
12544 0.643864
12800 0.64536
13056 0.646808
13312 0.64914
13568 0.650548
13824 0.651912
14080 0.653107
14336 0.654301
14592 0.655784
14848 0.658487
15104 0.659563
15360 0.66063
15616 0.661669
15872 0.662664
16128 0.66437
16384 0.665444
16640 0.666394
16896 0.667315
17152 0.668192
17408 0.669052
17664 0.669895
17920 0.670699
18176 0.671501
18432 0.672229
18688 0.675198
18944 0.676917
19200 0.680501
19456 0.681153
19712 0.681802
19968 0.68242
20224 0.682881
20480 0.683878
20736 0.684302
20992 0.685283
21248 0.685744
21504 0.686104
21760 0.687559
22016 0.687902
22272 0.689116
22528 0.689444
22784 0.689697
23040 0.690115
23296 0.690281
23552 0.690435
23808 0.690573
24064 0.690681
24320 0.690784
24576 0.692747
24832 0.692848
25088 0.695685
25344 0.695771
25600 0.695845
25856 0.699267
26112 0.699325
26368 0.703118
26624 0.70333
26880 0.703333
