0 0.465641
256 0.474414
512 0.482009
768 0.488986
1024 0.495739
1280 0.502392
1536 0.508604
1792 0.513851
2048 0.518953
2304 0.523835
2560 0.528641
2816 0.533323
3072 0.538004
3328 0.54265
3584 0.547159
3840 0.551587
4096 0.555855
4352 0.561413
4608 0.565501
4864 0.569486
5120 0.573405
5376 0.577315
5632 0.58091
5888 0.584479
6144 0.58956
6400 0.593047
6656 0.597971
6912 0.601361
7168 0.604618
7424 0.607719
7680 0.610817
7936 0.613904
8192 0.616804
8448 0.619621
8704 0.622262
8960 0.624876
9216 0.627829
9472 0.630426
9728 0.633003
9984 0.635542
10240 0.638044
10496 0.640253
10752 0.642419
11008 0.644552
11264 0.646464
11520 0.648199
11776 0.65116
12032 0.65289
12288 0.654597
12544 0.656301
12800 0.657947
13056 0.65956
13312 0.661141
13568 0.663574
13824 0.665153
14080 0.666695
14336 0.667933
14592 0.669086
14848 0.670238
15104 0.671385
15360 0.672521
15616 0.673638
15872 0.674709
16128 0.675713
16384 0.677339
16640 0.678337
16896 0.679291
17152 0.682725
17408 0.683662
17664 0.684595
17920 0.68551
18176 0.686418
18432 0.687231
18688 0.688033
18944 0.688809
19200 0.689499
19456 0.691578
19712 0.692261
19968 0.692944
20224 0.693622
20480 0.695064
20736 0.695714
20992 0.696336
21248 0.696844
21504 0.699264
21760 0.699729
22016 0.700175
22272 0.700578
22528 0.702961
22784 0.703363
23040 0.70366
23296 0.703886
23552 0.705661
23808 0.707525
24064 0.707746
24320 0.707934
24576 0.708044
24832 0.708853
25088 0.709016
25344 0.70911
25600 0.709196
25856 0.709282
26112 0.709348
