0 0.482865
256 0.493815
512 0.500896
768 0.507065
1024 0.51308
1280 0.519042
1536 0.524934
1792 0.529934
2048 0.534616
2304 0.539244
2560 0.543861
2816 0.548201
3072 0.553141
3328 0.557157
3584 0.561148
3840 0.565135
4096 0.569105
4352 0.572971
4608 0.576752
4864 0.579996
5120 0.583229
5376 0.586429
5632 0.589565
5888 0.59358
6144 0.597029
6400 0.600289
6656 0.603317
6912 0.606301
7168 0.60918
7424 0.611717
7680 0.614236
7936 0.616656
8192 0.619035
8448 0.621356
8704 0.62366
8960 0.625869
9216 0.628071
9472 0.630246
9728 0.632389
9984 0.634516
10240 0.636269
10496 0.637996
10752 0.6397
11008 0.641318
11264 0.645441
11520 0.646949
11776 0.648357
12032 0.649763
12288 0.651137
12544 0.652508
12800 0.653858
13056 0.655176
13312 0.656485
13568 0.657716
13824 0.65926
14080 0.660445
14336 0.661917
14592 0.664807
14848 0.665972
15104 0.667069
15360 0.66843
15616 0.670056
15872 0.671115
16128 0.672162
16384 0.674532
16640 0.67554
16896 0.676507
17152 0.677437
17408 0.679104
17664 0.680646
17920 0.681546
18176 0.682399
18432 0.68324
18688 0.68402
18944 0.684796
19200 0.685479
19456 0.686053
19712 0.688523
19968 0.690729
20224 0.691298
20480 0.691839
20736 0.69291
20992 0.6934
21248 0.693869
21504 0.694317
21760 0.69592
22016 0.697237
22272 0.697644
22528 0.698048
22784 0.698439
23040 0.698812
23296 0.699138
23552 0.699279
23808 0.702798
24064 0.702864
24320 0.702886
24576 0.702898
24832 0.703258
25088 0.704713
