0 0.489818
256 0.497105
512 0.503863
768 0.510587
1024 0.517038
1280 0.523104
1536 0.528987
1792 0.534807
2048 0.540271
2304 0.545628
2560 0.551071
2816 0.556343
3072 0.561586
3328 0.566657
3584 0.571509
3840 0.576127
4096 0.580261
4352 0.584388
4608 0.588419
4864 0.592108
5120 0.595676
5376 0.59917
5632 0.602578
5888 0.605936
6144 0.609251
6400 0.612495
6656 0.615587
6912 0.618642
7168 0.621668
7424 0.624568
7680 0.627268
7936 0.629868
8192 0.63244
8448 0.635815
8704 0.638382
8960 0.640853
9216 0.643286
9472 0.645693
9728 0.648086
9984 0.650472
10240 0.652775
10496 0.654983
10752 0.656998
11008 0.65933
11264 0.66131
11520 0.663443
11776 0.665358
12032 0.667107
12288 0.66874
12544 0.67016
12800 0.6728
13056 0.674216
13312 0.675624
13568 0.676976
13824 0.678176
14080 0.679344
14336 0.680503
14592 0.681653
14848 0.68268
15104 0.683398
15360 0.684093
15616 0.687387
15872 0.688061
16128 0.689702
16384 0.690362
16640 0.691005
16896 0.691568
17152 0.692769
17408 0.693263
17664 0.694302
17920 0.694771
18176 0.697709
18432 0.698155
18688 0.698597
18944 0.699818
19200 0.70045
19456 0.700853
19712 0.701244
19968 0.701603
20224 0.703664
20480 0.704007
20736 0.705221
20992 0.705526
21248 0.705746
21504 0.705939
21760 0.706126
22016 0.706598
22272 0.706741
22528 0.707498
22784 0.707583
23040 0.707667
23296 0.708544
23552 0.708861
23808 0.709002
24064 0.709049
