0 0.479017
256 0.487944
512 0.496612
768 0.504814
1024 0.511004
1280 0.51692
1536 0.522083
1792 0.526688
2048 0.531244
2304 0.535339
2560 0.539423
2816 0.543293
3072 0.547095
3328 0.550785
3584 0.554408
3840 0.557864
4096 0.561299
4352 0.564682
4608 0.568064
4864 0.571438
5120 0.5748
5376 0.578094
5632 0.581311
5888 0.584309
6144 0.587284
6400 0.590175
6656 0.594462
6912 0.597352
7168 0.600231
7424 0.605322
7680 0.608201
7936 0.611072
8192 0.613909
8448 0.616744
8704 0.619525
8960 0.62225
9216 0.62497
9472 0.627686
9728 0.630354
9984 0.632951
10240 0.635507
10496 0.638008
10752 0.640497
11008 0.642968
11264 0.645431
11520 0.64774
11776 0.649948
12032 0.652082
12288 0.654151
12544 0.656094
12800 0.660602
13056 0.664577
13312 0.666498
13568 0.668341
13824 0.670113
14080 0.671884
14336 0.673625
14592 0.675332
14848 0.677002
15104 0.67867
15360 0.680197
15616 0.682479
15872 0.683945
16128 0.685496
16384 0.686959
16640 0.688413
16896 0.68983
17152 0.691215
17408 0.692586
17664 0.693938
17920 0.695279
18176 0.696548
18432 0.697757
18688 0.700191
18944 0.701595
19200 0.702748
19456 0.703857
19712 0.704946
19968 0.705985
20224 0.706969
20480 0.707883
20736 0.708705
20992 0.709356
21248 0.709988
21504 0.710599
21760 0.711174
22016 0.711703
22272 0.71216
22528 0.712567
22784 0.71297
23040 0.713373
23296 0.713736
23552 0.714076
23808 0.714184
24064 0.714253
24320 0.714319
