0 0.511005
256 0.518531
512 0.525156
768 0.531586
1024 0.537679
1280 0.543238
1536 0.548094
1792 0.552771
2048 0.557304
2304 0.561599
2560 0.56566
2816 0.569696
3072 0.573412
3328 0.577031
3584 0.580632
3840 0.584131
4096 0.587613
4352 0.591064
4608 0.59449
4864 0.597827
5120 0.601086
5376 0.604291
5632 0.60737
5888 0.610379
6144 0.613242
6400 0.615962
6656 0.618663
6912 0.621136
7168 0.623456
7424 0.625712
7680 0.627925
7936 0.630308
8192 0.632435
8448 0.63455
8704 0.636614
8960 0.638541
9216 0.640409
9472 0.643129
9728 0.648257
9984 0.651233
10240 0.653019
10496 0.655222
10752 0.656936
11008 0.658591
11264 0.660688
11520 0.662438
11776 0.664073
12032 0.665849
12288 0.667456
12544 0.66899
12800 0.672538
13056 0.673848
13312 0.675126
13568 0.67634
13824 0.677474
14080 0.678527
14336 0.680992
14592 0.682031
14848 0.683029
15104 0.683989
15360 0.684937
15616 0.685819
15872 0.686682
16128 0.687523
16384 0.688353
16640 0.689129
16896 0.689846
17152 0.690557
17408 0.691212
17664 0.691719
17920 0.692213
18176 0.692654
18432 0.693075
18688 0.69349
18944 0.694946
19200 0.695432
19456 0.697717
19712 0.698522
19968 0.698924
20224 0.701257
20480 0.702808
20736 0.705601
20992 0.706149
21248 0.706501
21504 0.70683
21760 0.708606
22016 0.708934
22272 0.709239
22528 0.709532
22784 0.711293
23040 0.712114
23296 0.71236
23552 0.712594
23808 0.716251
24064 0.716463
24320 0.716667
24576 0.719021
24832 0.719187
25088 0.719199
25344 0.719559
25600 0.721014
