0 0.49956
256 0.507284
512 0.513851
768 0.520893
1024 0.527501
1280 0.53397
1536 0.539163
1792 0.54427
2048 0.548805
2304 0.553117
2560 0.55731
2816 0.561453
3072 0.565339
3328 0.569039
3584 0.572443
3840 0.575758
4096 0.579027
4352 0.582277
4608 0.585447
4864 0.588564
5120 0.591619
5376 0.594437
5632 0.597152
5888 0.599881
6144 0.60254
6400 0.605167
6656 0.607746
6912 0.610311
7168 0.613161
7424 0.615658
7680 0.618002
7936 0.620332
8192 0.622655
8448 0.624981
8704 0.627302
8960 0.63058
9216 0.632773
9472 0.634943
9728 0.637029
9984 0.639217
10240 0.641217
10496 0.644965
10752 0.647035
11008 0.64903
11264 0.650836
11520 0.652591
11776 0.654204
12032 0.655631
12288 0.657182
12544 0.658598
12800 0.660005
13056 0.661751
13312 0.66314
13568 0.666384
13824 0.667531
14080 0.668667
14336 0.669776
14592 0.670869
14848 0.671831
15104 0.67279
15360 0.673666
15616 0.674495
15872 0.675256
16128 0.675931
16384 0.678742
16640 0.679384
16896 0.680691
17152 0.681313
17408 0.681931
17664 0.683512
17920 0.683977
18176 0.684331
18432 0.684675
18688 0.685019
18944 0.686232
19200 0.686566
19456 0.687252
19712 0.687569
19968 0.687873
20224 0.689113
20480 0.689394
20736 0.690721
20992 0.692497
21248 0.693536
21504 0.693687
21760 0.69486
22016 0.694978
22272 0.695095
22528 0.695156
22784 0.697292
23040 0.697346
23296 0.697349
