0 0.502425
256 0.509877
512 0.516598
768 0.522204
1024 0.527135
1280 0.532042
1536 0.536883
1792 0.541691
2048 0.546394
2304 0.551014
2560 0.555364
2816 0.559585
3072 0.563724
3328 0.567808
3584 0.571832
3840 0.575809
4096 0.579494
4352 0.583151
4608 0.586597
4864 0.590032
5120 0.59331
5376 0.596567
5632 0.599754
5888 0.604781
6144 0.607756
6400 0.610606
6656 0.613424
6912 0.616127
7168 0.618798
7424 0.621452
7680 0.624042
7936 0.626616
8192 0.629183
8448 0.631702
8704 0.634038
8960 0.636217
9216 0.638393
9472 0.640526
9728 0.642648
9984 0.644849
10240 0.646921
10496 0.648898
10752 0.650909
11008 0.65286
11264 0.654691
11520 0.656397
11776 0.659468
12032 0.661529
12288 0.663155
12544 0.664682
12800 0.666194
13056 0.667583
13312 0.670827
13568 0.672213
13824 0.673564
14080 0.674868
14336 0.676171
14592 0.677637
14848 0.678736
15104 0.67978
15360 0.680819
15616 0.681845
15872 0.685276
16128 0.686338
16384 0.68734
16640 0.688248
16896 0.689148
17152 0.689971
17408 0.690929
17664 0.691731
17920 0.692511
18176 0.693228
18432 0.694675
18688 0.696337
18944 0.696991
19200 0.697641
19456 0.698256
19712 0.699182
19968 0.701279
20224 0.701886
20480 0.70239
20736 0.70347
20992 0.704419
21248 0.705961
21504 0.706644
21760 0.707134
22016 0.707568
22272 0.707997
22528 0.70849
22784 0.708864
23040 0.709056
23296 0.709327
23552 0.709465
23808 0.709566
24064 0.71078
24320 0.710846
24576 0.7109
24832 0.710903
