0 0.482501
256 0.489298
512 0.495669
768 0.501878
1024 0.507974
1280 0.513475
1536 0.518948
1792 0.524716
2048 0.53003
2304 0.535126
2560 0.54019
2816 0.545113
3072 0.54991
3328 0.554479
3584 0.558974
3840 0.563449
4096 0.567984
4352 0.572288
4608 0.576431
4864 0.580542
5120 0.58463
5376 0.588641
5632 0.592604
5888 0.596562
6144 0.600374
6400 0.604082
6656 0.607472
6912 0.61073
7168 0.613971
7424 0.617156
7680 0.621074
7936 0.624193
8192 0.627235
8448 0.630783
8704 0.633683
8960 0.636405
9216 0.638982
9472 0.641327
9728 0.64346
9984 0.645483
10240 0.647428
10496 0.649494
10752 0.651618
11008 0.65342
11264 0.655208
11520 0.656981
11776 0.658714
12032 0.660883
12288 0.662801
12544 0.664512
12800 0.666208
13056 0.667826
13312 0.669417
13568 0.670883
13824 0.672291
14080 0.67368
14336 0.675051
14592 0.676391
14848 0.67763
15104 0.678866
15360 0.679939
15616 0.68124
15872 0.682313
16128 0.683352
16384 0.684274
16640 0.686128
16896 0.686971
17152 0.687693
17408 0.688363
17664 0.690052
17920 0.690689
18176 0.691274
18432 0.691828
18688 0.692298
18944 0.6963
19200 0.698214
19456 0.698626
19712 0.699029
19968 0.699421
20224 0.699812
20480 0.700201
20736 0.700474
20992 0.700736
21248 0.702056
21504 0.702289
21760 0.703554
22016 0.704782
22272 0.704968
22528 0.705135
22784 0.705219
23040 0.70529
23296 0.705932
23552 0.706002
23808 0.706006
24064 0.707834
24320 0.708501
