0 0.490202
256 0.500079
512 0.507706
768 0.514135
1024 0.520014
1280 0.525703
1536 0.532003
1792 0.537684
2048 0.543355
2304 0.54861
2560 0.553696
2816 0.558781
3072 0.563722
3328 0.568602
3584 0.573468
3840 0.577976
4096 0.582474
4352 0.586608
4608 0.590156
4864 0.593591
5120 0.597023
5376 0.600267
5632 0.603449
5888 0.60655
6144 0.609647
6400 0.612605
6656 0.61556
6912 0.618497
7168 0.621117
7424 0.623726
7680 0.626224
7936 0.628681
8192 0.630853
8448 0.632923
8704 0.637362
8960 0.639288
9216 0.642674
9472 0.64485
9728 0.646913
9984 0.648765
10240 0.650521
10496 0.65224
10752 0.653827
11008 0.655339
11264 0.657236
11520 0.658735
11776 0.661694
12032 0.663095
12288 0.664412
12544 0.665704
12800 0.670053
13056 0.671263
13312 0.673959
13568 0.675817
13824 0.677169
14080 0.678343
14336 0.67948
14592 0.680563
14848 0.682517
15104 0.683556
15360 0.684594
15616 0.685464
15872 0.686328
16128 0.687136
16384 0.687941
16640 0.688933
16896 0.689626
17152 0.690211
17408 0.690753
17664 0.691282
17920 0.691753
18176 0.692379
18432 0.695079
18688 0.695533
18944 0.695953
19200 0.69637
19456 0.697672
19712 0.698925
19968 0.699328
20224 0.699701
20480 0.700042
20736 0.700367
20992 0.700638
21248 0.700859
21504 0.701006
21760 0.701101
22016 0.701195
22272 0.701265
22528 0.701593
22784 0.701759
23040 0.701829
23296 0.701863
23552 0.70399
23808 0.704001
24064 0.70401
24320 0.704013
