0 0.501348
256 0.50917
512 0.515936
768 0.522688
1024 0.529181
1280 0.535666
1536 0.541435
1792 0.547071
2048 0.552565
2304 0.557961
2560 0.563309
2816 0.568578
3072 0.57344
3328 0.577853
3584 0.582046
3840 0.585949
4096 0.589816
4352 0.593673
4608 0.597108
4864 0.600251
5120 0.604008
5376 0.607128
5632 0.610058
5888 0.612949
6144 0.615724
6400 0.618468
6656 0.621198
6912 0.623916
7168 0.628078
7424 0.630705
7680 0.633271
7936 0.635785
8192 0.638783
8448 0.64122
8704 0.643597
8960 0.645973
9216 0.648299
9472 0.650475
9728 0.652641
9984 0.654761
10240 0.656689
10496 0.658538
10752 0.660383
11008 0.662039
11264 0.66362
11520 0.666053
11776 0.667579
12032 0.669023
12288 0.670409
12544 0.671755
12800 0.674854
13056 0.676026
13312 0.677166
13568 0.678444
13824 0.679559
14080 0.680598
14336 0.681601
14592 0.68258
14848 0.683525
15104 0.685254
15360 0.68619
15616 0.687099
15872 0.68798
16128 0.688841
16384 0.689575
16640 0.690197
16896 0.690666
17152 0.691095
17408 0.692008
17664 0.692336
17920 0.69338
18176 0.6936
18432 0.693789
18688 0.695026
18944 0.695204
19200 0.695364
19456 0.695511
19712 0.695612
19968 0.696826
20224 0.696892
20480 0.69692
20736 0.696944
20992 0.696956
21248 0.696959
