0 0.4845
256 0.492627
512 0.499718
768 0.506548
1024 0.512551
1280 0.518113
1536 0.523321
1792 0.528454
2048 0.533565
2304 0.538634
2560 0.543503
2816 0.548326
3072 0.553034
3328 0.557256
3584 0.561466
3840 0.565392
4096 0.569221
4352 0.572918
4608 0.576529
4864 0.58013
5120 0.583658
5376 0.587153
5632 0.590544
5888 0.593769
6144 0.596977
6400 0.600177
6656 0.603322
6912 0.606394
7168 0.609448
7424 0.612542
7680 0.615151
7936 0.617737
8192 0.620303
8448 0.622511
8704 0.624655
8960 0.626789
9216 0.628896
9472 0.631001
9728 0.632955
9984 0.634877
10240 0.636797
10496 0.638678
10752 0.640531
11008 0.644021
11264 0.647232
11520 0.649034
11776 0.650822
12032 0.652578
12288 0.654325
12544 0.656046
12800 0.657653
13056 0.659206
13312 0.660734
13568 0.662865
13824 0.664381
14080 0.665877
14336 0.66734
14592 0.668765
14848 0.670128
15104 0.671446
15360 0.672753
15616 0.673906
15872 0.675021
16128 0.676112
16384 0.677182
16640 0.67853
16896 0.679481
17152 0.680402
17408 0.681284
17664 0.682145
17920 0.683005
18176 0.68375
18432 0.685425
18688 0.686333
18944 0.687037
19200 0.688099
19456 0.688755
19712 0.689407
19968 0.689913
20224 0.690397
20480 0.690868
20736 0.692962
20992 0.694728
21248 0.695182
21504 0.695623
21760 0.696026
22016 0.696376
22272 0.696693
22528 0.69697
22784 0.697764
23040 0.698248
23296 0.700452
23552 0.700771
23808 0.702388
24064 0.703481
24320 0.703774
24576 0.705536
24832 0.706357
25088 0.706582
25344 0.708699
25600 0.708922
25856 0.709143
26112 0.709347
26368 0.709539
26624 0.70956
26880 0.709572
27136 0.70958
