0 0.476795
256 0.485647
512 0.493743
768 0.500885
1024 0.508025
1280 0.513835
1536 0.519616
1792 0.525348
2048 0.530827
2304 0.536051
2560 0.540553
2816 0.544804
3072 0.548918
3328 0.552888
3584 0.556858
3840 0.561944
4096 0.566831
4352 0.571302
4608 0.575173
4864 0.578916
5120 0.582643
5376 0.58633
5632 0.589992
5888 0.59355
6144 0.596986
6400 0.60111
6656 0.60557
6912 0.608851
7168 0.611911
7424 0.616062
7680 0.619957
7936 0.622896
8192 0.625743
8448 0.62859
8704 0.63123
8960 0.63384
9216 0.63644
9472 0.639038
9728 0.641636
9984 0.644201
10240 0.646758
10496 0.649256
10752 0.653639
11008 0.65599
11264 0.65832
11520 0.660412
11776 0.662342
12032 0.664254
12288 0.666152
12544 0.668031
12800 0.66975
13056 0.671461
13312 0.673016
13568 0.674566
13824 0.676112
14080 0.677528
14336 0.678936
14592 0.680321
14848 0.681685
15104 0.682985
15360 0.684266
15616 0.685544
15872 0.686788
16128 0.687904
16384 0.689013
16640 0.690122
16896 0.691998
17152 0.695334
17408 0.697218
17664 0.698257
17920 0.699205
18176 0.700112
18432 0.700941
18688 0.701585
18944 0.702189
19200 0.703477
19456 0.704443
19712 0.705009
19968 0.706494
20224 0.707273
20480 0.709216
20736 0.712916
20992 0.714034
21248 0.714582
21504 0.714869
21760 0.716892
22016 0.717163
22272 0.717388
22528 0.71858
22784 0.718748
23040 0.718879
23296 0.723803
