0 0.485807
256 0.494531
512 0.501247
768 0.507688
1024 0.513995
1280 0.520158
1536 0.526249
1792 0.531626
2048 0.536055
2304 0.540428
2560 0.544649
2816 0.548478
3072 0.552246
3328 0.555957
3584 0.559591
3840 0.563119
4096 0.566531
4352 0.569884
4608 0.573146
4864 0.57639
5120 0.579544
5376 0.58264
5632 0.585724
5888 0.591145
6144 0.594226
6400 0.597105
6656 0.599923
6912 0.602595
7168 0.605007
7424 0.6078
7680 0.610137
7936 0.612462
8192 0.614782
8448 0.617081
8704 0.619315
8960 0.621484
9216 0.62416
9472 0.626238
9728 0.628194
9984 0.630091
10240 0.631982
10496 0.633775
10752 0.637725
11008 0.639484
11264 0.641234
11520 0.64291
11776 0.644579
12032 0.646196
12288 0.647712
12544 0.649168
12800 0.650595
13056 0.652146
13312 0.653463
13568 0.654703
13824 0.655917
14080 0.657058
14336 0.658175
14592 0.659922
14848 0.661037
15104 0.662152
15360 0.663243
15616 0.664295
15872 0.667175
16128 0.668146
16384 0.669098
16640 0.670049
16896 0.670991
17152 0.671933
17408 0.672894
17664 0.673771
17920 0.675248
18176 0.677337
18432 0.678741
18688 0.679785
18944 0.680646
19200 0.681373
19456 0.68253
19712 0.683313
19968 0.684239
20224 0.686796
20480 0.687507
20736 0.688217
20992 0.69138
21248 0.692082
21504 0.696118
21760 0.696743
22016 0.698321
22272 0.698892
22528 0.699647
22784 0.701282
23040 0.701789
23296 0.702283
23552 0.703321
23808 0.703773
24064 0.704162
24320 0.704537
24576 0.704843
24832 0.706086
25088 0.707467
25344 0.708437
25600 0.708712
25856 0.709932
26112 0.711275
26368 0.712183
26624 0.712286
26880 0.712352
27136 0.712355
