0 0.516502
256 0.525674
512 0.534089
768 0.540446
1024 0.546528
1280 0.552453
1536 0.558156
1792 0.563308
2048 0.568281
2304 0.573205
2560 0.577876
2816 0.58185
3072 0.58577
3328 0.589589
3584 0.593251
3840 0.596799
4096 0.600238
4352 0.603672
4608 0.607079
4864 0.610455
5120 0.613782
5376 0.617041
5632 0.620085
5888 0.623062
6144 0.626018
6400 0.628885
6656 0.631732
6912 0.634569
7168 0.637386
7424 0.640139
7680 0.642749
7936 0.645264
8192 0.647912
8448 0.650244
8704 0.652392
8960 0.654527
9216 0.656741
9472 0.659123
9728 0.661185
9984 0.663118
10240 0.666235
10496 0.668054
10752 0.669807
11008 0.671552
11264 0.673068
11520 0.674564
11776 0.676044
12032 0.67744
12288 0.679265
12544 0.680658
12800 0.682866
13056 0.684169
13312 0.685459
13568 0.686681
13824 0.687664
14080 0.688612
14336 0.689518
14592 0.690348
14848 0.691177
15104 0.691998
15360 0.692757
15616 0.693474
15872 0.694111
16128 0.694722
16384 0.695216
16640 0.695657
16896 0.69603
17152 0.696369
17408 0.697036
17664 0.697364
17920 0.69769
18176 0.697994
18432 0.699234
18688 0.70043
18944 0.702053
19200 0.702491
19456 0.702761
19712 0.702987
19968 0.704333
20224 0.705546
20480 0.705728
20736 0.705894
20992 0.70603
21248 0.706125
21504 0.707074
21760 0.707854
22016 0.707938
22272 0.707999
22528 0.709625
22784 0.709636
