0 0.505933
256 0.516027
512 0.523539
768 0.530255
1024 0.536339
1280 0.541696
1536 0.546813
1792 0.552082
2048 0.556885
2304 0.561417
2560 0.56576
2816 0.570097
3072 0.574239
3328 0.578327
3584 0.582318
3840 0.586271
4096 0.589933
4352 0.59355
4608 0.597109
4864 0.600402
5120 0.603672
5376 0.606884
5632 0.610003
5888 0.613042
6144 0.615796
6400 0.618531
6656 0.621093
6912 0.623561
7168 0.625921
7424 0.628269
7680 0.631595
7936 0.634044
8192 0.636377
8448 0.638639
8704 0.640649
8960 0.64232
9216 0.644931
9472 0.646573
9728 0.648368
9984 0.650009
10240 0.651505
10496 0.652936
10752 0.654344
11008 0.655726
11264 0.657703
11520 0.659393
11776 0.660743
12032 0.661936
12288 0.663086
12544 0.664201
12800 0.665172
13056 0.666143
13312 0.667104
13568 0.668053
13824 0.669944
14080 0.670841
14336 0.671729
14592 0.672612
14848 0.673413
15104 0.675412
15360 0.676157
15616 0.676884
15872 0.680745
16128 0.681412
16384 0.682063
16640 0.682519
16896 0.68338
17152 0.684206
17408 0.684937
17664 0.685507
17920 0.685898
18176 0.686229
18432 0.688758
18688 0.689741
18944 0.689952
19200 0.691262
19456 0.691455
19712 0.695105
19968 0.695287
20224 0.695425
20480 0.695535
20736 0.695873
20992 0.695944
21248 0.695956
21504 0.695959
