0 0.50464
256 0.511832
512 0.519242
768 0.526413
1024 0.533408
1280 0.540221
1536 0.546038
1792 0.551306
2048 0.556504
2304 0.561028
2560 0.565467
2816 0.569506
3072 0.573249
3328 0.576925
3584 0.580156
3840 0.583336
4096 0.587435
4352 0.590696
4608 0.593802
4864 0.596853
5120 0.59985
5376 0.602786
5632 0.605719
5888 0.608648
6144 0.611453
6400 0.614245
6656 0.617036
6912 0.619787
7168 0.622398
7424 0.624777
7680 0.627303
7936 0.629639
8192 0.631942
8448 0.634096
8704 0.636158
8960 0.638125
9216 0.640006
9472 0.641759
9728 0.643509
9984 0.645254
10240 0.646991
10496 0.64931
10752 0.650837
11008 0.652345
11264 0.653841
11520 0.655251
11776 0.656656
12032 0.658031
12288 0.659303
12544 0.660439
12800 0.661568
13056 0.662685
13312 0.664432
13568 0.666388
13824 0.667495
14080 0.668569
14336 0.669636
14592 0.670695
14848 0.671722
15104 0.672736
15360 0.673688
15616 0.674558
15872 0.6761
16128 0.677448
16384 0.678259
16640 0.678963
16896 0.679883
17152 0.680867
17408 0.684039
17664 0.684714
17920 0.685374
18176 0.685991
18432 0.687067
18688 0.687611
18944 0.688095
19200 0.688561
19456 0.689003
19712 0.690759
19968 0.691162
20224 0.691498
20480 0.694786
20736 0.695701
20992 0.697431
21248 0.697762
21504 0.698089
21760 0.698256
22016 0.698394
22272 0.698533
22528 0.699247
22784 0.700948
23040 0.701823
23296 0.701958
23552 0.702044
23808 0.702117
24064 0.703693
