0 0.493455
256 0.501346
512 0.508499
768 0.514986
1024 0.520629
1280 0.525891
1536 0.531044
1792 0.535943
2048 0.540502
2304 0.545241
2560 0.54964
2816 0.554004
3072 0.558314
3328 0.562502
3584 0.566453
3840 0.570355
4096 0.573866
4352 0.577078
4608 0.580272
4864 0.583467
5120 0.586639
5376 0.589761
5632 0.592814
5888 0.595797
6144 0.598694
6400 0.601548
6656 0.606297
6912 0.609139
7168 0.611913
7424 0.614639
7680 0.617363
7936 0.620017
8192 0.622628
8448 0.625206
8704 0.627702
8960 0.630196
9216 0.632595
9472 0.63488
9728 0.637085
9984 0.639269
10240 0.641448
10496 0.645939
10752 0.648105
11008 0.651333
11264 0.65349
11520 0.655618
11776 0.658018
12032 0.660135
12288 0.662096
12544 0.663921
12800 0.665658
13056 0.667352
13312 0.668848
13568 0.670282
13824 0.671738
14080 0.673737
14336 0.675124
14592 0.676509
14848 0.677816
15104 0.67912
15360 0.680398
15616 0.681611
15872 0.68273
16128 0.684389
16384 0.685465
16640 0.686514
16896 0.687511
17152 0.688433
17408 0.689293
17664 0.690087
17920 0.691068
18176 0.691848
18432 0.6926
18688 0.69384
18944 0.694556
19200 0.695189
19456 0.695786
19712 0.696334
19968 0.697661
20224 0.702063
20480 0.703102
20736 0.703547
20992 0.703908
21248 0.706479
21504 0.707169
21760 0.708288
22016 0.708778
22272 0.709131
22528 0.710919
22784 0.71119
23040 0.711384
23296 0.71155
23552 0.711693
23808 0.711763
24064 0.711766
