0 0.485751
256 0.492826
512 0.499551
768 0.506079
1024 0.512158
1280 0.518221
1536 0.524063
1792 0.529812
2048 0.534618
2304 0.541571
2560 0.546241
2816 0.550675
3072 0.554993
3328 0.559169
3584 0.565113
3840 0.569218
4096 0.572943
4352 0.576605
4608 0.580242
4864 0.583865
5120 0.58722
5376 0.590461
5632 0.593436
5888 0.596399
6144 0.59931
6400 0.602117
6656 0.604577
6912 0.607018
7168 0.609456
7424 0.611801
7680 0.614104
7936 0.616321
8192 0.618953
8448 0.621129
8704 0.624084
8960 0.626171
9216 0.628252
9472 0.63033
9728 0.632395
9984 0.6344
10240 0.636386
10496 0.638149
10752 0.639849
11008 0.641504
11264 0.645335
11520 0.646939
11776 0.64852
12032 0.650952
12288 0.652533
12544 0.654104
12800 0.655475
13056 0.656723
13312 0.65792
13568 0.65906
13824 0.660808
14080 0.66235
14336 0.663487
14592 0.664618
14848 0.665735
15104 0.666844
15360 0.667931
15616 0.669004
15872 0.670042
16128 0.671058
16384 0.672074
16640 0.673045
16896 0.673996
17152 0.674917
17408 0.677873
17664 0.68115
17920 0.682027
18176 0.682902
18432 0.683757
18688 0.684609
18944 0.685439
19200 0.686218
19456 0.686877
19712 0.687527
19968 0.688169
20224 0.688806
20480 0.689728
20736 0.690303
20992 0.690848
21248 0.693663
21504 0.694346
21760 0.694849
22016 0.696042
22272 0.696531
22528 0.697647
22784 0.698416
23040 0.700618
23296 0.701526
23552 0.704144
23808 0.705619
24064 0.705992
24320 0.706332
24576 0.706523
24832 0.7078
25088 0.708117
25344 0.710537
25600 0.71077
25856 0.712038
26112 0.712204
26368 0.712363
26624 0.712484
26880 0.712578
27136 0.712649
27392 0.71445
27648 0.715097
27904 0.715163
28160 0.715225
28416 0.717361
28672 0.718261
28928 0.718275
29184 0.720061
29440 0.720482
29696 0.720493
29952 0.720854
30208 0.722308
