0 0.507504
256 0.517741
512 0.524603
768 0.530946
1024 0.536964
1280 0.542375
1536 0.547567
1792 0.552434
2048 0.557027
2304 0.561528
2560 0.565932
2816 0.570296
3072 0.574325
3328 0.578231
3584 0.582104
3840 0.585916
4096 0.589693
4352 0.593382
4608 0.596956
4864 0.603178
5120 0.606938
5376 0.610345
5632 0.613691
5888 0.616868
6144 0.620018
6400 0.623139
6656 0.628336
6912 0.630969
7168 0.6336
7424 0.636149
7680 0.638548
7936 0.640844
8192 0.643134
8448 0.645356
8704 0.647568
8960 0.650001
9216 0.652137
9472 0.654112
9728 0.656072
9984 0.658022
10240 0.660838
10496 0.663147
10752 0.665065
11008 0.666802
11264 0.669121
11520 0.67084
11776 0.672544
12032 0.674238
12288 0.675881
12544 0.678015
12800 0.679631
13056 0.682668
13312 0.684102
13568 0.685473
13824 0.686835
14080 0.688155
14336 0.689433
14592 0.690668
14848 0.691825
15104 0.69293
15360 0.693975
15616 0.698038
15872 0.699077
16128 0.699819
16384 0.701372
16640 0.702061
16896 0.703363
17152 0.70483
17408 0.705485
17664 0.706117
17920 0.706607
18176 0.707048
18432 0.707425
18688 0.707798
18944 0.708069
19200 0.708293
19456 0.70848
19712 0.708618
19968 0.708692
20224 0.713256
20480 0.713322
20736 0.71337
20992 0.713381
21248 0.713742
21504 0.715196
