0 0.481425
256 0.490889
512 0.499541
768 0.507036
1024 0.514318
1280 0.521042
1536 0.526935
1792 0.532468
2048 0.537596
2304 0.54272
2560 0.547707
2816 0.552631
3072 0.557512
3328 0.562388
3584 0.566843
3840 0.571031
4096 0.57521
4352 0.579381
4608 0.583623
4864 0.587451
5120 0.591137
5376 0.594583
5632 0.597853
5888 0.601094
6144 0.604305
6400 0.607487
6656 0.61058
6912 0.613521
7168 0.616399
7424 0.619118
7680 0.621803
7936 0.624408
8192 0.626994
8448 0.629565
8704 0.631914
8960 0.634246
9216 0.636373
9472 0.63847
9728 0.640556
9984 0.642624
10240 0.644664
10496 0.646687
10752 0.64866
11008 0.650575
11264 0.652303
11520 0.654272
11776 0.655988
12032 0.657597
12288 0.6592
12544 0.660777
12800 0.662328
13056 0.663861
13312 0.665358
13568 0.666846
13824 0.668277
14080 0.669696
14336 0.671112
14592 0.672475
14848 0.673828
15104 0.675179
15360 0.676294
15616 0.677363
15872 0.679243
16128 0.680245
16384 0.681627
16640 0.682503
16896 0.683353
17152 0.684132
17408 0.685094
17664 0.685805
17920 0.68651
18176 0.68966
18432 0.690699
18688 0.691336
18944 0.692258
19200 0.693119
19456 0.693741
19712 0.695058
19968 0.695616
20224 0.696665
20480 0.698182
20736 0.699241
20992 0.70105
21248 0.702065
21504 0.703787
21760 0.704331
22016 0.70486
22272 0.705378
22528 0.705793
22784 0.707644
23040 0.708058
23296 0.708465
23552 0.708828
23808 0.709182
24064 0.709507
24320 0.710914
24576 0.711197
24832 0.711652
25088 0.711872
25344 0.711884
