0 0.5123
256 0.518347
512 0.524372
768 0.529824
1024 0.535779
1280 0.540874
1536 0.545954
1792 0.550773
2048 0.556918
2304 0.561402
2560 0.565815
2816 0.570165
3072 0.574347
3328 0.578413
3584 0.583913
3840 0.587816
4096 0.591451
4352 0.594877
4608 0.598297
4864 0.601507
5120 0.604682
5376 0.607842
5632 0.610931
5888 0.613779
6144 0.616547
6400 0.619271
6656 0.621891
6912 0.624468
7168 0.627026
7424 0.629377
7680 0.631686
7936 0.633898
8192 0.636331
8448 0.63854
8704 0.640749
8960 0.642921
9216 0.645056
9472 0.647027
9728 0.648946
9984 0.650875
10240 0.65454
10496 0.657704
10752 0.662497
11008 0.664394
11264 0.666147
11520 0.667891
11776 0.670827
12032 0.672521
12288 0.674204
12544 0.675755
12800 0.677288
13056 0.678796
13312 0.680275
13568 0.681578
13824 0.682878
14080 0.684148
14336 0.685339
14592 0.68781
14848 0.688901
15104 0.68998
15360 0.69132
15616 0.692327
15872 0.693249
16128 0.694125
16384 0.695555
16640 0.697062
16896 0.698133
17152 0.698993
17408 0.699834
17664 0.700614
17920 0.701394
18176 0.702168
18432 0.702885
18688 0.703483
18944 0.704
19200 0.704454
19456 0.704877
19712 0.705716
19968 0.708587
20224 0.708991
20480 0.709364
20736 0.7097
20992 0.710543
21248 0.710737
21504 0.710869
21760 0.712031
22016 0.712529
22272 0.713016
22528 0.714737
22784 0.714925
23040 0.716098
23296 0.716182
23552 0.717949
23808 0.718749
24064 0.719066
24320 0.719078
