0 0.498554
256 0.505789
512 0.512044
768 0.518193
1024 0.524266
1280 0.53025
1536 0.535661
1792 0.541053
2048 0.545821
2304 0.550486
2560 0.554929
2816 0.559146
3072 0.563357
3328 0.56717
3584 0.570914
3840 0.578354
4096 0.58203
4352 0.585691
4608 0.589263
4864 0.592804
5120 0.597933
5376 0.604162
5632 0.607558
5888 0.610804
6144 0.614021
6400 0.617165
6656 0.620142
6912 0.623079
7168 0.626015
7424 0.628783
7680 0.631403
7936 0.634192
8192 0.636809
8448 0.639303
8704 0.641655
8960 0.643879
9216 0.646036
9472 0.648158
9728 0.650126
9984 0.651999
10240 0.657205
10496 0.65898
10752 0.660694
11008 0.662413
11264 0.664059
11520 0.665637
11776 0.667133
12032 0.668588
12288 0.669894
12544 0.671079
12800 0.67249
13056 0.673768
13312 0.674952
13568 0.676043
13824 0.676782
14080 0.677517
14336 0.67867
14592 0.679301
14848 0.679846
15104 0.680375
15360 0.680885
15616 0.682553
15872 0.683333
16128 0.685395
16384 0.686462
16640 0.686952
16896 0.688194
17152 0.689977
17408 0.690598
17664 0.691057
17920 0.693141
18176 0.693582
18432 0.693977
18688 0.694332
18944 0.695254
19200 0.696115
19456 0.696747
19712 0.697073
19968 0.697345
20224 0.697483
20480 0.697549
