0 0.480094
256 0.489386
512 0.497004
768 0.504316
1024 0.511109
1280 0.516611
1536 0.521602
1792 0.526202
2048 0.530797
2304 0.535386
2560 0.539527
2816 0.543612
3072 0.547687
3328 0.551746
3584 0.555742
3840 0.559687
4096 0.563555
4352 0.567383
4608 0.571059
4864 0.574629
5120 0.578148
5376 0.581584
5632 0.585978
5888 0.590514
6144 0.593892
6400 0.597035
6656 0.600012
6912 0.602897
7168 0.60576
7424 0.608578
7680 0.61137
7936 0.614118
8192 0.617509
8448 0.61997
8704 0.622422
8960 0.624823
9216 0.627203
9472 0.629567
9728 0.631895
9984 0.634054
10240 0.636189
10496 0.639591
10752 0.641409
11008 0.643166
11264 0.644811
11520 0.646382
11776 0.647943
12032 0.649462
12288 0.65098
12544 0.652507
12800 0.654003
13056 0.655392
13312 0.658636
13568 0.659783
13824 0.660905
14080 0.662002
14336 0.663096
14592 0.665227
14848 0.66631
15104 0.667219
15360 0.670154
15616 0.671062
15872 0.671946
16128 0.673253
16384 0.674098
16640 0.674917
16896 0.675717
17152 0.676401
17408 0.677004
17664 0.677446
17920 0.67782
18176 0.678178
18432 0.679461
18688 0.679725
18944 0.67996
19200 0.683497
19456 0.683641
19712 0.683742
19968 0.683816
20224 0.683882
20480 0.683919
20736 0.683993
20992 0.684006
21248 0.684395
21504 0.684544
21760 0.684547
