512 0.49892505940594
1024 0.50298011881188
1536 0.50675761386139
2048 0.51031106930693
2560 0.51372462376238
3072 0.51699188118812
3584 0.52013397029703
4096 0.52318402970297
4608 0.52614616831683
5120 0.5290332970297
5632 0.53185030693069
6144 0.53459274257426
6656 0.53728911881188
7168 0.53994903960396
7680 0.54252747524752
8192 0.54505303960396
8704 0.54753001980198
9216 0.54996634653465
9728 0.5523521980198
10240 0.55469785148515
10752 0.55700582178218
11264 0.5592669009901
11776 0.56148458415842
12288 0.56369086138614
12800 0.5658727029703
13312 0.56804063366337
13824 0.57016847524752
14336 0.57226324752475
14848 0.5743176039604
15360 0.57633614851485
15872 0.57831112871287
16384 0.58027736633663
16896 0.58219886138614
17408 0.58410515841584
17920 0.58597362376238
18432 0.58782262376238
18944 0.58963667326733
19456 0.59144882178218
19968 0.59323258415842
20480 0.59498045544554
20992 0.59673788118812
21504 0.59845259405941
22016 0.60012300990099
22528 0.60179925742574
23040 0.6034233960396
23552 0.60503175247525
24064 0.6066653960396
24576 0.6082846039604
25088 0.6098738019802
25600 0.61139915841584
26112 0.61292883168317
26624 0.61445317821782
27136 0.61592956435644
27648 0.61738440594059
28160 0.6188440990099
28672 0.62026876237624
29184 0.62170265346535
29696 0.62307112871287
30208 0.62441595049505
30720 0.62574127722772
31232 0.62705746534653
31744 0.62839069306931
32256 0.62969665346535
32768 0.63098792079208
33280 0.63222841584158
33792 0.63347431683168
34304 0.63472712871287
34816 0.63595557425743
35328 0.63716664356436
35840 0.63838346534653
36352 0.6395523960396
36864 0.64068031683168
37376 0.64184598019802
37888 0.64301801980198
38400 0.64412089108911
38912 0.64524064356436
39424 0.64636604950495
39936 0.64742964356436
40448 0.64851896039604
40960 0.64955453465347
41472 0.65058661386139
41984 0.65161653465347
42496 0.65261794059406
43008 0.65366161386139
43520 0.65467623762376
44032 0.65564679207921
44544 0.65658976237624
45056 0.65752414851485
45568 0.65849659405941
46080 0.65942731683168
46592 0.66034478217822
47104 0.66123823762376
47616 0.66215664356436
48128 0.66304277227723
48640 0.66393975247525
49152 0.66480706930693
49664 0.66570676237624
50176 0.66654928712871
50688 0.6673703960396
51200 0.66821130693069
51712 0.6690070990099
52224 0.66980717821782
52736 0.67059372277228
53248 0.67137912871287
53760 0.67213294059406
54272 0.67293495049505
54784 0.67374234653465
55296 0.67448021782178
55808 0.67521010891089
56320 0.67596297029703
56832 0.67670975247525
57344 0.67738484158416
57856 0.67807376237624
58368 0.67881968316832
58880 0.67951222772277
59392 0.68022045544554
59904 0.68085736633663
60416 0.68149321782178
60928 0.68212676237624
61440 0.68278024752475
61952 0.68338772277228
62464 0.6840059009901
62976 0.68458328712871
63488 0.68516711881188
64000 0.68574394059406
64512 0.68629153465347
65024 0.68682155445545
65536 0.68738044554455
66048 0.68791392079208
66560 0.68846406930693
67072 0.68897864356436
67584 0.68950235643564
68096 0.69002133663366
68608 0.690552
69120 0.69105336633663
69632 0.69153477227723
70144 0.6920163960396
70656 0.69253206930693
71168 0.69301764356436
71680 0.69353278217822
72192 0.69402277227723
72704 0.69449064356436
73216 0.69498121782178
73728 0.6953978019802
74240 0.69588031683168
74752 0.69627714851485
75264 0.69670475247525
75776 0.69714447524752
76288 0.69757821782178
76800 0.69800671287129
77312 0.69840808910891
77824 0.69883566336634
78336 0.69921837623762
78848 0.69960106930693
79360 0.69993301980198
79872 0.7002497029703
80384 0.70067378217822
80896 0.70103937623762
81408 0.70140895049505
81920 0.70171578217822
82432 0.70203077227723
82944 0.70235061386139
83456 0.70270577227723
83968 0.70309430693069
84480 0.70342428712871
84992 0.70376736633663
85504 0.70404557425743
86016 0.70442084158416
86528 0.70474686138614
87040 0.70504174257426
87552 0.70531257425743
88064 0.70555332673267
88576 0.70582974257426
89088 0.70613271287129
89600 0.70641100990099
90112 0.70669678217822
90624 0.70692110891089
91136 0.70717505940594
91648 0.70738133663366
92160 0.70760103960396
92672 0.70781274257426
