0 0.498282
512 0.502982
1024 0.507657
1536 0.511492
2048 0.515121
2560 0.518646
3072 0.521828
3584 0.524774
4096 0.527712
4608 0.530609
5120 0.5334
5632 0.536186
6144 0.538891
6656 0.541589
7168 0.544285
7680 0.546793
8192 0.549197
8704 0.55147
9216 0.553707
9728 0.55593
10240 0.558131
10752 0.560319
11264 0.562494
11776 0.564566
12288 0.566511
12800 0.568426
13312 0.570312
13824 0.572163
14336 0.573995
14848 0.575822
15360 0.577633
15872 0.579438
16384 0.58121
16896 0.582936
17408 0.584651
17920 0.586363
18432 0.588061
18944 0.589679
19456 0.59125
19968 0.592816
20480 0.594373
20992 0.59589
21504 0.597398
22016 0.598883
22528 0.600827
23040 0.602274
23552 0.60372
24064 0.605118
24576 0.606506
25088 0.608052
25600 0.609422
26112 0.610791
26624 0.612535
27136 0.613891
27648 0.615246
28160 0.616572
28672 0.617889
29184 0.619187
29696 0.620472
30208 0.621723
30720 0.622954
31232 0.624182
31744 0.626377
32256 0.627602
32768 0.628825
33280 0.630046
33792 0.631261
34304 0.632462
34816 0.633647
35328 0.634806
35840 0.635944
36352 0.637037
36864 0.638098
37376 0.639153
37888 0.640189
38400 0.641793
38912 0.642824
39424 0.643831
39936 0.644826
40448 0.645809
40960 0.646783
41472 0.647757
41984 0.648728
42496 0.64966
43008 0.650715
43520 0.651642
44032 0.652989
44544 0.653902
45056 0.654764
45568 0.65559
46080 0.65639
46592 0.658043
47104 0.659649
47616 0.660439
48128 0.661222
48640 0.661995
49152 0.662767
49664 0.663669
50176 0.665034
50688 0.665861
51200 0.666626
51712 0.66739
52224 0.668142
52736 0.668884
53248 0.67061
53760 0.671327
54272 0.67204
54784 0.672721
55296 0.675518
55808 0.676209
56320 0.676886
56832 0.679431
57344 0.680081
57856 0.68072
58368 0.681349
58880 0.681957
59392 0.683636
59904 0.684237
60416 0.684923
60928 0.685507
61440 0.686089
61952 0.686624
62464 0.687602
62976 0.688414
63488 0.68894
64000 0.689463
64512 0.68997
65024 0.690476
65536 0.690971
66048 0.691462
66560 0.691951
67072 0.692415
67584 0.69286
68096 0.693303
68608 0.693875
69120 0.694962
69632 0.695387
70144 0.695801
70656 0.696191
71168 0.696562
71680 0.697229
72192 0.698335
72704 0.698704
73216 0.699073
73728 0.699441
74240 0.699807
74752 0.700152
75264 0.700494
75776 0.70083
76288 0.702483
76800 0.7038
77312 0.704667
77824 0.704981
78336 0.705279
78848 0.706554
79360 0.707124
79872 0.707402
80384 0.707676
80896 0.707948
81408 0.708211
81920 0.708463
82432 0.708691
82944 0.710242
83456 0.710458
83968 0.710665
84480 0.710863
84992 0.711055
85504 0.71123
86016 0.711389
86528 0.711535
87040 0.712336
87552 0.712651
88064 0.712856
88576 0.712976
89088 0.713086
89600 0.713194
90112 0.713298
90624 0.713402
91136 0.713673
91648 0.713785
92160 0.713872
92672 0.715236
93184 0.715323
93696 0.715389
94208 0.715434
94720 0.715478
95232 0.715512
95744 0.716607
96256 0.717512
96768 0.718282
97280 0.718296
