0 0.513756
512 0.518325
1024 0.522738
1536 0.52707
2048 0.53081
2560 0.534241
3072 0.537654
3584 0.540936
4096 0.544093
4608 0.547097
5120 0.549914
5632 0.552718
6144 0.555475
6656 0.558211
7168 0.560946
7680 0.563576
8192 0.566198
8704 0.568771
9216 0.571295
9728 0.573733
10240 0.576148
10752 0.578551
11264 0.580911
11776 0.583266
12288 0.585576
12800 0.58788
13312 0.5901
13824 0.592276
14336 0.594398
14848 0.596485
15360 0.598557
15872 0.600628
16384 0.602662
16896 0.604686
17408 0.606676
17920 0.608633
18432 0.610579
18944 0.612518
19456 0.614357
19968 0.616075
20480 0.617745
20992 0.619364
21504 0.620954
22016 0.622538
22528 0.624114
23040 0.625661
23552 0.627208
24064 0.628684
24576 0.630113
25088 0.631526
25600 0.63293
26112 0.634317
26624 0.636406
27136 0.63827
27648 0.639648
28160 0.640965
28672 0.642278
29184 0.643563
29696 0.644839
30208 0.646109
30720 0.647368
31232 0.649094
31744 0.650341
32256 0.6515
32768 0.652649
33280 0.653797
33792 0.65493
34304 0.656048
34816 0.657155
35328 0.658229
35840 0.659285
36352 0.660299
36864 0.661304
37376 0.6623
37888 0.663284
38400 0.664227
38912 0.665162
39424 0.666057
39936 0.666919
40448 0.667778
40960 0.6686
41472 0.669414
41984 0.670198
42496 0.67097
43008 0.672231
43520 0.672992
44032 0.674175
44544 0.675712
45056 0.67647
45568 0.677224
46080 0.677974
46592 0.678718
47104 0.679461
47616 0.680198
48128 0.680899
48640 0.681923
49152 0.682613
49664 0.683274
50176 0.683911
50688 0.684554
51200 0.685189
51712 0.685817
52224 0.686431
52736 0.687388
53248 0.687977
53760 0.688532
54272 0.689208
54784 0.690313
55296 0.690866
55808 0.691414
56320 0.69193
56832 0.692446
57344 0.692946
57856 0.693442
58368 0.693933
58880 0.69471
59392 0.695369
59904 0.695828
60416 0.696627
60928 0.697054
61440 0.697479
61952 0.697878
62464 0.698312
62976 0.698691
63488 0.699065
64000 0.699432
64512 0.69979
65024 0.700132
65536 0.700708
66048 0.701016
66560 0.701323
67072 0.702021
67584 0.702323
68096 0.702829
68608 0.703317
69120 0.703774
69632 0.704066
70144 0.704357
70656 0.704644
71168 0.705363
71680 0.705801
72192 0.706076
72704 0.706349
73216 0.707228
73728 0.707735
74240 0.70799
74752 0.708968
75264 0.709209
75776 0.709416
76288 0.709614
76800 0.709806
77312 0.709994
77824 0.710335
78336 0.710515
78848 0.710951
79360 0.711124
79872 0.711294
80384 0.711453
80896 0.711577
81408 0.712572
81920 0.712691
82432 0.712806
82944 0.712911
83456 0.713269
83968 0.713897
84480 0.714072
84992 0.714176
85504 0.714268
86016 0.714683
86528 0.715203
87040 0.7159
87552 0.716158
88064 0.716242
88576 0.716324
89088 0.718109
89600 0.718177
90112 0.718235
90624 0.718592
91136 0.719777
91648 0.720066
92160 0.720685
92672 0.720895
93184 0.72094
93696 0.720955
94208 0.720959
