0 0.495361
512 0.49942
1024 0.503172
1536 0.506861
2048 0.510258
2560 0.51354
3072 0.516819
3584 0.520033
4096 0.523183
4608 0.526332
5120 0.529308
5632 0.532221
6144 0.535128
6656 0.537974
7168 0.540637
7680 0.543207
8192 0.54575
8704 0.548186
9216 0.550596
9728 0.552961
10240 0.55537
10752 0.557704
11264 0.560011
11776 0.562278
12288 0.564504
12800 0.56671
13312 0.568895
13824 0.571075
14336 0.573194
14848 0.575253
15360 0.577293
15872 0.579295
16384 0.581255
16896 0.583168
17408 0.58502
17920 0.586867
18432 0.588795
18944 0.590619
19456 0.592434
19968 0.594235
20480 0.596839
20992 0.599125
21504 0.600923
22016 0.602714
22528 0.604463
23040 0.606206
23552 0.607924
24064 0.609625
24576 0.611589
25088 0.613274
25600 0.614942
26112 0.616598
26624 0.618238
27136 0.619859
27648 0.622152
28160 0.623755
28672 0.625343
29184 0.626931
29696 0.628517
30208 0.630072
30720 0.631598
31232 0.633461
31744 0.634972
32256 0.636674
32768 0.63816
33280 0.639587
33792 0.641544
34304 0.642871
34816 0.644147
35328 0.645411
35840 0.646666
36352 0.647888
36864 0.649089
37376 0.650289
37888 0.651486
38400 0.652667
38912 0.653822
39424 0.654973
39936 0.656068
40448 0.657155
40960 0.658226
41472 0.659489
41984 0.66055
42496 0.661601
43008 0.662943
43520 0.663976
44032 0.664986
44544 0.665989
45056 0.666977
45568 0.667911
46080 0.668806
46592 0.670314
47104 0.671193
47616 0.67205
48128 0.673006
48640 0.67385
49152 0.674681
49664 0.675494
50176 0.67629
50688 0.677058
51200 0.677808
51712 0.678527
52224 0.67924
52736 0.679938
53248 0.680628
53760 0.681287
54272 0.68194
54784 0.683504
55296 0.684133
55808 0.684761
56320 0.685384
56832 0.685988
57344 0.686587
57856 0.687243
58368 0.687799
58880 0.688356
59392 0.688901
59904 0.689405
60416 0.689903
60928 0.690392
61440 0.69088
61952 0.691614
62464 0.692697
62976 0.693174
63488 0.693617
64000 0.694059
64512 0.694784
65024 0.695294
65536 0.696067
66048 0.696532
66560 0.696965
67072 0.697392
67584 0.697818
68096 0.698902
68608 0.699327
69120 0.699728
69632 0.70012
70144 0.700462
70656 0.700792
71168 0.701479
71680 0.701803
72192 0.702098
72704 0.702386
73216 0.702733
73728 0.703016
74240 0.704634
74752 0.704907
75264 0.705166
75776 0.705418
76288 0.705659
76800 0.705898
77312 0.706366
77824 0.706646
78336 0.707183
78848 0.70742
79360 0.707646
79872 0.707862
80384 0.708069
80896 0.708265
81408 0.708456
81920 0.708974
82432 0.710997
82944 0.711169
83456 0.711328
83968 0.711483
84480 0.712364
84992 0.713689
85504 0.714116
86016 0.714425
86528 0.714579
87040 0.715047
87552 0.715181
88064 0.715312
88576 0.716032
89088 0.71742
89600 0.717546
90112 0.717661
90624 0.717868
91136 0.717948
91648 0.718002
92160 0.718651
92672 0.719204
93184 0.720269
93696 0.720735
94208 0.720758
94720 0.720972
95232 0.722267
95744 0.722285
96256 0.722288
