0 0.491414
512 0.496651
1024 0.500438
1536 0.503879
2048 0.50731
2560 0.510734
3072 0.513823
3584 0.516888
4096 0.519945
4608 0.522966
5120 0.525907
5632 0.528754
6144 0.531595
6656 0.534307
7168 0.536997
7680 0.539833
8192 0.542483
8704 0.545087
9216 0.547576
9728 0.550046
10240 0.552501
10752 0.554948
11264 0.557379
11776 0.559756
12288 0.562074
12800 0.564417
13312 0.566734
13824 0.569018
14336 0.571225
14848 0.57335
15360 0.575476
15872 0.577584
16384 0.579682
16896 0.581761
17408 0.583819
17920 0.585876
18432 0.587887
18944 0.589861
19456 0.591829
19968 0.593749
20480 0.595656
20992 0.597507
21504 0.599345
22016 0.601721
22528 0.60371
23040 0.605536
23552 0.607339
24064 0.60913
24576 0.610921
25088 0.612693
25600 0.614459
26112 0.616207
26624 0.617929
27136 0.619626
27648 0.621293
28160 0.623317
28672 0.624932
29184 0.626512
29696 0.628027
30208 0.62954
30720 0.631048
31232 0.632505
31744 0.633943
32256 0.63559
32768 0.637012
33280 0.638417
33792 0.639813
34304 0.641173
34816 0.642417
35328 0.643648
35840 0.644844
36352 0.646025
36864 0.647205
37376 0.648384
37888 0.649533
38400 0.650649
38912 0.651761
39424 0.65286
39936 0.65394
40448 0.655833
40960 0.657097
41472 0.658153
41984 0.659173
42496 0.660191
43008 0.661181
43520 0.662144
44032 0.663085
44544 0.663999
45056 0.664904
45568 0.665803
46080 0.666664
46592 0.667523
47104 0.668348
47616 0.669167
48128 0.669964
48640 0.670747
49152 0.671522
49664 0.672266
50176 0.673009
50688 0.673746
51200 0.674468
51712 0.675178
52224 0.675881
52736 0.676554
53248 0.677206
53760 0.677795
54272 0.679457
54784 0.680492
55296 0.681377
55808 0.682165
56320 0.682748
56832 0.683331
57344 0.683904
57856 0.684474
58368 0.685018
58880 0.685561
59392 0.686096
59904 0.687027
60416 0.687523
60928 0.688008
61440 0.688962
61952 0.689689
62464 0.690166
62976 0.690798
63488 0.691822
64000 0.69231
64512 0.69277
65024 0.693205
65536 0.693635
66048 0.694051
66560 0.694516
67072 0.694929
67584 0.69533
68096 0.695729
68608 0.696121
69120 0.696509
69632 0.696896
70144 0.697755
70656 0.69907
71168 0.699453
71680 0.69983
72192 0.700199
72704 0.700566
73216 0.700909
73728 0.701245
74240 0.702803
74752 0.70313
75264 0.703791
75776 0.704111
76288 0.704557
76800 0.705065
77312 0.705428
77824 0.70578
78336 0.706095
78848 0.706402
79360 0.706708
79872 0.707007
80384 0.70729
80896 0.707571
81408 0.707849
81920 0.70812
82432 0.708787
82944 0.709874
83456 0.710235
83968 0.710474
84480 0.7107
84992 0.710916
85504 0.711124
86016 0.71133
86528 0.711511
87040 0.711683
87552 0.711841
88064 0.711987
88576 0.713121
89088 0.713244
89600 0.713343
90112 0.713432
90624 0.71352
91136 0.713582
91648 0.713643
92160 0.713694
92672 0.715032
93184 0.715655
93696 0.715701
94208 0.716381
94720 0.716427
95232 0.717728
95744 0.717769
96256 0.717797
96768 0.717811
97280 0.717822
