0 0.491681
512 0.496891
1024 0.501094
1536 0.505061
2048 0.508842
2560 0.512415
3072 0.515876
3584 0.519262
4096 0.522624
4608 0.525957
5120 0.529261
5632 0.53252
6144 0.535749
6656 0.538943
7168 0.542093
7680 0.545034
8192 0.547911
8704 0.550738
9216 0.553486
9728 0.556204
10240 0.558884
10752 0.561534
11264 0.564183
11776 0.566798
12288 0.569379
12800 0.571877
13312 0.574239
13824 0.576567
14336 0.578878
14848 0.581138
15360 0.58327
15872 0.585365
16384 0.587368
16896 0.589323
17408 0.591265
17920 0.593097
18432 0.594863
18944 0.596619
19456 0.59829
19968 0.599919
20480 0.601547
20992 0.603186
21504 0.604808
22016 0.606417
22528 0.607998
23040 0.609571
23552 0.611144
24064 0.612696
24576 0.614229
25088 0.615758
25600 0.617275
26112 0.618783
26624 0.620275
27136 0.621728
27648 0.623163
28160 0.624567
28672 0.625922
29184 0.627252
29696 0.628547
30208 0.629824
30720 0.631067
31232 0.632704
31744 0.633946
32256 0.635147
32768 0.636342
33280 0.637536
33792 0.638729
34304 0.639916
34816 0.641088
35328 0.642593
35840 0.643748
36352 0.644886
36864 0.646063
37376 0.647182
37888 0.648297
38400 0.649393
38912 0.650485
39424 0.651565
39936 0.652584
40448 0.653572
40960 0.654556
41472 0.65553
41984 0.656469
42496 0.657386
43008 0.658902
43520 0.661086
44032 0.661997
44544 0.662902
45056 0.663802
45568 0.664699
46080 0.665589
46592 0.666477
47104 0.667349
47616 0.668204
48128 0.669218
48640 0.67002
49152 0.670784
49664 0.671543
50176 0.672301
50688 0.673058
51200 0.673771
51712 0.674482
52224 0.675189
52736 0.676012
53248 0.676699
53760 0.67738
54272 0.678272
54784 0.67895
55296 0.679602
55808 0.681167
56320 0.681816
56832 0.682465
57344 0.683111
57856 0.683754
58368 0.684377
58880 0.684948
59392 0.685507
59904 0.686136
60416 0.686673
60928 0.68717
61440 0.687648
61952 0.688116
62464 0.688575
62976 0.689031
63488 0.689481
64000 0.689926
64512 0.690353
65024 0.69077
65536 0.691177
66048 0.691569
66560 0.691947
67072 0.692316
67584 0.692668
68096 0.693498
68608 0.693845
69120 0.694188
69632 0.694531
70144 0.694892
70656 0.695386
71168 0.695703
71680 0.697714
72192 0.698027
72704 0.698323
73216 0.698578
73728 0.699756
74240 0.700009
74752 0.700251
75264 0.7019
75776 0.702142
76288 0.702378
76800 0.702595
77312 0.702811
77824 0.703021
78336 0.703196
78848 0.703367
79360 0.703524
79872 0.70368
80384 0.703815
80896 0.703949
81408 0.704181
81920 0.70431
82432 0.704658
82944 0.70481
83456 0.704936
83968 0.705061
84480 0.705172
84992 0.705282
85504 0.705386
86016 0.705479
86528 0.706582
87040 0.70667
87552 0.707379
88064 0.708338
88576 0.709094
89088 0.709858
89600 0.710272
90112 0.710355
90624 0.710428
91136 0.710496
91648 0.710559
92160 0.710606
92672 0.711286
93184 0.711327
93696 0.711343
94208 0.711358
94720 0.711362
