0 0.5026
512 0.507397
1024 0.511524
1536 0.515588
2048 0.519428
2560 0.522942
3072 0.526445
3584 0.529609
4096 0.532759
4608 0.535901
5120 0.538825
5632 0.54168
6144 0.54439
6656 0.547057
7168 0.549706
7680 0.552324
8192 0.554847
8704 0.557511
9216 0.559969
9728 0.562361
10240 0.564746
10752 0.567115
11264 0.569463
11776 0.57178
12288 0.574047
12800 0.576254
13312 0.578358
13824 0.580458
14336 0.582553
14848 0.584647
15360 0.586715
15872 0.588766
16384 0.590772
16896 0.592748
17408 0.59471
17920 0.596479
18432 0.598227
18944 0.599956
19456 0.601658
19968 0.603295
20480 0.604903
20992 0.606447
21504 0.607916
22016 0.609375
22528 0.610797
23040 0.612202
23552 0.613572
24064 0.614895
24576 0.616345
25088 0.617654
25600 0.61894
26112 0.620216
26624 0.621485
27136 0.622734
27648 0.623977
28160 0.625208
28672 0.626437
29184 0.627659
29696 0.629171
30208 0.630375
30720 0.631571
31232 0.632761
31744 0.633936
32256 0.635098
32768 0.637527
33280 0.638817
33792 0.639976
34304 0.641125
34816 0.643685
35328 0.644804
35840 0.645897
36352 0.646949
36864 0.647974
37376 0.648989
37888 0.649984
38400 0.650932
38912 0.651878
39424 0.652797
39936 0.653705
40448 0.654611
40960 0.655503
41472 0.656331
41984 0.657141
42496 0.657951
43008 0.658753
43520 0.65967
44032 0.661412
44544 0.662192
45056 0.662961
45568 0.663729
46080 0.664483
46592 0.665178
47104 0.665861
47616 0.666536
48128 0.667204
48640 0.667846
49152 0.668481
49664 0.669115
50176 0.669977
50688 0.670583
51200 0.671182
51712 0.672084
52224 0.672677
52736 0.673266
53248 0.673846
53760 0.674409
54272 0.676116
54784 0.676671
55296 0.677219
55808 0.677763
56320 0.678288
56832 0.679277
57344 0.680038
57856 0.680662
58368 0.68118
58880 0.681694
59392 0.682201
59904 0.683474
60416 0.684556
60928 0.685645
61440 0.686149
61952 0.686638
62464 0.687115
62976 0.687572
63488 0.688017
64000 0.688409
64512 0.688799
65024 0.689174
65536 0.68955
66048 0.690014
66560 0.690383
67072 0.690746
67584 0.691105
68096 0.691804
68608 0.693781
69120 0.695011
69632 0.695672
70144 0.696107
70656 0.696457
71168 0.696804
71680 0.69715
72192 0.69757
72704 0.698637
73216 0.699166
73728 0.699554
74240 0.699885
74752 0.700199
75264 0.700513
75776 0.700824
76288 0.702623
76800 0.703741
77312 0.704012
77824 0.704275
78336 0.704518
78848 0.704743
79360 0.70496
79872 0.705167
80384 0.705365
80896 0.705535
81408 0.705694
81920 0.70585
82432 0.70598
82944 0.706102
83456 0.706222
83968 0.706724
84480 0.70684
84992 0.707036
85504 0.707145
86016 0.707234
86528 0.707268
87040 0.707695
87552 0.70773
88064 0.708189
88576 0.709118
89088 0.709954
89600 0.709986
90112 0.710812
90624 0.710839
91136 0.71085
91648 0.710857
92160 0.71089
92672 0.711549
93184 0.711924
93696 0.711928
