0 0.502943
512 0.508474
1024 0.51332
1536 0.517948
2048 0.52198
2560 0.525749
3072 0.529423
3584 0.532775
4096 0.535856
4608 0.53879
5120 0.541716
5632 0.544572
6144 0.547408
6656 0.550154
7168 0.552806
7680 0.555354
8192 0.557875
8704 0.560327
9216 0.562755
9728 0.565141
10240 0.567522
10752 0.569866
11264 0.572167
11776 0.574449
12288 0.576727
12800 0.578962
13312 0.581182
13824 0.583377
14336 0.585842
14848 0.588026
15360 0.590153
15872 0.592277
16384 0.594336
16896 0.59631
17408 0.598254
17920 0.600154
18432 0.602046
18944 0.604907
19456 0.606785
19968 0.608643
20480 0.61049
20992 0.612317
21504 0.614067
22016 0.615793
22528 0.617513
23040 0.619211
23552 0.620882
24064 0.622535
24576 0.624171
25088 0.625755
25600 0.627338
26112 0.629229
26624 0.6308
27136 0.632356
27648 0.633852
28160 0.635317
28672 0.636766
29184 0.638204
29696 0.639641
30208 0.641055
30720 0.642443
31232 0.643791
31744 0.645137
32256 0.646449
32768 0.647746
33280 0.649032
33792 0.650297
34304 0.651509
34816 0.6527
35328 0.653877
35840 0.655029
36352 0.656178
36864 0.657304
37376 0.658391
37888 0.659475
38400 0.660557
38912 0.661543
39424 0.662516
39936 0.663474
40448 0.664423
40960 0.665342
41472 0.666261
41984 0.667175
42496 0.66808
43008 0.669257
43520 0.671213
44032 0.67209
44544 0.672917
45056 0.673709
45568 0.674502
46080 0.675272
46592 0.67604
47104 0.676785
47616 0.677494
48128 0.678195
48640 0.678879
49152 0.679556
49664 0.680233
50176 0.681009
50688 0.682326
51200 0.683557
51712 0.684244
52224 0.684919
52736 0.68559
53248 0.68626
53760 0.686909
54272 0.687548
54784 0.688176
55296 0.688775
55808 0.690385
56320 0.691241
56832 0.691938
57344 0.692504
57856 0.693851
58368 0.695457
58880 0.695994
59392 0.696527
59904 0.697001
60416 0.697443
60928 0.697871
61440 0.698294
61952 0.698781
62464 0.699197
62976 0.699662
63488 0.700073
64000 0.700479
64512 0.70088
65024 0.701279
65536 0.701672
66048 0.702052
66560 0.702431
67072 0.7028
67584 0.703169
68096 0.703532
68608 0.703862
69120 0.704178
69632 0.704656
70144 0.704969
70656 0.705602
71168 0.707239
71680 0.707532
72192 0.70782
72704 0.70835
73216 0.708633
73728 0.708908
74240 0.709181
74752 0.71006
75264 0.710567
75776 0.710826
76288 0.711078
76800 0.711321
77312 0.71156
77824 0.711797
78336 0.712885
78848 0.713102
79360 0.714633
79872 0.714846
80384 0.715045
80896 0.715243
81408 0.715423
81920 0.716283
82432 0.716442
82944 0.716585
83456 0.716707
83968 0.717302
84480 0.717869
84992 0.718323
85504 0.71842
86016 0.718515
86528 0.718601
87040 0.718684
87552 0.720018
88064 0.720078
88576 0.720671
89088 0.720731
89600 0.72079
90112 0.721348
90624 0.721402
91136 0.721443
91648 0.721472
92160 0.721487
92672 0.721499
93184 0.721709
93696 0.721805
94208 0.722042
94720 0.722159
