0 0.502737
512 0.508052
1024 0.512499
1536 0.516926
2048 0.520906
2560 0.524724
3072 0.528481
3584 0.531863
4096 0.535241
4608 0.538503
5120 0.541714
5632 0.54483
6144 0.547915
6656 0.550989
7168 0.553976
7680 0.556952
8192 0.559763
8704 0.562407
9216 0.565012
9728 0.567604
10240 0.570173
10752 0.572741
11264 0.575171
11776 0.577579
12288 0.579844
12800 0.582101
13312 0.584336
13824 0.586419
14336 0.588487
14848 0.590377
15360 0.59221
15872 0.594033
16384 0.595856
16896 0.597654
17408 0.599505
17920 0.60126
18432 0.603005
18944 0.60474
19456 0.606433
19968 0.608111
20480 0.609783
20992 0.611439
21504 0.613074
22016 0.614766
22528 0.616374
23040 0.617977
23552 0.619567
24064 0.621156
24576 0.622721
25088 0.62428
25600 0.625832
26112 0.627383
26624 0.628919
27136 0.63036
27648 0.631792
28160 0.63314
28672 0.634466
29184 0.635791
29696 0.637108
30208 0.638403
30720 0.639665
31232 0.64091
31744 0.642123
32256 0.643306
32768 0.644488
33280 0.645666
33792 0.646829
34304 0.647928
34816 0.649023
35328 0.650112
35840 0.651945
36352 0.653032
36864 0.654092
37376 0.655149
37888 0.65619
38400 0.657213
38912 0.658228
39424 0.6597
39936 0.660715
40448 0.661728
40960 0.662676
41472 0.663619
41984 0.66456
42496 0.66549
43008 0.666382
43520 0.66727
44032 0.668102
44544 0.668909
45056 0.669815
45568 0.670613
46080 0.671382
46592 0.672151
47104 0.672915
47616 0.673676
48128 0.674429
48640 0.675662
49152 0.676412
49664 0.677729
50176 0.67847
50688 0.67917
51200 0.679866
51712 0.680561
52224 0.681433
52736 0.682193
53248 0.682886
53760 0.683666
54272 0.684773
54784 0.686834
55296 0.687524
55808 0.688204
56320 0.688878
56832 0.689517
57344 0.690139
57856 0.690762
58368 0.691361
58880 0.691951
59392 0.692518
59904 0.693078
60416 0.693618
60928 0.694122
61440 0.694614
61952 0.695079
62464 0.695522
62976 0.695961
63488 0.696387
64000 0.696792
64512 0.697191
65024 0.697588
65536 0.698607
66048 0.698993
66560 0.699357
67072 0.699715
67584 0.700063
68096 0.700405
68608 0.700732
69120 0.701051
69632 0.70136
70144 0.70244
70656 0.704132
71168 0.704429
71680 0.704699
72192 0.705434
72704 0.705702
73216 0.706094
73728 0.706358
74240 0.706621
74752 0.706867
75264 0.707084
75776 0.707397
76288 0.707614
76800 0.707821
77312 0.70801
77824 0.708403
78336 0.708654
78848 0.70883
79360 0.708993
79872 0.709139
80384 0.709681
80896 0.710039
81408 0.710165
81920 0.710288
82432 0.710526
82944 0.710642
83456 0.710745
83968 0.710832
84480 0.710915
84992 0.710988
85504 0.71106
86016 0.711089
86528 0.711111
87040 0.711129
87552 0.711144
88064 0.711154
88576 0.711162
89088 0.711167
89600 0.711171
