0 0.505658
512 0.509532
1024 0.513313
1536 0.516907
2048 0.520234
2560 0.523523
3072 0.526784
3584 0.530011
4096 0.533234
4608 0.536296
5120 0.539223
5632 0.541939
6144 0.544392
6656 0.546809
7168 0.549689
7680 0.552103
8192 0.554458
8704 0.55699
9216 0.559309
9728 0.561605
10240 0.563877
10752 0.566145
11264 0.568406
11776 0.570787
12288 0.57301
12800 0.575219
13312 0.577422
13824 0.579544
14336 0.581582
14848 0.583608
15360 0.585595
15872 0.587403
16384 0.589176
16896 0.590932
17408 0.592568
17920 0.594194
18432 0.59581
18944 0.597425
19456 0.598985
19968 0.600541
20480 0.602131
20992 0.603662
21504 0.605188
22016 0.606687
22528 0.608176
23040 0.610009
23552 0.611495
24064 0.613489
24576 0.614934
25088 0.616342
25600 0.617739
26112 0.619115
26624 0.62125
27136 0.622587
27648 0.623914
28160 0.6252
28672 0.626485
29184 0.627759
29696 0.629017
30208 0.630262
30720 0.632087
31232 0.63333
31744 0.63457
32256 0.635911
32768 0.637133
33280 0.638335
33792 0.639479
34304 0.640618
34816 0.641752
35328 0.642881
35840 0.643999
36352 0.645114
36864 0.646492
37376 0.647719
37888 0.649009
38400 0.650109
38912 0.651871
39424 0.653239
39936 0.654804
40448 0.655898
40960 0.656998
41472 0.658063
41984 0.65912
42496 0.660142
43008 0.661161
43520 0.662176
44032 0.663187
44544 0.664172
45056 0.665144
45568 0.666414
46080 0.667547
46592 0.668497
47104 0.669412
47616 0.671358
48128 0.672264
48640 0.673169
49152 0.674064
49664 0.675358
50176 0.676551
50688 0.677428
51200 0.678293
51712 0.679139
52224 0.679956
52736 0.680764
53248 0.681561
53760 0.682559
54272 0.683328
54784 0.683976
55296 0.684581
55808 0.685182
56320 0.685774
56832 0.686363
57344 0.687217
57856 0.687806
58368 0.688392
58880 0.689574
59392 0.690157
59904 0.690723
60416 0.691273
60928 0.691792
61440 0.692415
61952 0.69287
62464 0.693313
62976 0.693815
63488 0.694279
64000 0.694707
64512 0.696062
65024 0.696488
65536 0.697571
66048 0.698104
66560 0.698524
67072 0.698918
67584 0.700349
68096 0.700729
68608 0.70188
69120 0.702255
69632 0.702619
70144 0.702977
70656 0.703325
71168 0.703668
71680 0.704008
72192 0.70434
72704 0.705604
73216 0.705918
73728 0.706222
74240 0.707453
74752 0.707755
75264 0.70895
75776 0.70925
76288 0.709532
76800 0.709795
77312 0.710435
77824 0.710694
78336 0.711885
78848 0.71214
79360 0.712394
79872 0.712647
80384 0.714175
80896 0.714426
81408 0.714656
81920 0.714872
82432 0.715482
82944 0.715691
83456 0.715892
83968 0.717428
84480 0.717902
84992 0.719173
85504 0.719352
86016 0.719527
86528 0.719697
87040 0.719852
87552 0.719983
88064 0.720103
88576 0.720769
89088 0.720886
89600 0.72099
90112 0.721085
90624 0.721162
91136 0.722476
91648 0.722551
92160 0.722617
92672 0.722929
93184 0.723632
93696 0.723798
94208 0.723856
94720 0.724892
95232 0.726043
95744 0.726425
96256 0.726472
96768 0.727152
97280 0.727176
97792 0.728411
98304 0.728432
98816 0.728446
99328 0.728456
99840 0.728457
100352 0.728728
100864 0.728812
