0 0.483854
512 0.488799
1024 0.493587
1536 0.498097
2048 0.501794
2560 0.505366
3072 0.508806
3584 0.512021
4096 0.515177
4608 0.518296
5120 0.521358
5632 0.524386
6144 0.527413
6656 0.530427
7168 0.533324
7680 0.536179
8192 0.538813
8704 0.541396
9216 0.543961
9728 0.546459
10240 0.548904
10752 0.551331
11264 0.553693
11776 0.556021
12288 0.558311
12800 0.560559
13312 0.563716
13824 0.565874
14336 0.568018
14848 0.570134
15360 0.572238
15872 0.57427
16384 0.576274
16896 0.578262
17408 0.580135
17920 0.582006
18432 0.583866
18944 0.585721
19456 0.587547
19968 0.589363
20480 0.59115
20992 0.592896
21504 0.59463
22016 0.596364
22528 0.599719
23040 0.601434
23552 0.603442
24064 0.605293
24576 0.60694
25088 0.608566
25600 0.610184
26112 0.61177
26624 0.613299
27136 0.614889
27648 0.616417
28160 0.617944
28672 0.619465
29184 0.620934
29696 0.622399
30208 0.623853
30720 0.625267
31232 0.626836
31744 0.62824
32256 0.629604
32768 0.630966
33280 0.632323
33792 0.633665
34304 0.634992
34816 0.636304
35328 0.637601
35840 0.638894
36352 0.64018
36864 0.641465
37376 0.642721
37888 0.64426
38400 0.645482
38912 0.646695
39424 0.647872
39936 0.649048
40448 0.650221
40960 0.651386
41472 0.652536
41984 0.653795
42496 0.654942
43008 0.656577
43520 0.657717
44032 0.65885
44544 0.659969
45056 0.661087
45568 0.662181
46080 0.663268
46592 0.664347
47104 0.665393
47616 0.666438
48128 0.667471
48640 0.668498
49152 0.66949
49664 0.670475
50176 0.671456
50688 0.672422
51200 0.674517
51712 0.675464
52224 0.676395
52736 0.677318
53248 0.678224
53760 0.6791
54272 0.67997
54784 0.680827
55296 0.681635
55808 0.68242
56320 0.683193
56832 0.683923
57344 0.684645
57856 0.685364
58368 0.686074
58880 0.686784
59392 0.687482
59904 0.688174
60416 0.688863
60928 0.689529
61440 0.690186
61952 0.691267
62464 0.691924
62976 0.692573
63488 0.693221
64000 0.693836
64512 0.694428
65024 0.695017
65536 0.695587
66048 0.696136
66560 0.696684
67072 0.697217
67584 0.697721
68096 0.698198
68608 0.698665
69120 0.69909
69632 0.699504
70144 0.700048
70656 0.701394
71168 0.701795
71680 0.702185
72192 0.702572
72704 0.702957
73216 0.703338
73728 0.703797
74240 0.704178
74752 0.704535
75264 0.704883
75776 0.705228
76288 0.705558
76800 0.705882
77312 0.706189
77824 0.707527
78336 0.707827
78848 0.708126
79360 0.708408
79872 0.708687
80384 0.709554
80896 0.709938
81408 0.711106
81920 0.71138
82432 0.711644
82944 0.711904
83456 0.712147
83968 0.712383
84480 0.712601
84992 0.712808
85504 0.712988
86016 0.713168
86528 0.713766
87040 0.714047
87552 0.714179
88064 0.714305
88576 0.71443
89088 0.715195
89600 0.715318
90112 0.71578
90624 0.715901
91136 0.716006
91648 0.7161
92160 0.71619
92672 0.716275
93184 0.716384
93696 0.716454
94208 0.716518
94720 0.716568
95232 0.716831
95744 0.716878
96256 0.716923
96768 0.716952
97280 0.71698
97792 0.717006
98304 0.717029
98816 0.717041
99328 0.717258
99840 0.717868
100352 0.718043
100864 0.718054
101376 0.718065
101888 0.718074
