0 0.509036
512 0.512969
1024 0.516867
1536 0.520231
2048 0.523534
2560 0.52681
3072 0.529958
3584 0.533012
4096 0.536049
4608 0.53891
5120 0.541709
5632 0.544495
6144 0.547224
6656 0.5499
7168 0.552423
7680 0.554942
8192 0.55739
8704 0.559801
9216 0.562164
9728 0.564489
10240 0.566708
10752 0.568885
11264 0.571055
11776 0.573193
12288 0.575278
12800 0.577358
13312 0.57985
13824 0.581913
14336 0.583927
14848 0.585929
15360 0.587922
15872 0.590106
16384 0.592056
16896 0.593995
17408 0.595933
17920 0.597859
18432 0.599749
18944 0.601796
19456 0.603669
19968 0.606444
20480 0.608297
20992 0.61013
21504 0.611921
22016 0.613676
22528 0.615404
23040 0.617124
23552 0.618834
24064 0.620529
24576 0.622462
25088 0.624152
25600 0.625801
26112 0.627297
26624 0.628769
27136 0.630221
27648 0.63165
28160 0.633679
28672 0.635086
29184 0.636476
29696 0.637846
30208 0.639202
30720 0.640514
31232 0.642014
31744 0.643215
32256 0.644393
32768 0.645552
33280 0.6467
33792 0.647821
34304 0.649548
34816 0.650667
35328 0.653048
35840 0.654131
36352 0.655207
36864 0.656269
37376 0.657303
37888 0.658334
38400 0.65933
38912 0.660421
39424 0.661438
39936 0.662589
40448 0.663578
40960 0.664552
41472 0.665524
41984 0.666548
42496 0.667492
43008 0.668382
43520 0.669219
44032 0.670038
44544 0.670828
45056 0.671613
45568 0.672677
46080 0.673445
46592 0.674199
47104 0.674948
47616 0.675692
48128 0.67697
48640 0.677683
49152 0.678374
49664 0.679061
50176 0.681008
50688 0.68169
51200 0.682363
51712 0.683024
52224 0.68367
52736 0.684309
53248 0.684907
53760 0.685494
54272 0.686077
54784 0.687188
55296 0.68777
55808 0.688344
56320 0.6889
56832 0.689443
57344 0.689882
57856 0.691
58368 0.691417
58880 0.691881
59392 0.69226
59904 0.692635
60416 0.693007
60928 0.693376
61440 0.693744
61952 0.694102
62464 0.69505
62976 0.695405
63488 0.695735
64000 0.696059
64512 0.696353
65024 0.696668
65536 0.696957
66048 0.697244
66560 0.697527
67072 0.69781
67584 0.698283
68096 0.698551
68608 0.698943
69120 0.699799
69632 0.700496
70144 0.700837
70656 0.701101
71168 0.701353
71680 0.701595
72192 0.701837
72704 0.702055
73216 0.702256
73728 0.702543
74240 0.70273
74752 0.702904
75264 0.703077
75776 0.703248
76288 0.703357
76800 0.703967
77312 0.70407
77824 0.70415
78336 0.704884
78848 0.704956
79360 0.705019
79872 0.705076
80384 0.705276
80896 0.705779
81408 0.706654
81920 0.707374
82432 0.708023
82944 0.708426
83456 0.709607
83968 0.709801
84480 0.709851
84992 0.709901
85504 0.710163
86016 0.710208
86528 0.712055
87040 0.713137
87552 0.713178
88064 0.713301
88576 0.713336
89088 0.713722
89600 0.714064
90112 0.71418
90624 0.714603
91136 0.714667
91648 0.7147
92160 0.714723
92672 0.714746
93184 0.714755
