0 0.494612
512 0.499153
1024 0.503486
1536 0.507496
2048 0.51135
2560 0.515157
3072 0.518862
3584 0.5223
4096 0.525617
4608 0.528768
5120 0.531886
5632 0.534951
6144 0.537991
6656 0.540868
7168 0.543609
7680 0.546269
8192 0.548923
8704 0.551571
9216 0.554175
9728 0.556776
10240 0.55926
10752 0.561674
11264 0.564082
11776 0.56644
12288 0.568777
12800 0.571845
13312 0.57404
13824 0.576483
14336 0.578601
14848 0.580624
15360 0.582615
15872 0.584498
16384 0.586376
16896 0.588205
17408 0.590025
17920 0.592692
18432 0.594503
18944 0.596309
19456 0.598087
19968 0.599843
20480 0.601838
20992 0.603556
21504 0.605466
22016 0.607155
22528 0.608818
23040 0.610462
23552 0.61209
24064 0.613713
24576 0.615317
25088 0.616918
25600 0.618514
26112 0.620093
26624 0.622624
27136 0.624199
27648 0.625746
28160 0.627703
28672 0.62924
29184 0.630758
29696 0.632224
30208 0.633663
30720 0.635102
31232 0.636419
31744 0.637731
32256 0.639024
32768 0.64031
33280 0.641577
33792 0.643186
34304 0.644429
34816 0.645927
35328 0.647161
35840 0.64835
36352 0.649517
36864 0.650681
37376 0.651815
37888 0.652933
38400 0.654035
38912 0.655126
39424 0.656972
39936 0.658058
40448 0.659132
40960 0.660166
41472 0.661564
41984 0.662533
42496 0.66349
43008 0.66444
43520 0.665385
44032 0.666307
44544 0.667222
45056 0.668113
45568 0.668988
46080 0.66985
46592 0.67067
47104 0.671489
47616 0.672836
48128 0.673619
48640 0.674397
49152 0.67552
49664 0.676284
50176 0.677048
50688 0.677801
51200 0.679067
51712 0.679796
52224 0.680505
52736 0.681208
53248 0.682129
53760 0.682826
54272 0.683515
54784 0.6842
55296 0.684881
55808 0.685552
56320 0.686212
56832 0.686851
57344 0.687429
57856 0.687984
58368 0.688531
58880 0.689763
59392 0.690295
59904 0.691476
60416 0.692358
60928 0.69295
61440 0.69398
61952 0.694506
62464 0.695021
62976 0.695528
63488 0.696032
64000 0.696691
64512 0.697226
65024 0.697706
65536 0.698166
66048 0.699327
66560 0.700139
67072 0.700635
67584 0.701077
68096 0.701504
68608 0.701918
69120 0.702949
69632 0.703747
70144 0.704817
70656 0.705231
71168 0.705632
71680 0.706005
72192 0.70637
72704 0.70672
73216 0.707069
73728 0.707782
74240 0.70813
74752 0.708475
75264 0.708779
75776 0.709474
76288 0.709978
76800 0.710278
77312 0.710565
77824 0.710913
78336 0.711191
78848 0.711464
79360 0.711729
79872 0.711987
80384 0.712239
80896 0.712484
81408 0.713039
81920 0.713269
82432 0.71354
82944 0.71377
83456 0.713997
83968 0.714218
84480 0.715058
84992 0.715401
85504 0.715619
86016 0.715822
86528 0.716025
87040 0.716415
87552 0.716612
88064 0.716789
88576 0.716999
89088 0.71822
89600 0.718388
90112 0.719848
90624 0.720007
91136 0.720141
91648 0.720266
92160 0.720388
92672 0.720502
93184 0.720607
93696 0.721873
94208 0.722564
94720 0.722739
95232 0.722843
95744 0.722938
96256 0.723022
96768 0.723086
97280 0.723143
97792 0.723379
98304 0.72343
98816 0.723477
99328 0.724157
99840 0.72418
100352 0.724624
100864 0.724646
101376 0.724691
101888 0.724707
102400 0.725318
102912 0.725653
103424 0.725662
103936 0.725668
104448 0.725672
