0 0.481581
512 0.486298
1024 0.491576
1536 0.496152
2048 0.500491
2560 0.504296
3072 0.508045
3584 0.51151
4096 0.515569
4608 0.519005
5120 0.522435
5632 0.525732
6144 0.528911
6656 0.531865
7168 0.535391
7680 0.538175
8192 0.540926
8704 0.543591
9216 0.546205
9728 0.548808
10240 0.55141
10752 0.554004
11264 0.556505
11776 0.55899
12288 0.561421
12800 0.563774
13312 0.566108
13824 0.568431
14336 0.57074
14848 0.573039
15360 0.575229
15872 0.577666
16384 0.579799
16896 0.581867
17408 0.583909
17920 0.58583
18432 0.587694
18944 0.589552
19456 0.591354
19968 0.593984
20480 0.595715
20992 0.597427
21504 0.599077
22016 0.600721
22528 0.602364
23040 0.603972
23552 0.60558
24064 0.607186
24576 0.608792
25088 0.610365
25600 0.611903
26112 0.61342
26624 0.614936
27136 0.616426
27648 0.617903
28160 0.619309
28672 0.620686
29184 0.622027
29696 0.623368
30208 0.625197
30720 0.626529
31232 0.627843
31744 0.630185
32256 0.631411
32768 0.632688
33280 0.634571
33792 0.635795
34304 0.637
34816 0.638191
35328 0.639368
35840 0.640538
36352 0.641707
36864 0.64287
37376 0.644029
37888 0.645183
38400 0.646299
38912 0.647391
39424 0.648474
39936 0.649511
40448 0.65053
40960 0.651519
41472 0.653346
41984 0.654321
42496 0.655295
43008 0.656268
43520 0.657409
44032 0.658374
44544 0.659331
45056 0.660244
45568 0.661149
46080 0.662025
46592 0.662842
47104 0.663655
47616 0.664463
48128 0.665909
48640 0.66671
49152 0.667504
49664 0.668287
50176 0.669055
50688 0.669821
51200 0.67058
51712 0.671974
52224 0.672728
52736 0.673462
53248 0.674475
53760 0.675195
54272 0.675909
54784 0.67661
55296 0.677307
55808 0.677997
56320 0.678681
56832 0.679767
57344 0.680819
57856 0.681831
58368 0.682484
58880 0.683485
59392 0.684124
59904 0.684753
60416 0.685382
60928 0.686354
61440 0.686977
61952 0.687571
62464 0.68816
62976 0.688743
63488 0.689304
64000 0.689855
64512 0.690405
65024 0.691374
65536 0.691991
66048 0.69254
66560 0.693081
67072 0.693618
67584 0.694148
68096 0.694674
68608 0.695198
69120 0.695911
69632 0.696418
70144 0.697937
70656 0.698437
71168 0.698918
71680 0.701137
72192 0.702132
72704 0.7026
73216 0.703512
73728 0.703968
74240 0.704414
74752 0.704847
75264 0.705263
75776 0.705728
76288 0.706142
76800 0.706553
77312 0.707207
77824 0.707597
78336 0.707985
78848 0.708786
79360 0.709161
79872 0.709572
80384 0.709943
80896 0.710309
81408 0.711403
81920 0.711748
82432 0.71209
82944 0.712405
83456 0.712696
83968 0.712967
84480 0.713234
84992 0.713498
85504 0.713739
86016 0.713962
86528 0.714606
87040 0.714824
87552 0.715034
88064 0.715214
88576 0.715384
89088 0.715524
89600 0.715656
90112 0.715787
90624 0.716466
91136 0.716589
91648 0.716701
92160 0.716795
92672 0.716882
93184 0.717647
93696 0.71792
94208 0.718005
94720 0.718089
95232 0.718169
95744 0.718245
96256 0.718306
96768 0.718352
97280 0.719503
97792 0.719868
98304 0.72192
98816 0.722416
99328 0.722443
99840 0.723036
100352 0.723903
100864 0.723971
101376 0.723986
101888 0.724
102400 0.724009
102912 0.724015
103424 0.724693
