0 0.493273
512 0.498071
1024 0.502168
1536 0.506057
2048 0.509722
2560 0.513318
3072 0.516911
3584 0.520439
4096 0.523872
4608 0.526926
5120 0.529835
5632 0.53328
6144 0.535926
6656 0.538455
7168 0.540944
7680 0.543377
8192 0.545785
8704 0.548165
9216 0.55053
9728 0.55289
10240 0.555139
10752 0.55738
11264 0.559591
11776 0.561711
12288 0.563786
12800 0.565821
13312 0.567839
13824 0.56981
14336 0.571728
14848 0.574095
15360 0.576002
15872 0.577895
16384 0.580237
16896 0.582077
17408 0.58391
17920 0.585711
18432 0.587591
18944 0.58948
19456 0.591225
19968 0.59294
20480 0.594627
20992 0.596312
21504 0.597979
22016 0.599623
22528 0.601252
23040 0.602879
23552 0.604498
24064 0.606099
24576 0.608714
25088 0.610286
25600 0.61184
26112 0.613392
26624 0.61493
27136 0.616446
27648 0.617945
28160 0.619369
28672 0.620789
29184 0.6222
29696 0.623591
30208 0.624979
30720 0.626349
31232 0.627815
31744 0.630075
32256 0.631435
32768 0.63277
33280 0.634082
33792 0.635384
34304 0.636678
34816 0.638122
35328 0.63939
35840 0.640636
36352 0.641875
36864 0.643104
37376 0.644325
37888 0.64554
38400 0.646708
38912 0.64787
39424 0.649028
39936 0.650805
40448 0.651937
40960 0.653034
41472 0.654127
41984 0.655209
42496 0.656265
43008 0.657289
43520 0.658285
44032 0.659444
44544 0.660407
45056 0.661352
45568 0.662296
46080 0.663234
46592 0.664126
47104 0.665017
47616 0.66586
48128 0.66668
48640 0.667493
49152 0.668295
49664 0.669066
50176 0.670217
50688 0.670982
51200 0.671743
51712 0.672488
52224 0.673223
52736 0.674277
53248 0.675003
53760 0.676097
54272 0.677002
54784 0.677689
55296 0.678339
55808 0.678989
56320 0.68014
56832 0.681401
57344 0.682049
57856 0.682696
58368 0.68333
58880 0.683957
59392 0.684576
59904 0.685692
60416 0.686274
60928 0.686899
61440 0.687468
61952 0.687997
62464 0.688782
62976 0.689407
63488 0.690019
64000 0.691024
64512 0.691548
65024 0.692055
65536 0.692482
66048 0.692869
66560 0.694064
67072 0.694618
67584 0.695648
68096 0.69659
68608 0.697031
69120 0.697408
69632 0.697765
70144 0.698114
70656 0.698434
71168 0.698705
71680 0.698973
72192 0.699231
72704 0.699443
73216 0.700025
73728 0.700232
74240 0.700435
74752 0.70145
75264 0.701692
75776 0.701873
76288 0.702048
76800 0.702218
77312 0.702356
77824 0.703213
78336 0.703347
78848 0.703471
79360 0.703594
79872 0.703978
80384 0.704098
80896 0.704849
81408 0.705548
81920 0.706361
82432 0.706473
82944 0.706565
83456 0.706654
83968 0.707148
84480 0.707235
84992 0.707315
85504 0.707451
86016 0.709398
86528 0.709681
87040 0.70974
87552 0.710697
88064 0.711065
88576 0.711117
89088 0.711168
89600 0.711218
90112 0.71188
90624 0.712316
91136 0.712363
91648 0.712398
92160 0.712429
92672 0.71244
93184 0.71347
93696 0.713475
94208 0.713478
94720 0.713652
