0 0.498051
512 0.502653
1024 0.506544
1536 0.510185
2048 0.51362
2560 0.517031
3072 0.520429
3584 0.523727
4096 0.526821
4608 0.529657
5120 0.532413
5632 0.535139
6144 0.537703
6656 0.540266
7168 0.542805
7680 0.545322
8192 0.547796
8704 0.550235
9216 0.552642
9728 0.555018
10240 0.557356
10752 0.559649
11264 0.561939
11776 0.564214
12288 0.566423
12800 0.568573
13312 0.570715
13824 0.572849
14336 0.574955
14848 0.576959
15360 0.578891
15872 0.580817
16384 0.582681
16896 0.584544
17408 0.58636
17920 0.58816
18432 0.589955
18944 0.591718
19456 0.593443
19968 0.595157
20480 0.596866
20992 0.598528
21504 0.600184
22016 0.601803
22528 0.603413
23040 0.605009
23552 0.606567
24064 0.608122
24576 0.60992
25088 0.611438
25600 0.612939
26112 0.614408
26624 0.615818
27136 0.618561
27648 0.619963
28160 0.621629
28672 0.623242
29184 0.624617
29696 0.625979
30208 0.627334
30720 0.62864
31232 0.62991
31744 0.631178
32256 0.632417
32768 0.633653
33280 0.634871
33792 0.636081
34304 0.637276
34816 0.638467
35328 0.639652
35840 0.640823
36352 0.641984
36864 0.643132
37376 0.644255
37888 0.645357
38400 0.646452
38912 0.647551
39424 0.648633
39936 0.650407
40448 0.651475
40960 0.65252
41472 0.653554
41984 0.655435
42496 0.656431
43008 0.657388
43520 0.658326
44032 0.659251
44544 0.660315
45056 0.661214
45568 0.662111
46080 0.662995
46592 0.663873
47104 0.664728
47616 0.665948
48128 0.666795
48640 0.667615
49152 0.668426
49664 0.669237
50176 0.670027
50688 0.67081
51200 0.671585
51712 0.672358
52224 0.673592
52736 0.674328
53248 0.675051
53760 0.675772
54272 0.67647
54784 0.677161
55296 0.677851
55808 0.67853
56320 0.679204
56832 0.679871
57344 0.680529
57856 0.681178
58368 0.681942
58880 0.682585
59392 0.683214
59904 0.683832
60416 0.684447
60928 0.685051
61440 0.68564
61952 0.686223
62464 0.686799
62976 0.687374
63488 0.689027
64000 0.689583
64512 0.690136
65024 0.691202
65536 0.691732
66048 0.69226
66560 0.692822
67072 0.693486
67584 0.693988
68096 0.694471
68608 0.695095
69120 0.695799
69632 0.696264
70144 0.696727
70656 0.697189
71168 0.697637
71680 0.698081
72192 0.699393
72704 0.699832
73216 0.700266
73728 0.700692
74240 0.701118
74752 0.701543
75264 0.70196
75776 0.702367
76288 0.702768
76800 0.703144
77312 0.703513
77824 0.703881
78336 0.704246
78848 0.704925
79360 0.706433
79872 0.706946
80384 0.70729
80896 0.707876
81408 0.708164
81920 0.708448
82432 0.70872
82944 0.708981
83456 0.709224
83968 0.709461
84480 0.709691
84992 0.709912
85504 0.71012
86016 0.71031
86528 0.710486
87040 0.711891
87552 0.712091
88064 0.712245
88576 0.712397
89088 0.712536
89600 0.712668
90112 0.712787
90624 0.713163
91136 0.71328
91648 0.713389
92160 0.713497
92672 0.714159
93184 0.714263
93696 0.714355
94208 0.714886
94720 0.714974
95232 0.715062
95744 0.715148
96256 0.715228
96768 0.715289
97280 0.715412
97792 0.715472
98304 0.715525
98816 0.715552
99328 0.715574
99840 0.715596
100352 0.715614
100864 0.715624
101376 0.715719
101888 0.715728
102400 0.715729
