0 0.510223
512 0.514557
1024 0.51865
1536 0.522149
2048 0.525633
2560 0.528931
3072 0.53219
3584 0.535376
4096 0.538553
4608 0.541675
5120 0.544778
5632 0.547832
6144 0.550787
6656 0.553491
7168 0.55616
7680 0.558798
8192 0.56133
8704 0.56379
9216 0.566135
9728 0.568458
10240 0.57074
10752 0.572865
11264 0.576094
11776 0.578172
12288 0.580236
12800 0.582284
13312 0.584288
13824 0.586256
14336 0.588198
14848 0.590122
15360 0.592006
15872 0.593849
16384 0.595682
16896 0.597511
17408 0.599337
17920 0.601142
18432 0.603215
18944 0.605207
19456 0.606992
19968 0.608776
20480 0.610551
20992 0.612302
21504 0.614261
22016 0.616002
22528 0.617722
23040 0.619429
23552 0.621454
24064 0.623108
24576 0.624742
25088 0.626348
25600 0.627786
26112 0.629206
26624 0.630588
27136 0.632171
27648 0.633537
28160 0.634881
28672 0.636193
29184 0.637493
29696 0.638791
30208 0.64003
30720 0.641261
31232 0.642455
31744 0.6436
32256 0.644737
32768 0.645871
33280 0.646989
33792 0.648083
34304 0.649165
34816 0.650227
35328 0.651288
35840 0.652298
36352 0.653212
36864 0.654087
37376 0.654961
37888 0.655835
38400 0.656686
38912 0.657514
39424 0.658315
39936 0.659108
40448 0.659899
40960 0.660672
41472 0.661439
41984 0.662202
42496 0.662943
43008 0.663674
43520 0.664371
44032 0.665019
44544 0.665617
45056 0.667996
45568 0.668579
46080 0.669148
46592 0.669705
47104 0.670239
47616 0.671202
48128 0.672014
48640 0.672548
49152 0.674009
49664 0.674533
50176 0.675046
50688 0.675552
51200 0.676053
51712 0.676528
52224 0.676999
52736 0.67747
53248 0.677927
53760 0.679095
54272 0.679681
54784 0.680255
55296 0.680689
55808 0.681115
56320 0.681533
56832 0.681934
57344 0.682582
57856 0.683336
58368 0.683726
58880 0.684113
59392 0.684492
59904 0.684867
60416 0.685239
60928 0.685941
61440 0.686343
61952 0.686707
62464 0.687467
62976 0.688975
63488 0.68962
64000 0.689977
64512 0.690825
65024 0.691175
65536 0.691888
66048 0.692236
66560 0.692577
67072 0.693657
67584 0.693998
68096 0.694329
68608 0.695248
69120 0.695715
69632 0.696044
70144 0.696359
70656 0.696665
71168 0.696965
71680 0.697236
72192 0.697472
72704 0.697994
73216 0.698205
73728 0.698383
74240 0.698556
74752 0.698715
75264 0.699148
75776 0.699282
76288 0.699414
76800 0.699537
77312 0.699654
77824 0.69977
78336 0.699882
78848 0.700335
79360 0.700439
79872 0.700541
80384 0.700774
80896 0.702605
81408 0.703197
81920 0.703548
82432 0.703744
82944 0.703839
83456 0.703932
83968 0.70402
84480 0.705366
84992 0.705453
85504 0.705538
86016 0.705611
86528 0.705684
87040 0.705748
87552 0.705812
88064 0.707118
88576 0.707268
89088 0.707832
89600 0.707876
90112 0.707917
90624 0.708948
91136 0.708988
91648 0.709015
92160 0.71026
92672 0.710902
93184 0.711312
93696 0.71153
94208 0.71155
94720 0.711554
95232 0.711556
