0 0.514274
512 0.518617
1024 0.522444
1536 0.525614
2048 0.528668
2560 0.531621
3072 0.534569
3584 0.537515
4096 0.540101
4608 0.542605
5120 0.544993
5632 0.547361
6144 0.549629
6656 0.551894
7168 0.554539
7680 0.556789
8192 0.559006
8704 0.561168
9216 0.563326
9728 0.565428
10240 0.567527
10752 0.569604
11264 0.571969
11776 0.574039
12288 0.576077
12800 0.578067
13312 0.580038
13824 0.581998
14336 0.583927
14848 0.585842
15360 0.587708
15872 0.589572
16384 0.591426
16896 0.593255
17408 0.595052
17920 0.596845
18432 0.598622
18944 0.600387
19456 0.602998
19968 0.604761
20480 0.606465
20992 0.608138
21504 0.609772
22016 0.611384
22528 0.613787
23040 0.615335
23552 0.616981
24064 0.618528
24576 0.620067
25088 0.6216
25600 0.623113
26112 0.624625
26624 0.626116
27136 0.627579
27648 0.628999
28160 0.630483
28672 0.631881
29184 0.63327
29696 0.634582
30208 0.63588
30720 0.637174
31232 0.638442
31744 0.63968
32256 0.640894
32768 0.642101
33280 0.643283
33792 0.644446
34304 0.645597
34816 0.646747
35328 0.647893
35840 0.649009
36352 0.650109
36864 0.651204
37376 0.652298
37888 0.653376
38400 0.654392
38912 0.655399
39424 0.657148
39936 0.658111
40448 0.659068
40960 0.659987
41472 0.660882
41984 0.661756
42496 0.662986
43008 0.663824
43520 0.664629
44032 0.66543
44544 0.666228
45056 0.667024
45568 0.668056
46080 0.669614
46592 0.670389
47104 0.671149
47616 0.671903
48128 0.672722
48640 0.673434
49152 0.674124
49664 0.674799
50176 0.675472
50688 0.676145
51200 0.676807
51712 0.677458
52224 0.678728
52736 0.679377
53248 0.680025
53760 0.681286
54272 0.681913
54784 0.682527
55296 0.683138
55808 0.683745
56320 0.684955
56832 0.685544
57344 0.686127
57856 0.686697
58368 0.687248
58880 0.688149
59392 0.688686
59904 0.689182
60416 0.689669
60928 0.690152
61440 0.690633
61952 0.691113
62464 0.691583
62976 0.692043
63488 0.692502
64000 0.692937
64512 0.69336
65024 0.693775
65536 0.694166
66048 0.694897
66560 0.695594
67072 0.696092
67584 0.696482
68096 0.696865
68608 0.697244
69120 0.697614
69632 0.698389
70144 0.698738
70656 0.699086
71168 0.699434
71680 0.699749
72192 0.700062
72704 0.700371
73216 0.701581
73728 0.702307
74240 0.703055
74752 0.703352
75264 0.703634
75776 0.704003
76288 0.704284
76800 0.704505
77312 0.704721
77824 0.704917
78336 0.705098
78848 0.705269
79360 0.705436
79872 0.706617
80384 0.706771
80896 0.706911
81408 0.707626
81920 0.707926
82432 0.708059
82944 0.708193
83456 0.708321
83968 0.708539
84480 0.708648
84992 0.708737
85504 0.708824
86016 0.708891
86528 0.708946
87040 0.710123
87552 0.710174
88064 0.710233
88576 0.710856
89088 0.710897
89600 0.712214
90112 0.712255
90624 0.712264
91136 0.712272
91648 0.712792
92160 0.713779
