0 0.512602
512 0.516083
1024 0.519484
1536 0.522665
2048 0.525736
2560 0.528779
3072 0.531682
3584 0.534538
4096 0.537354
4608 0.540074
5120 0.542722
5632 0.545354
6144 0.547949
6656 0.550982
7168 0.553467
7680 0.555931
8192 0.558371
8704 0.560811
9216 0.563223
9728 0.565599
10240 0.567948
10752 0.570259
11264 0.572489
11776 0.574716
12288 0.576929
12800 0.580081
13312 0.582285
13824 0.584483
14336 0.58662
14848 0.588748
15360 0.590871
15872 0.592986
16384 0.595079
16896 0.597102
17408 0.59962
17920 0.601581
18432 0.603469
18944 0.605324
19456 0.607148
19968 0.608893
20480 0.610591
20992 0.612287
21504 0.614804
22016 0.616453
22528 0.618079
23040 0.619644
23552 0.621188
24064 0.622725
24576 0.624261
25088 0.625787
25600 0.627291
26112 0.628782
26624 0.630213
27136 0.631582
27648 0.632928
28160 0.634266
28672 0.635594
29184 0.63692
29696 0.638245
30208 0.639565
30720 0.640885
31232 0.642197
31744 0.643486
32256 0.644756
32768 0.646012
33280 0.647234
33792 0.648428
34304 0.649616
34816 0.650714
35328 0.652406
35840 0.653437
36352 0.654804
36864 0.655822
37376 0.657199
37888 0.658202
38400 0.659168
38912 0.661263
39424 0.662212
39936 0.66316
40448 0.664107
40960 0.665635
41472 0.666579
41984 0.667517
42496 0.668452
43008 0.669354
43520 0.670241
44032 0.671104
44544 0.671965
45056 0.67282
45568 0.673675
46080 0.67446
46592 0.675234
47104 0.676002
47616 0.676754
48128 0.677499
48640 0.678224
49152 0.678945
49664 0.679659
50176 0.68034
50688 0.681152
51200 0.6818
51712 0.682665
52224 0.683297
52736 0.68392
53248 0.684524
53760 0.685122
54272 0.685717
54784 0.686307
55296 0.686895
55808 0.687463
56320 0.688024
56832 0.688577
57344 0.689127
57856 0.68967
58368 0.690213
58880 0.690755
59392 0.691294
59904 0.691827
60416 0.692354
60928 0.692864
61440 0.693358
61952 0.693824
62464 0.694289
62976 0.694748
63488 0.695187
64000 0.696195
64512 0.696586
65024 0.696976
65536 0.697358
66048 0.697723
66560 0.698072
67072 0.69883
67584 0.69916
68096 0.699986
68608 0.700481
69120 0.700786
69632 0.701086
70144 0.701354
70656 0.701569
71168 0.702231
71680 0.702429
72192 0.702612
72704 0.703542
73216 0.703716
73728 0.704917
74240 0.705077
74752 0.705558
75264 0.705717
75776 0.705857
76288 0.705991
76800 0.7061
77312 0.706204
77824 0.706301
78336 0.70639
78848 0.70647
79360 0.706551
79872 0.706613
80384 0.706748
80896 0.706808
81408 0.706861
81920 0.706914
82432 0.706958
82944 0.706998
83456 0.707031
83968 0.707665
84480 0.707694
84992 0.707698
