0 0.482775
512 0.48792
1024 0.492068
1536 0.496176
2048 0.500235
2560 0.503606
3072 0.506657
3584 0.509705
4096 0.512694
4608 0.515661
5120 0.5186
5632 0.521535
6144 0.524468
6656 0.52738
7168 0.53022
7680 0.53368
8192 0.536479
8704 0.539168
9216 0.54184
9728 0.544454
10240 0.54701
10752 0.549471
11264 0.551925
11776 0.554352
12288 0.55674
12800 0.559027
13312 0.56141
13824 0.56369
14336 0.565932
14848 0.568152
15360 0.570346
15872 0.572425
16384 0.574542
16896 0.576613
17408 0.57866
17920 0.580649
18432 0.582621
18944 0.584583
19456 0.586969
19968 0.588845
20480 0.590711
20992 0.592525
21504 0.594296
22016 0.596078
22528 0.59779
23040 0.599493
23552 0.601135
24064 0.603752
24576 0.605393
25088 0.607027
25600 0.608646
26112 0.610261
26624 0.611875
27136 0.613487
27648 0.61506
28160 0.616599
28672 0.618485
29184 0.620022
29696 0.621531
30208 0.623028
30720 0.624522
31232 0.625975
31744 0.627421
32256 0.628849
32768 0.630237
33280 0.631598
33792 0.632958
34304 0.634268
34816 0.635561
35328 0.636849
35840 0.638135
36352 0.639404
36864 0.640651
37376 0.642669
37888 0.643914
38400 0.645129
38912 0.646293
39424 0.647457
39936 0.648608
40448 0.649731
40960 0.650851
41472 0.651969
41984 0.653075
42496 0.654147
43008 0.656075
43520 0.657139
44032 0.658153
44544 0.65915
45056 0.660114
45568 0.661072
46080 0.662082
46592 0.66303
47104 0.663975
47616 0.664905
48128 0.665832
48640 0.666736
49152 0.667638
49664 0.668537
50176 0.669425
50688 0.670303
51200 0.671165
51712 0.672021
52224 0.672866
52736 0.673949
53248 0.674768
53760 0.675574
54272 0.676359
54784 0.677112
55296 0.677844
55808 0.678571
56320 0.679719
56832 0.680432
57344 0.681137
57856 0.68183
58368 0.682521
58880 0.683199
59392 0.683861
59904 0.684513
60416 0.685156
60928 0.685791
61440 0.68642
61952 0.687001
62464 0.687565
62976 0.688123
63488 0.68926
64000 0.689814
64512 0.690367
65024 0.690915
65536 0.69145
66048 0.692413
66560 0.692935
67072 0.693452
67584 0.693941
68096 0.6944
68608 0.694842
69120 0.695284
69632 0.695714
70144 0.69689
70656 0.697282
71168 0.697665
71680 0.698045
72192 0.699227
72704 0.700029
73216 0.700495
73728 0.70085
74240 0.701183
74752 0.702827
75264 0.703334
75776 0.703679
76288 0.704684
76800 0.705001
77312 0.706239
77824 0.706546
78336 0.706845
78848 0.70713
79360 0.707411
79872 0.707664
80384 0.707916
80896 0.70816
81408 0.709768
81920 0.71001
82432 0.710252
82944 0.710488
83456 0.710717
83968 0.710946
84480 0.711455
84992 0.711831
85504 0.712043
86016 0.71281
86528 0.713012
87040 0.713208
87552 0.713388
88064 0.713564
88576 0.713723
89088 0.713877
89600 0.71403
90112 0.714182
90624 0.714328
91136 0.71539
91648 0.715524
92160 0.715648
92672 0.715757
93184 0.715865
93696 0.71596
94208 0.716037
94720 0.716099
95232 0.716289
95744 0.716469
96256 0.716579
96768 0.717606
97280 0.717628
97792 0.717649
98304 0.717664
98816 0.71878
99328 0.719208
99840 0.719222
100352 0.719233
100864 0.719237
