0 0.502902
512 0.507431
1024 0.511294
1536 0.514868
2048 0.51825
2560 0.521228
3072 0.52408
3584 0.526819
4096 0.529531
4608 0.532185
5120 0.53482
5632 0.537425
6144 0.540027
6656 0.542618
7168 0.545176
7680 0.547614
8192 0.54999
8704 0.552329
9216 0.554639
9728 0.556918
10240 0.559198
10752 0.562561
11264 0.564806
11776 0.566992
12288 0.569104
12800 0.571215
13312 0.573273
13824 0.575318
14336 0.577323
14848 0.579302
15360 0.581243
15872 0.583737
16384 0.585633
16896 0.587471
17408 0.589298
17920 0.591064
18432 0.5928
18944 0.594526
19456 0.596242
19968 0.597941
20480 0.599626
20992 0.601299
21504 0.602908
22016 0.604498
22528 0.606027
23040 0.607541
23552 0.609037
24064 0.61053
24576 0.611957
25088 0.613256
25600 0.614546
26112 0.61583
26624 0.617099
27136 0.618355
27648 0.619591
28160 0.620814
28672 0.622455
29184 0.623648
29696 0.624835
30208 0.626012
30720 0.627174
31232 0.628326
31744 0.629459
32256 0.63058
32768 0.631696
33280 0.632795
33792 0.633889
34304 0.634982
34816 0.636067
35328 0.637141
35840 0.63821
36352 0.640041
36864 0.641068
37376 0.642091
37888 0.643088
38400 0.644071
38912 0.645046
39424 0.646157
39936 0.64713
40448 0.648078
40960 0.649022
41472 0.64996
41984 0.650884
42496 0.651783
43008 0.652661
43520 0.653528
44032 0.65439
44544 0.655252
45056 0.656111
45568 0.656967
46080 0.65781
46592 0.658811
47104 0.65963
47616 0.660665
48128 0.661905
48640 0.662722
49152 0.663531
49664 0.664338
50176 0.665268
50688 0.666155
51200 0.6671
51712 0.668264
52224 0.669407
52736 0.67021
53248 0.671001
53760 0.671775
54272 0.672539
54784 0.673274
55296 0.673988
55808 0.674693
56320 0.675341
56832 0.675985
57344 0.676624
57856 0.677251
58368 0.677869
58880 0.678466
59392 0.679208
59904 0.679799
60416 0.68038
60928 0.68095
61440 0.681514
61952 0.682699
62464 0.683288
62976 0.683847
63488 0.684403
64000 0.684953
64512 0.685474
65024 0.686011
65536 0.68652
66048 0.687722
66560 0.688717
67072 0.68922
67584 0.689875
68096 0.690364
68608 0.690839
69120 0.691443
69632 0.692126
70144 0.692669
70656 0.69314
71168 0.693604
71680 0.694062
72192 0.694518
72704 0.694967
73216 0.695394
73728 0.695819
74240 0.696236
74752 0.696626
75264 0.697
75776 0.697369
76288 0.697738
76800 0.698102
77312 0.699783
77824 0.70014
78336 0.701414
78848 0.70175
79360 0.702423
79872 0.702725
80384 0.70392
80896 0.70422
81408 0.704514
81920 0.704802
82432 0.70508
82944 0.705357
83456 0.705627
83968 0.705885
84480 0.706764
84992 0.707437
85504 0.707656
86016 0.708514
86528 0.708729
87040 0.708943
87552 0.710078
88064 0.710306
88576 0.710508
89088 0.711179
89600 0.711377
90112 0.712051
90624 0.712468
91136 0.712648
91648 0.712823
92160 0.713181
92672 0.713556
93184 0.713755
93696 0.714544
94208 0.71476
94720 0.714889
95232 0.714993
95744 0.715097
96256 0.71548
96768 0.71558
97280 0.716089
97792 0.716171
98304 0.716247
98816 0.716336
99328 0.716412
99840 0.716482
100352 0.716534
100864 0.716581
101376 0.717261
101888 0.717299
102400 0.71733
102912 0.717607
103424 0.718583
103936 0.718974
104448 0.718988
104960 0.718993
105472 0.718995
