0 0.508475
512 0.513657
1024 0.51784
1536 0.521878
2048 0.525338
2560 0.528603
3072 0.531723
3584 0.534785
4096 0.537781
4608 0.541306
5120 0.544293
5632 0.547119
6144 0.54986
6656 0.552557
7168 0.55515
7680 0.557651
8192 0.560111
8704 0.56254
9216 0.564964
9728 0.567357
10240 0.569748
10752 0.572109
11264 0.574436
11776 0.576732
12288 0.579009
12800 0.581259
13312 0.583503
13824 0.585737
14336 0.5883
14848 0.590437
15360 0.592563
15872 0.594603
16384 0.596627
16896 0.598649
17408 0.600634
17920 0.602575
18432 0.604514
18944 0.606449
19456 0.608334
19968 0.610195
20480 0.612028
20992 0.61385
21504 0.61565
22016 0.617412
22528 0.619118
23040 0.620819
23552 0.622456
24064 0.624071
24576 0.625684
25088 0.627292
25600 0.628896
26112 0.630475
26624 0.632041
27136 0.6336
27648 0.635142
28160 0.637285
28672 0.638821
29184 0.640274
29696 0.642111
30208 0.643541
30720 0.644966
31232 0.646367
31744 0.64763
32256 0.648889
32768 0.650536
33280 0.652561
33792 0.653775
34304 0.654989
34816 0.656202
35328 0.657339
35840 0.658472
36352 0.659654
36864 0.660772
37376 0.661859
37888 0.662933
38400 0.664003
38912 0.66507
39424 0.666088
39936 0.667064
40448 0.668021
40960 0.66897
41472 0.669881
41984 0.670787
42496 0.671659
43008 0.672529
43520 0.673393
44032 0.674301
44544 0.675161
45056 0.675981
45568 0.676779
46080 0.677549
46592 0.679679
47104 0.680452
47616 0.681304
48128 0.68207
48640 0.682818
49152 0.683471
49664 0.685036
50176 0.686216
50688 0.68685
51200 0.687473
51712 0.688091
52224 0.688691
52736 0.689247
53248 0.689769
53760 0.690404
54272 0.690915
54784 0.691412
55296 0.691881
55808 0.692738
56320 0.693482
56832 0.693948
57344 0.694413
57856 0.69487
58368 0.695874
58880 0.696296
59392 0.696715
59904 0.697099
60416 0.697474
60928 0.697849
61440 0.698218
61952 0.698586
62464 0.698943
62976 0.699293
63488 0.699635
64000 0.69996
64512 0.700277
65024 0.700582
65536 0.700882
66048 0.701181
66560 0.701466
67072 0.701748
67584 0.702025
68096 0.702298
68608 0.703177
69120 0.703684
69632 0.703937
70144 0.704165
70656 0.704391
71168 0.704595
71680 0.705205
72192 0.705415
72704 0.705612
73216 0.706023
73728 0.706219
74240 0.706408
74752 0.706589
75264 0.706759
75776 0.706918
76288 0.707072
76800 0.707198
77312 0.708066
77824 0.708186
78336 0.708776
78848 0.709709
79360 0.709825
79872 0.70992
80384 0.710007
80896 0.710195
81408 0.710281
81920 0.710354
82432 0.710427
82944 0.712072
83456 0.712516
83968 0.712583
84480 0.712635
84992 0.713482
85504 0.713524
86016 0.713656
86528 0.713691
87040 0.714908
87552 0.715565
88064 0.715847
88576 0.716321
89088 0.716348
89600 0.716991
90112 0.717157
90624 0.717252
91136 0.717267
91648 0.71728
92160 0.717692
92672 0.717701
93184 0.717706
