0 0.500905
512 0.504742
1024 0.50843
1536 0.512086
2048 0.515723
2560 0.519346
3072 0.522892
3584 0.526121
4096 0.529227
4608 0.532311
5120 0.53528
5632 0.538086
6144 0.540842
6656 0.543478
7168 0.545965
7680 0.548432
8192 0.550859
8704 0.553178
9216 0.555444
9728 0.557928
10240 0.56016
10752 0.562342
11264 0.564487
11776 0.566621
12288 0.568748
12800 0.570861
13312 0.572967
13824 0.575059
14336 0.577147
14848 0.579198
15360 0.58123
15872 0.583255
16384 0.585251
16896 0.58724
17408 0.58921
17920 0.591122
18432 0.593002
18944 0.594938
19456 0.596777
19968 0.598813
20480 0.600616
20992 0.60233
21504 0.60403
22016 0.605714
22528 0.607367
23040 0.609013
23552 0.610627
24064 0.612241
24576 0.614724
25088 0.616284
25600 0.617834
26112 0.619344
26624 0.620838
27136 0.622296
27648 0.623726
28160 0.625124
28672 0.62652
29184 0.627871
29696 0.629198
30208 0.630524
30720 0.631841
31232 0.63311
31744 0.634378
32256 0.635639
32768 0.637371
33280 0.63935
33792 0.640841
34304 0.642244
34816 0.643465
35328 0.644871
35840 0.646081
36352 0.647282
36864 0.648475
37376 0.649666
37888 0.650807
38400 0.651927
38912 0.653043
39424 0.654148
39936 0.65525
40448 0.656332
40960 0.657403
41472 0.658454
41984 0.659469
42496 0.660478
43008 0.661486
43520 0.662474
44032 0.663431
44544 0.664377
45056 0.665315
45568 0.66622
46080 0.667121
46592 0.669661
47104 0.670549
47616 0.671414
48128 0.672255
48640 0.67304
49152 0.673803
49664 0.674554
50176 0.675294
50688 0.676007
51200 0.67671
51712 0.6774
52224 0.678088
52736 0.67938
53248 0.680047
53760 0.680683
54272 0.681317
54784 0.681931
55296 0.682616
55808 0.683208
56320 0.684167
56832 0.684748
57344 0.685316
57856 0.685881
58368 0.687065
58880 0.687654
59392 0.688202
59904 0.688711
60416 0.689188
60928 0.689659
61440 0.690126
61952 0.69059
62464 0.691046
62976 0.691493
63488 0.691936
64000 0.692363
64512 0.692788
65024 0.693195
65536 0.6936
66048 0.693991
66560 0.69453
67072 0.695227
67584 0.695921
68096 0.697495
68608 0.697885
69120 0.698274
69632 0.699154
70144 0.699528
70656 0.699897
71168 0.700265
71680 0.700634
72192 0.700981
72704 0.701322
73216 0.701628
73728 0.701927
74240 0.702223
74752 0.702497
75264 0.702824
75776 0.703106
76288 0.703371
76800 0.703633
77312 0.704267
77824 0.704828
78336 0.70508
78848 0.705329
79360 0.705571
79872 0.7058
80384 0.706596
80896 0.707898
81408 0.708257
81920 0.708459
82432 0.708638
82944 0.708813
83456 0.708985
83968 0.709156
84480 0.709678
84992 0.709842
85504 0.709961
86016 0.710463
86528 0.710574
87040 0.711173
87552 0.711276
88064 0.711379
88576 0.711621
89088 0.711744
89600 0.71228
90112 0.712376
90624 0.713067
91136 0.713551
91648 0.71511
92160 0.715306
92672 0.715401
93184 0.715489
93696 0.715558
94208 0.715878
94720 0.716385
95232 0.716439
95744 0.71691
96256 0.717087
96768 0.717141
97280 0.717191
97792 0.717232
98304 0.717273
98816 0.717295
99328 0.717403
