0 0.501857
512 0.506131
1024 0.510318
1536 0.513868
2048 0.517292
2560 0.520651
3072 0.523998
3584 0.527329
4096 0.530595
4608 0.533811
5120 0.53702
5632 0.539996
6144 0.542959
6656 0.545916
7168 0.548843
7680 0.551747
8192 0.554612
8704 0.557423
9216 0.560089
9728 0.562693
10240 0.565018
10752 0.567337
11264 0.569599
11776 0.571775
12288 0.57515
12800 0.57729
13312 0.579425
13824 0.581486
14336 0.584806
14848 0.586832
15360 0.58885
15872 0.590854
16384 0.593777
16896 0.595766
17408 0.597688
17920 0.599541
18432 0.601393
18944 0.603337
19456 0.605135
19968 0.60691
20480 0.608668
20992 0.610722
21504 0.612477
22016 0.614191
22528 0.615747
23040 0.617288
23552 0.618808
24064 0.620315
24576 0.621819
25088 0.623322
25600 0.624813
26112 0.626302
26624 0.627717
27136 0.629129
27648 0.630534
28160 0.631892
28672 0.63325
29184 0.635342
29696 0.636687
30208 0.637982
30720 0.639267
31232 0.64053
31744 0.64175
32256 0.642967
32768 0.644179
33280 0.645389
33792 0.646578
34304 0.647748
34816 0.648912
35328 0.650076
35840 0.651228
36352 0.652362
36864 0.653462
37376 0.654427
37888 0.656008
38400 0.656953
38912 0.657872
39424 0.65879
39936 0.659769
40448 0.660683
40960 0.661569
41472 0.662453
41984 0.663451
42496 0.664313
43008 0.665167
43520 0.666443
44032 0.667798
44544 0.668624
45056 0.669619
45568 0.670396
46080 0.671157
46592 0.671915
47104 0.672666
47616 0.67341
48128 0.674132
48640 0.674845
49152 0.675555
49664 0.677268
50176 0.678608
50688 0.679273
51200 0.679912
51712 0.680541
52224 0.681169
52736 0.681797
53248 0.682387
53760 0.682968
54272 0.683526
54784 0.685482
55296 0.685998
55808 0.686507
56320 0.687407
56832 0.687898
57344 0.688419
57856 0.688884
58368 0.68933
58880 0.68977
59392 0.690888
59904 0.69128
60416 0.691665
60928 0.692046
61440 0.692865
61952 0.694079
62464 0.694749
62976 0.69513
63488 0.696312
64000 0.696685
64512 0.697054
65024 0.697406
65536 0.69773
66048 0.698044
66560 0.69834
67072 0.698632
67584 0.698903
68096 0.699171
68608 0.699562
69120 0.699827
69632 0.700082
70144 0.700574
70656 0.701344
71168 0.701731
71680 0.702014
72192 0.702258
72704 0.703866
73216 0.704102
73728 0.704318
74240 0.704517
74752 0.704687
75264 0.704855
75776 0.705021
76288 0.70518
76800 0.705338
77312 0.705491
77824 0.705631
78336 0.705767
78848 0.7059
79360 0.706858
79872 0.707406
80384 0.707927
80896 0.708469
81408 0.708607
81920 0.708707
82432 0.709032
82944 0.70981
83456 0.711814
83968 0.712671
84480 0.713367
84992 0.713641
85504 0.713899
86016 0.714091
86528 0.714254
87040 0.714786
87552 0.714867
88064 0.714944
88576 0.71502
89088 0.715092
89600 0.715162
90112 0.715217
90624 0.715873
91136 0.716369
91648 0.71645
92160 0.716703
92672 0.716929
93184 0.716982
93696 0.717029
94208 0.717709
94720 0.717749
95232 0.717784
95744 0.717817
96256 0.718235
96768 0.718843
97280 0.719533
97792 0.719928
98304 0.720196
98816 0.72022
99328 0.721618
99840 0.721723
100352 0.721741
100864 0.721756
