0 0.496855
512 0.501408
1024 0.505607
1536 0.509626
2048 0.513368
2560 0.516808
3072 0.519739
3584 0.522571
4096 0.525577
4608 0.528299
5120 0.530963
5632 0.533611
6144 0.536228
6656 0.538797
7168 0.541706
7680 0.544269
8192 0.54678
8704 0.549283
9216 0.551615
9728 0.553928
10240 0.556233
10752 0.558421
11264 0.560546
11776 0.56266
12288 0.564772
12800 0.566878
13312 0.56887
13824 0.570859
14336 0.572769
14848 0.57461
15360 0.576441
15872 0.578267
16384 0.580078
16896 0.581868
17408 0.583641
17920 0.585393
18432 0.587132
18944 0.588866
19456 0.590597
19968 0.59281
20480 0.594536
20992 0.59621
21504 0.597875
22016 0.600115
22528 0.602199
23040 0.603824
23552 0.605441
24064 0.607
24576 0.608537
25088 0.610038
25600 0.611497
26112 0.612942
26624 0.614374
27136 0.615765
27648 0.617153
28160 0.618509
28672 0.619808
29184 0.621101
29696 0.62237
30208 0.623635
30720 0.625313
31232 0.626562
31744 0.627798
32256 0.629229
32768 0.630563
33280 0.631794
33792 0.632996
34304 0.634846
34816 0.636048
35328 0.63724
35840 0.638432
36352 0.639581
36864 0.640728
37376 0.641844
37888 0.642958
38400 0.644037
38912 0.645094
39424 0.646499
39936 0.647556
40448 0.649568
40960 0.650623
41472 0.65167
41984 0.652709
42496 0.65374
43008 0.654742
43520 0.65572
44032 0.656694
44544 0.657647
45056 0.658591
45568 0.659511
46080 0.660416
46592 0.661316
47104 0.66221
47616 0.663101
48128 0.663987
48640 0.664872
49152 0.665751
49664 0.66661
50176 0.667446
50688 0.668282
51200 0.669927
51712 0.670745
52224 0.671545
52736 0.672366
53248 0.673159
53760 0.673932
54272 0.674695
54784 0.675514
55296 0.676252
55808 0.676966
56320 0.677677
56832 0.678375
57344 0.679072
57856 0.679723
58368 0.680371
58880 0.681006
59392 0.681635
59904 0.682607
60416 0.683235
60928 0.683862
61440 0.684488
61952 0.685103
62464 0.685692
62976 0.686276
63488 0.686859
64000 0.68775
64512 0.688282
65024 0.688805
65536 0.689301
66048 0.689784
66560 0.690267
67072 0.690744
67584 0.691209
68096 0.692041
68608 0.692506
69120 0.692931
69632 0.693345
70144 0.693756
70656 0.694156
71168 0.694546
71680 0.694932
72192 0.695706
72704 0.696214
73216 0.696625
73728 0.697008
74240 0.697377
74752 0.697719
75264 0.698041
75776 0.699615
76288 0.699925
76800 0.700233
77312 0.700535
77824 0.701635
78336 0.702003
78848 0.703408
79360 0.703693
79872 0.704935
80384 0.705457
80896 0.70574
81408 0.706026
81920 0.707114
82432 0.707867
82944 0.708149
83456 0.708402
83968 0.708654
84480 0.708884
84992 0.709114
85504 0.709339
86016 0.709536
86528 0.709727
87040 0.709907
87552 0.710073
88064 0.710232
88576 0.710385
89088 0.710528
89600 0.710657
90112 0.710781
90624 0.710895
91136 0.710982
91648 0.712586
92160 0.712648
92672 0.712701
93184 0.712751
93696 0.71334
94208 0.71337
94720 0.713385
95232 0.713394
