0 0.5106
512 0.515081
1024 0.518477
1536 0.521746
2048 0.524936
2560 0.528114
3072 0.531104
3584 0.534077
4096 0.537
4608 0.539758
5120 0.542514
5632 0.545109
6144 0.547695
6656 0.550216
7168 0.552733
7680 0.555235
8192 0.557613
8704 0.55993
9216 0.56223
9728 0.5645
10240 0.566681
10752 0.568776
11264 0.570858
11776 0.572823
12288 0.574747
12800 0.576672
13312 0.578592
13824 0.580503
14336 0.582409
14848 0.584307
15360 0.586255
15872 0.588147
16384 0.5907
16896 0.592577
17408 0.594406
17920 0.59618
18432 0.597953
18944 0.59971
19456 0.601461
19968 0.603072
20480 0.60465
20992 0.606258
21504 0.607834
22016 0.609393
22528 0.610943
23040 0.612486
23552 0.614002
24064 0.615468
24576 0.616928
25088 0.618337
25600 0.619741
26112 0.621136
26624 0.622517
27136 0.623895
27648 0.625251
28160 0.6266
28672 0.627909
29184 0.629211
29696 0.630491
30208 0.631755
30720 0.632986
31232 0.634215
31744 0.635427
32256 0.636623
32768 0.637957
33280 0.639142
33792 0.640294
34304 0.64143
34816 0.642566
35328 0.643698
35840 0.644814
36352 0.645896
36864 0.646957
37376 0.648002
37888 0.649044
38400 0.650084
38912 0.651117
39424 0.652133
39936 0.653139
40448 0.654423
40960 0.655409
41472 0.656511
41984 0.657495
42496 0.658606
43008 0.659587
43520 0.660562
44032 0.661504
44544 0.662433
45056 0.663336
45568 0.664217
46080 0.66531
46592 0.666172
47104 0.667012
47616 0.667839
48128 0.668665
48640 0.66966
49152 0.670469
49664 0.671276
50176 0.672528
50688 0.673313
51200 0.674614
51712 0.675387
52224 0.676155
52736 0.677197
53248 0.677955
53760 0.678677
54272 0.679397
54784 0.68011
55296 0.680823
55808 0.681506
56320 0.682494
56832 0.683327
57344 0.683996
57856 0.684638
58368 0.685277
58880 0.686346
59392 0.686916
59904 0.687472
60416 0.688019
60928 0.688562
61440 0.689098
61952 0.68963
62464 0.690158
62976 0.690678
63488 0.691583
64000 0.692126
64512 0.692625
65024 0.693091
65536 0.69355
66048 0.694007
66560 0.694434
67072 0.694849
67584 0.695259
68096 0.695672
68608 0.696082
69120 0.697727
69632 0.698133
70144 0.698534
70656 0.698933
71168 0.699942
71680 0.700431
72192 0.700806
72704 0.701175
73216 0.701543
73728 0.701911
74240 0.70226
74752 0.702579
75264 0.702894
75776 0.703178
76288 0.703455
76800 0.703738
77312 0.704011
77824 0.704282
78336 0.70452
78848 0.704746
79360 0.705104
79872 0.705307
80384 0.705497
80896 0.705662
81408 0.70582
81920 0.705974
82432 0.706124
82944 0.70741
83456 0.707558
83968 0.708972
84480 0.709257
84992 0.710231
85504 0.710347
86016 0.711371
86528 0.712435
87040 0.712549
87552 0.712658
88064 0.712746
88576 0.712819
89088 0.712862
89600 0.713144
90112 0.713274
90624 0.713314
91136 0.71411
91648 0.714148
92160 0.714179
92672 0.714205
93184 0.714619
93696 0.714983
94208 0.715791
94720 0.716028
95232 0.716402
95744 0.71674
96256 0.716787
96768 0.717264
97280 0.717629
97792 0.719681
98304 0.720177
98816 0.720188
99328 0.720195
99840 0.720413
100352 0.720417
