0 0.500824
512 0.505512
1024 0.509756
1536 0.513847
2048 0.517457
2560 0.521058
3072 0.524326
3584 0.527524
4096 0.530645
4608 0.533743
5120 0.536645
5632 0.539547
6144 0.542332
6656 0.544985
7168 0.547626
7680 0.550164
8192 0.552544
8704 0.554844
9216 0.557106
9728 0.559282
10240 0.561432
10752 0.564066
11264 0.566208
11776 0.568345
12288 0.57054
12800 0.572647
13312 0.574742
13824 0.576826
14336 0.578876
14848 0.580885
15360 0.58289
15872 0.584834
16384 0.586751
16896 0.588643
17408 0.590529
17920 0.592326
18432 0.594113
18944 0.595859
19456 0.597593
19968 0.599315
20480 0.601029
20992 0.602727
21504 0.604364
22016 0.605999
22528 0.607607
23040 0.60919
23552 0.61086
24064 0.612439
24576 0.614006
25088 0.61556
25600 0.617101
26112 0.618633
26624 0.620093
27136 0.621518
27648 0.62294
28160 0.624516
28672 0.625921
29184 0.628008
29696 0.629391
30208 0.630769
30720 0.632093
31232 0.633402
31744 0.634707
32256 0.635998
32768 0.637283
33280 0.638561
33792 0.639869
34304 0.641092
34816 0.642312
35328 0.643488
35840 0.644652
36352 0.64577
36864 0.646886
37376 0.647994
37888 0.649078
38400 0.650138
38912 0.651161
39424 0.652184
39936 0.653155
40448 0.655536
40960 0.656488
41472 0.657423
41984 0.658324
42496 0.659212
43008 0.660091
43520 0.66204
44032 0.662916
44544 0.663772
45056 0.664616
45568 0.665455
46080 0.666274
46592 0.667074
47104 0.667857
47616 0.668616
48128 0.669589
48640 0.67034
49152 0.671062
49664 0.673593
50176 0.674312
50688 0.675026
51200 0.675688
51712 0.676339
52224 0.677814
52736 0.678462
53248 0.679109
53760 0.680266
54272 0.680888
54784 0.68151
55296 0.682412
55808 0.683017
56320 0.683614
56832 0.684203
57344 0.684782
57856 0.685333
58368 0.685882
58880 0.686418
59392 0.686951
59904 0.687475
60416 0.688491
60928 0.689849
61440 0.690571
61952 0.691075
62464 0.69155
62976 0.692007
63488 0.693496
64000 0.693942
64512 0.694384
65024 0.694826
65536 0.695256
66048 0.695683
66560 0.696104
67072 0.69651
67584 0.696916
68096 0.697312
68608 0.697801
69120 0.698192
69632 0.698573
70144 0.69895
70656 0.699318
71168 0.699676
71680 0.701064
72192 0.701607
72704 0.70195
73216 0.703938
73728 0.704245
74240 0.704545
74752 0.704832
75264 0.705114
75776 0.705382
76288 0.705623
76800 0.705841
77312 0.706048
77824 0.706247
78336 0.706427
78848 0.706602
79360 0.706771
79872 0.70693
80384 0.707345
80896 0.707659
81408 0.70806
81920 0.708219
82432 0.708374
82944 0.70852
83456 0.708646
83968 0.709291
84480 0.709412
84992 0.709532
85504 0.70965
86016 0.71006
86528 0.711111
87040 0.711382
87552 0.711499
88064 0.711615
88576 0.712106
89088 0.712204
89600 0.712291
90112 0.713935
90624 0.714022
91136 0.714723
91648 0.715875
92160 0.715955
92672 0.716023
93184 0.716312
93696 0.716411
94208 0.717209
94720 0.71839
95232 0.718663
95744 0.718858
96256 0.719049
96768 0.719113
97280 0.719174
97792 0.719336
98304 0.719869
98816 0.719965
99328 0.720019
99840 0.720072
100352 0.720393
100864 0.721224
101376 0.721239
101888 0.721253
102400 0.721262
102912 0.721265
