0 0.529332
512 0.533463
1024 0.537174
1536 0.540339
2048 0.543462
2560 0.546561
3072 0.549568
3584 0.552425
4096 0.555281
4608 0.557978
5120 0.560596
5632 0.563204
6144 0.565786
6656 0.568305
7168 0.57076
7680 0.573168
8192 0.575576
8704 0.577975
9216 0.580357
9728 0.582557
10240 0.584742
10752 0.586876
11264 0.588965
11776 0.591017
12288 0.593053
12800 0.595078
13312 0.597095
13824 0.599066
14336 0.601019
14848 0.602919
15360 0.604777
15872 0.606624
16384 0.608333
16896 0.60998
17408 0.611623
17920 0.613242
18432 0.61482
18944 0.616361
19456 0.617899
19968 0.619398
20480 0.620884
20992 0.622748
21504 0.624213
22016 0.62567
22528 0.627118
23040 0.628499
23552 0.629876
24064 0.631229
24576 0.632556
25088 0.633809
25600 0.635051
26112 0.636282
26624 0.637492
27136 0.638687
27648 0.639864
28160 0.641028
28672 0.642185
29184 0.643331
29696 0.644463
30208 0.645557
30720 0.646637
31232 0.648452
31744 0.649483
32256 0.650505
32768 0.651768
33280 0.652725
33792 0.653682
34304 0.654609
34816 0.655532
35328 0.656442
35840 0.657344
36352 0.65823
36864 0.659109
37376 0.659977
37888 0.660842
38400 0.661706
38912 0.662678
39424 0.66351
39936 0.664339
40448 0.665133
40960 0.66591
41472 0.666674
41984 0.667406
42496 0.668126
43008 0.668831
43520 0.669532
44032 0.670223
44544 0.670904
45056 0.671577
45568 0.673064
46080 0.673722
46592 0.674374
47104 0.675939
47616 0.676571
48128 0.677195
48640 0.678216
49152 0.678799
49664 0.67936
50176 0.679898
50688 0.680435
51200 0.680968
51712 0.681541
52224 0.682036
52736 0.682525
53248 0.683012
53760 0.683496
54272 0.683973
54784 0.684445
55296 0.68491
55808 0.685348
56320 0.686208
56832 0.686619
57344 0.687025
57856 0.687422
58368 0.687809
58880 0.688689
59392 0.68921
59904 0.689996
60416 0.691469
60928 0.692242
61440 0.692625
61952 0.692997
62464 0.69334
62976 0.69366
63488 0.694373
64000 0.694787
64512 0.695086
65024 0.696101
65536 0.696669
66048 0.696968
66560 0.697249
67072 0.697526
67584 0.697797
68096 0.698016
68608 0.698233
69120 0.698443
69632 0.699209
70144 0.699434
70656 0.700019
71168 0.700364
71680 0.700572
72192 0.700774
72704 0.701045
73216 0.701245
73728 0.701443
74240 0.701633
74752 0.701797
75264 0.70193
75776 0.702179
76288 0.702311
76800 0.702433
77312 0.702552
77824 0.702961
78336 0.704012
78848 0.704284
79360 0.704389
79872 0.705759
80384 0.705854
80896 0.705942
81408 0.706028
81920 0.706113
82432 0.706189
82944 0.706242
83456 0.706294
83968 0.706341
84480 0.706388
84992 0.706432
85504 0.706467
86016 0.706531
86528 0.706543
87040 0.706759
87552 0.708205
88064 0.70838
88576 0.708391
89088 0.708402
89600 0.70868
90112 0.708962
90624 0.708971
91136 0.708979
91648 0.709547
92160 0.710126
92672 0.710609
93184 0.711917
93696 0.712133
94208 0.712252
94720 0.712465
95232 0.712599
95744 0.712685
96256 0.712747
