0 0.502465
512 0.506471
1024 0.510329
1536 0.513964
2048 0.517504
2560 0.520841
3072 0.524145
3584 0.527408
4096 0.530291
4608 0.533157
5120 0.535969
5632 0.538667
6144 0.54123
6656 0.54451
7168 0.547041
7680 0.549383
8192 0.551709
8704 0.554013
9216 0.556317
9728 0.558594
10240 0.56072
10752 0.5628
11264 0.564802
11776 0.56703
12288 0.568936
12800 0.570769
13312 0.572597
13824 0.574422
14336 0.576458
14848 0.578313
15360 0.580227
15872 0.582021
16384 0.583804
16896 0.585576
17408 0.58733
17920 0.589073
18432 0.590806
18944 0.592527
19456 0.594189
19968 0.595834
20480 0.597471
20992 0.599756
21504 0.601357
22016 0.602952
22528 0.604527
23040 0.606087
23552 0.607646
24064 0.609122
24576 0.61059
25088 0.612456
25600 0.61409
26112 0.61606
26624 0.617517
27136 0.618964
27648 0.620383
28160 0.621789
28672 0.623229
29184 0.624634
29696 0.625995
30208 0.627351
30720 0.628695
31232 0.630035
31744 0.631305
32256 0.632536
32768 0.633767
33280 0.634943
33792 0.636104
34304 0.637253
34816 0.6384
35328 0.639533
35840 0.640652
36352 0.641733
36864 0.64276
37376 0.643774
37888 0.644765
38400 0.645696
38912 0.647486
39424 0.648406
39936 0.649325
40448 0.650225
40960 0.6511
41472 0.651916
41984 0.652732
42496 0.653515
43008 0.654288
43520 0.655058
44032 0.656085
44544 0.65685
45056 0.657613
45568 0.658373
46080 0.659184
46592 0.66053
47104 0.661275
47616 0.662016
48128 0.662756
48640 0.663464
49152 0.664691
49664 0.665382
50176 0.666065
50688 0.667188
51200 0.667869
51712 0.668761
52224 0.669437
52736 0.670111
53248 0.67076
53760 0.671397
54272 0.671981
54784 0.673201
55296 0.67377
55808 0.674327
56320 0.67488
56832 0.675945
57344 0.67649
57856 0.678195
58368 0.67898
58880 0.679741
59392 0.680264
59904 0.681126
60416 0.68164
60928 0.682299
61440 0.682784
61952 0.683227
62464 0.683669
62976 0.684932
63488 0.686052
64000 0.686481
64512 0.686896
65024 0.687287
65536 0.687666
66048 0.688041
66560 0.68841
67072 0.688769
67584 0.689921
68096 0.690451
68608 0.690808
69120 0.691656
69632 0.692005
70144 0.692347
70656 0.692689
71168 0.693018
71680 0.693318
72192 0.693601
72704 0.693878
73216 0.694152
73728 0.694422
74240 0.694687
74752 0.69495
75264 0.695349
75776 0.695612
76288 0.695839
76800 0.696064
77312 0.696281
77824 0.696496
78336 0.696707
78848 0.696914
79360 0.697095
79872 0.697242
80384 0.698357
80896 0.6985
81408 0.698634
81920 0.698764
82432 0.699114
82944 0.69924
83456 0.70018
83968 0.70045
84480 0.700576
84992 0.700699
85504 0.700803
86016 0.70089
86528 0.700973
87040 0.701053
87552 0.701119
88064 0.70118
88576 0.701237
89088 0.701818
89600 0.703037
90112 0.703889
90624 0.704033
91136 0.704797
91648 0.704852
92160 0.705347
92672 0.705389
93184 0.706419
93696 0.706448
94208 0.706464
94720 0.707729
95232 0.708426
95744 0.708684
96256 0.708694
96768 0.708789
97280 0.708797
97792 0.709776
98304 0.709893
98816 0.709914
99328 0.710801
99840 0.710822
100352 0.710828
100864 0.710832
