0 0.470828
512 0.476806
1024 0.480854
1536 0.484718
2048 0.488215
2560 0.491586
3072 0.494873
3584 0.497865
4096 0.50078
4608 0.50366
5120 0.506924
5632 0.509764
6144 0.512546
6656 0.51521
7168 0.51773
7680 0.520237
8192 0.522724
8704 0.525183
9216 0.527619
9728 0.530003
10240 0.532324
10752 0.535123
11264 0.537358
11776 0.539546
12288 0.541722
12800 0.543874
13312 0.546007
13824 0.54812
14336 0.550229
14848 0.552278
15360 0.554315
15872 0.556253
16384 0.558898
16896 0.560823
17408 0.562731
17920 0.564707
18432 0.566721
18944 0.5686
19456 0.570479
19968 0.572355
20480 0.57423
20992 0.5761
21504 0.577965
22016 0.579798
22528 0.581624
23040 0.583434
23552 0.585185
24064 0.586917
24576 0.588616
25088 0.590306
25600 0.591984
26112 0.593657
26624 0.595328
27136 0.596988
27648 0.598589
28160 0.600187
28672 0.601741
29184 0.603407
29696 0.604957
30208 0.60647
30720 0.607977
31232 0.609479
31744 0.610979
32256 0.613186
32768 0.614628
33280 0.616065
33792 0.617496
34304 0.618909
34816 0.620319
35328 0.621714
35840 0.623106
36352 0.624494
36864 0.625858
37376 0.627185
37888 0.628502
38400 0.629817
38912 0.631164
39424 0.632476
39936 0.633786
40448 0.635087
40960 0.636325
41472 0.637557
41984 0.638787
42496 0.639997
43008 0.641207
43520 0.642401
44032 0.643583
44544 0.644668
45056 0.645719
45568 0.646919
46080 0.648185
46592 0.649236
47104 0.650266
47616 0.65129
48128 0.652314
48640 0.653292
49152 0.654266
49664 0.655215
50176 0.65614
50688 0.657028
51200 0.657901
51712 0.659168
52224 0.660172
52736 0.661044
53248 0.661914
53760 0.662776
54272 0.663629
54784 0.664438
55296 0.665237
55808 0.666012
56320 0.666783
56832 0.66772
57344 0.66849
57856 0.669237
58368 0.67034
58880 0.671084
59392 0.67178
59904 0.672457
60416 0.673112
60928 0.673754
61440 0.674646
61952 0.675279
62464 0.675907
62976 0.676534
63488 0.677138
64000 0.677738
64512 0.678327
65024 0.67891
65536 0.679576
66048 0.680154
66560 0.680657
67072 0.681159
67584 0.681654
68096 0.682145
68608 0.682574
69120 0.682984
69632 0.683391
70144 0.683792
70656 0.684995
71168 0.685377
71680 0.686619
72192 0.687719
72704 0.688096
73216 0.688472
73728 0.68883
74240 0.689171
74752 0.689654
75264 0.690216
75776 0.690524
76288 0.690831
76800 0.691322
77312 0.691899
77824 0.692199
78336 0.69249
78848 0.692764
79360 0.693031
79872 0.69329
80384 0.693542
80896 0.693783
81408 0.693993
81920 0.694194
82432 0.695028
82944 0.695226
83456 0.695592
83968 0.695778
84480 0.695958
84992 0.697362
85504 0.69856
86016 0.699153
86528 0.6996
87040 0.699763
87552 0.699896
88064 0.700012
88576 0.700121
89088 0.700221
89600 0.700316
90112 0.70086
90624 0.701402
91136 0.70181
91648 0.702951
92160 0.703939
92672 0.704026
93184 0.704101
93696 0.704165
94208 0.704216
94720 0.704236
95232 0.706999
95744 0.707009
