0 0.500253
512 0.504847
1024 0.508825
1536 0.512391
2048 0.515722
2560 0.519044
3072 0.522275
3584 0.525426
4096 0.528491
4608 0.531486
5120 0.534289
5632 0.537043
6144 0.539787
6656 0.542454
7168 0.54509
7680 0.547574
8192 0.550056
8704 0.552435
9216 0.554782
9728 0.557099
10240 0.559399
10752 0.56159
11264 0.563734
11776 0.565878
12288 0.568015
12800 0.570148
13312 0.572269
13824 0.574373
14336 0.576455
14848 0.578504
15360 0.580477
15872 0.582444
16384 0.584407
16896 0.586352
17408 0.588281
17920 0.590171
18432 0.592394
18944 0.594271
19456 0.596019
19968 0.597737
20480 0.59945
20992 0.601122
21504 0.602783
22016 0.604395
22528 0.60606
23040 0.607663
23552 0.609221
24064 0.61076
24576 0.612291
25088 0.613787
25600 0.615276
26112 0.616747
26624 0.618157
27136 0.619682
27648 0.621089
28160 0.622494
28672 0.623898
29184 0.625301
29696 0.626701
30208 0.628079
30720 0.629443
31232 0.630792
31744 0.632136
32256 0.633463
32768 0.634787
33280 0.636072
33792 0.637354
34304 0.639247
34816 0.640527
35328 0.641768
35840 0.643715
36352 0.64493
36864 0.64614
37376 0.64735
37888 0.648547
38400 0.649723
38912 0.650894
39424 0.652058
39936 0.653206
40448 0.655859
40960 0.656977
41472 0.658032
41984 0.659067
42496 0.66009
43008 0.661384
43520 0.662358
44032 0.663327
44544 0.664293
45056 0.665241
45568 0.666185
46080 0.667047
46592 0.667896
47104 0.668725
47616 0.669541
48128 0.670354
48640 0.671146
49152 0.671916
49664 0.67268
50176 0.673599
50688 0.675426
51200 0.676177
51712 0.676913
52224 0.677644
52736 0.678367
53248 0.679088
53760 0.679768
54272 0.680441
54784 0.681087
55296 0.681734
55808 0.682363
56320 0.68296
56832 0.683553
57344 0.684127
57856 0.684664
58368 0.6852
58880 0.685723
59392 0.686219
59904 0.686698
60416 0.687174
60928 0.687758
61440 0.688217
61952 0.688661
62464 0.689973
62976 0.691203
63488 0.691632
64000 0.692053
64512 0.692473
65024 0.69289
65536 0.693303
66048 0.693714
66560 0.69412
67072 0.694521
67584 0.694899
68096 0.695276
68608 0.695645
69120 0.695994
69632 0.69711
70144 0.697643
70656 0.697986
71168 0.698328
71680 0.698663
72192 0.700309
72704 0.700968
73216 0.701267
73728 0.701774
74240 0.703293
74752 0.703636
75264 0.70393
75776 0.705321
76288 0.705607
76800 0.705907
77312 0.706352
77824 0.706874
78336 0.70734
78848 0.707747
79360 0.708038
79872 0.708321
80384 0.70869
80896 0.708966
81408 0.709884
81920 0.710131
82432 0.711362
82944 0.711601
83456 0.711836
83968 0.7133
84480 0.713496
84992 0.713686
85504 0.713865
86016 0.714035
86528 0.714202
87040 0.714359
87552 0.714661
88064 0.715289
88576 0.715901
89088 0.716251
89600 0.716672
90112 0.71685
90624 0.717004
91136 0.717135
91648 0.717265
92160 0.717384
92672 0.717733
93184 0.717829
93696 0.718439
94208 0.718507
94720 0.718533
95232 0.718555
95744 0.719475
96256 0.719976
96768 0.719993
97280 0.720008
97792 0.720016
98304 0.720022
98816 0.720023
99328 0.720887
