0 0.494824
512 0.499418
1024 0.50372
1536 0.507495
2048 0.511131
2560 0.514547
3072 0.51792
3584 0.521163
4096 0.524403
4608 0.527632
5120 0.530796
5632 0.533744
6144 0.536654
6656 0.539558
7168 0.542355
7680 0.545116
8192 0.547841
8704 0.550551
9216 0.55326
9728 0.555865
10240 0.558469
10752 0.561005
11264 0.563518
11776 0.565988
12288 0.568456
12800 0.570915
13312 0.57331
13824 0.575698
14336 0.578048
14848 0.580353
15360 0.582651
15872 0.584915
16384 0.587124
16896 0.589306
17408 0.591395
17920 0.593432
18432 0.595402
18944 0.597358
19456 0.600821
19968 0.602718
20480 0.604606
20992 0.606479
21504 0.608306
22016 0.610097
22528 0.611858
23040 0.613618
23552 0.615358
24064 0.617077
24576 0.618779
25088 0.620361
25600 0.621873
26112 0.623224
26624 0.624569
27136 0.625894
27648 0.627214
28160 0.62853
28672 0.629842
29184 0.631152
29696 0.632461
30208 0.633755
30720 0.635024
31232 0.636284
31744 0.637487
32256 0.638671
32768 0.639839
33280 0.641335
33792 0.642489
34304 0.643639
34816 0.645293
35328 0.646439
35840 0.648066
36352 0.64915
36864 0.650231
37376 0.651287
37888 0.652342
38400 0.653397
38912 0.654449
39424 0.655468
39936 0.656478
40448 0.657465
40960 0.658443
41472 0.660693
41984 0.661668
42496 0.662641
43008 0.663588
43520 0.665165
44032 0.66607
44544 0.666969
45056 0.668068
45568 0.668941
46080 0.670208
46592 0.671079
47104 0.671935
47616 0.672789
48128 0.673639
48640 0.674478
49152 0.675308
49664 0.676128
50176 0.676933
50688 0.677734
51200 0.678518
51712 0.679286
52224 0.681113
52736 0.682262
53248 0.683035
53760 0.683778
54272 0.685503
54784 0.686236
55296 0.686927
55808 0.687615
56320 0.68829
56832 0.688944
57344 0.689587
57856 0.690226
58368 0.690829
58880 0.691397
59392 0.692217
59904 0.692779
60416 0.693335
60928 0.693873
61440 0.69441
61952 0.69494
62464 0.695468
62976 0.695964
63488 0.696437
64000 0.696995
64512 0.697751
65024 0.698216
65536 0.698672
66048 0.69912
66560 0.699568
67072 0.699995
67584 0.70042
68096 0.700845
68608 0.701251
69120 0.701639
69632 0.702023
70144 0.702753
70656 0.703826
71168 0.704303
71680 0.70468
72192 0.705047
72704 0.70541
73216 0.705773
73728 0.706467
74240 0.708366
74752 0.708721
75264 0.709073
75776 0.709423
76288 0.709737
76800 0.710616
77312 0.711478
77824 0.711989
78336 0.712495
78848 0.71281
79360 0.713115
79872 0.713414
80384 0.713714
80896 0.714428
81408 0.714725
81920 0.715622
82432 0.715924
82944 0.716176
83456 0.716491
83968 0.717265
84480 0.717517
84992 0.717743
85504 0.717962
86016 0.718176
86528 0.718838
87040 0.719046
87552 0.719252
88064 0.719453
88576 0.719955
89088 0.720394
89600 0.720681
90112 0.720832
90624 0.720976
91136 0.721744
91648 0.721873
92160 0.721988
92672 0.722099
93184 0.722207
93696 0.722311
94208 0.722408
94720 0.722496
95232 0.722578
95744 0.722646
96256 0.72271
96768 0.722771
97280 0.722894
97792 0.722935
98304 0.723965
98816 0.724363
99328 0.724393
99840 0.724419
100352 0.724441
100864 0.72466
101376 0.724677
101888 0.724823
102400 0.726387
102912 0.726402
103424 0.726411
