0 0.47753
512 0.483441
1024 0.487915
1536 0.492078
2048 0.496058
2560 0.499729
3072 0.502952
3584 0.506144
4096 0.509308
4608 0.512211
5120 0.515529
5632 0.518272
6144 0.521008
6656 0.523694
7168 0.52631
7680 0.528921
8192 0.531518
8704 0.5343
9216 0.536867
9728 0.539431
10240 0.54186
10752 0.544192
11264 0.546416
11776 0.548609
12288 0.550785
12800 0.552943
13312 0.555096
13824 0.557221
14336 0.559328
14848 0.561433
15360 0.563454
15872 0.565468
16384 0.567457
16896 0.56944
17408 0.571375
17920 0.573302
18432 0.575226
18944 0.577146
19456 0.578967
19968 0.580764
20480 0.58254
20992 0.584313
21504 0.586038
22016 0.587758
22528 0.589476
23040 0.591187
23552 0.592812
24064 0.594431
24576 0.596028
25088 0.598086
25600 0.599679
26112 0.601268
26624 0.602813
27136 0.604336
27648 0.60584
28160 0.608137
28672 0.60962
29184 0.611079
29696 0.612507
30208 0.613918
30720 0.615323
31232 0.616931
31744 0.618306
32256 0.619679
32768 0.621028
33280 0.622343
33792 0.623657
34304 0.624966
34816 0.626251
35328 0.627536
35840 0.628818
36352 0.630084
36864 0.63132
37376 0.632521
37888 0.633712
38400 0.634855
38912 0.636135
39424 0.637268
39936 0.638387
40448 0.639496
40960 0.640643
41472 0.641738
41984 0.642837
42496 0.643903
43008 0.644887
43520 0.64591
44032 0.64706
44544 0.648004
45056 0.648925
45568 0.649825
46080 0.65072
46592 0.652014
47104 0.653207
47616 0.654092
48128 0.654977
48640 0.655851
49152 0.656707
49664 0.657551
50176 0.658395
50688 0.659231
51200 0.660281
51712 0.661108
52224 0.6619
52736 0.662692
53248 0.663459
53760 0.66422
54272 0.664966
54784 0.666492
55296 0.667228
55808 0.667942
56320 0.668633
56832 0.669306
57344 0.669958
57856 0.671048
58368 0.671696
58880 0.672339
59392 0.672962
59904 0.673577
60416 0.67417
60928 0.674759
61440 0.675331
61952 0.676478
62464 0.677048
62976 0.677616
63488 0.678176
64000 0.678733
64512 0.679283
65024 0.679911
65536 0.680529
66048 0.681904
66560 0.682442
67072 0.682979
67584 0.683487
68096 0.683982
68608 0.684444
69120 0.685557
69632 0.686037
70144 0.687016
70656 0.687878
71168 0.688337
71680 0.688782
72192 0.689225
72704 0.689726
73216 0.690191
73728 0.690618
74240 0.691043
74752 0.691455
75264 0.691854
75776 0.692734
76288 0.693124
76800 0.693501
77312 0.693874
77824 0.694231
78336 0.694559
78848 0.694886
79360 0.695429
79872 0.695902
80384 0.696911
80896 0.69746
81408 0.697768
81920 0.698072
82432 0.699303
82944 0.699596
83456 0.699882
83968 0.702024
84480 0.70224
84992 0.70245
85504 0.702657
86016 0.702857
86528 0.703036
87040 0.70319
87552 0.703655
88064 0.703805
88576 0.705091
89088 0.705214
89600 0.705676
90112 0.705886
90624 0.70599
91136 0.706094
91648 0.707619
92160 0.707709
92672 0.707778
93184 0.708761
93696 0.710151
94208 0.710498
94720 0.710657
95232 0.710721
95744 0.710785
96256 0.710835
96768 0.711242
97280 0.711677
97792 0.711767
98304 0.712579
98816 0.712626
99328 0.712665
99840 0.712702
100352 0.712731
100864 0.712746
101376 0.712755
101888 0.712762
102400 0.712795
102912 0.712879
103424 0.713594
103936 0.714306
