0 0.505632
512 0.510908
1024 0.516024
1536 0.520724
2048 0.525067
2560 0.528889
3072 0.532479
3584 0.535883
4096 0.539001
4608 0.541835
5120 0.544579
5632 0.547289
6144 0.54985
6656 0.552334
7168 0.554716
7680 0.557074
8192 0.559397
8704 0.561702
9216 0.56384
9728 0.565896
10240 0.567919
10752 0.569933
11264 0.571926
11776 0.573915
12288 0.575862
12800 0.577797
13312 0.579637
13824 0.581464
14336 0.583287
14848 0.585091
15360 0.586853
15872 0.588556
16384 0.590256
16896 0.591909
17408 0.593549
17920 0.595178
18432 0.596832
18944 0.598418
19456 0.599983
19968 0.601518
20480 0.60305
20992 0.604576
21504 0.606052
22016 0.607512
22528 0.60923
23040 0.610681
23552 0.612115
24064 0.613962
24576 0.615687
25088 0.617103
25600 0.618499
26112 0.619869
26624 0.621196
27136 0.622517
27648 0.623827
28160 0.625134
28672 0.626432
29184 0.628655
29696 0.630346
30208 0.631819
30720 0.633104
31232 0.63438
31744 0.635656
32256 0.63692
32768 0.638151
33280 0.639343
33792 0.640858
34304 0.642044
34816 0.643206
35328 0.644353
35840 0.645498
36352 0.646968
36864 0.648105
37376 0.649242
37888 0.650329
38400 0.651413
38912 0.652493
39424 0.653562
39936 0.655175
40448 0.656217
40960 0.657248
41472 0.658225
41984 0.659192
42496 0.660826
43008 0.662048
43520 0.663003
44032 0.663944
44544 0.664879
45056 0.665784
45568 0.666684
46080 0.667569
46592 0.66844
47104 0.669308
47616 0.67017
48128 0.671026
48640 0.671839
49152 0.67265
49664 0.673458
50176 0.674256
50688 0.675029
51200 0.675786
51712 0.676537
52224 0.677281
52736 0.67802
53248 0.679167
53760 0.679887
54272 0.680563
54784 0.681225
55296 0.68186
55808 0.682454
56320 0.68457
56832 0.685158
57344 0.685714
57856 0.686268
58368 0.687627
58880 0.688181
59392 0.688717
59904 0.689221
60416 0.689722
60928 0.690209
61440 0.690692
61952 0.691173
62464 0.692132
62976 0.692575
63488 0.693016
64000 0.693441
64512 0.694033
65024 0.694454
65536 0.694872
66048 0.695287
66560 0.696375
67072 0.697317
67584 0.697718
68096 0.698119
68608 0.698519
69120 0.699335
69632 0.699733
70144 0.700125
70656 0.700515
71168 0.7009
71680 0.701283
72192 0.701665
72704 0.702539
73216 0.702918
73728 0.703293
74240 0.703651
74752 0.704279
75264 0.704637
75776 0.704988
76288 0.705796
76800 0.706589
77312 0.707214
77824 0.707747
78336 0.708103
78848 0.708412
79360 0.708718
79872 0.709408
80384 0.710744
80896 0.711032
81408 0.711312
81920 0.711567
82432 0.712052
82944 0.712278
83456 0.712496
83968 0.712692
84480 0.712875
84992 0.714055
85504 0.714867
86016 0.715031
86528 0.715692
87040 0.716249
87552 0.716467
88064 0.716626
88576 0.71676
89088 0.716893
89600 0.717003
90112 0.717107
90624 0.717199
91136 0.717283
91648 0.717358
92160 0.717428
92672 0.717568
93184 0.719106
93696 0.719173
94208 0.719227
94720 0.71978
95232 0.71983
95744 0.720092
96256 0.720131
96768 0.720165
97280 0.720762
97792 0.720787
98304 0.72081
98816 0.72099
99328 0.721425
99840 0.721645
100352 0.721649
