0 0.508907
512 0.513437
1024 0.517104
1536 0.520706
2048 0.524286
2560 0.527793
3072 0.531256
3584 0.534399
4096 0.537541
4608 0.540661
5120 0.543776
5632 0.546733
6144 0.549644
6656 0.552534
7168 0.555395
7680 0.558223
8192 0.56102
8704 0.563802
9216 0.566467
9728 0.569069
10240 0.571506
10752 0.573835
11264 0.576163
11776 0.578477
12288 0.580737
12800 0.582928
13312 0.585079
13824 0.587207
14336 0.589331
14848 0.591389
15360 0.593394
15872 0.595375
16384 0.597245
16896 0.599078
17408 0.601629
17920 0.603452
18432 0.605227
18944 0.606995
19456 0.608762
19968 0.610529
20480 0.612713
20992 0.614472
21504 0.616214
22016 0.617844
22528 0.619424
23040 0.620989
23552 0.622553
24064 0.624107
24576 0.625624
25088 0.627136
25600 0.628612
26112 0.630016
26624 0.631394
27136 0.632717
27648 0.634039
28160 0.635321
28672 0.63659
29184 0.63785
29696 0.639089
30208 0.640321
30720 0.641545
31232 0.642765
31744 0.644722
32256 0.646198
32768 0.647818
33280 0.649053
33792 0.650263
34304 0.651471
34816 0.652649
35328 0.65408
35840 0.655219
36352 0.656326
36864 0.657408
37376 0.658464
37888 0.659514
38400 0.660556
38912 0.661597
39424 0.662631
39936 0.66366
40448 0.664683
40960 0.665665
41472 0.666632
41984 0.667575
42496 0.668514
43008 0.669449
43520 0.670385
44032 0.671318
44544 0.672229
45056 0.673126
45568 0.674003
46080 0.674869
46592 0.675725
47104 0.676785
47616 0.677606
48128 0.678426
48640 0.679204
49152 0.680104
49664 0.680862
50176 0.681587
50688 0.682301
51200 0.682999
51712 0.684141
52224 0.685232
52736 0.686132
53248 0.686829
53760 0.687519
54272 0.688129
54784 0.688728
55296 0.689324
55808 0.689906
56320 0.690485
56832 0.691527
57344 0.692101
57856 0.692638
58368 0.693154
58880 0.693659
59392 0.694125
59904 0.69459
60416 0.695016
60928 0.69543
61440 0.695807
61952 0.69618
62464 0.696965
62976 0.697332
63488 0.697698
64000 0.698108
64512 0.698467
65024 0.698823
65536 0.699173
66048 0.699504
66560 0.699831
67072 0.700145
67584 0.700503
68096 0.701777
68608 0.702068
69120 0.702351
69632 0.702632
70144 0.702901
70656 0.703765
71168 0.704024
71680 0.704276
72192 0.705168
72704 0.705415
73216 0.705643
73728 0.705863
74240 0.706081
74752 0.70624
75264 0.706396
75776 0.707029
76288 0.707177
76800 0.708383
77312 0.708519
77824 0.710614
78336 0.710804
78848 0.711408
79360 0.711542
79872 0.711675
80384 0.711807
80896 0.711912
81408 0.71227
81920 0.712898
82432 0.713073
82944 0.713175
83456 0.713349
83968 0.713429
84480 0.714242
84992 0.714317
85504 0.714386
86016 0.714455
86528 0.715145
87040 0.715427
87552 0.715495
88064 0.715558
88576 0.715622
89088 0.716807
89600 0.716857
90112 0.717379
90624 0.717402
91136 0.718458
91648 0.718471
92160 0.718483
92672 0.719222
93184 0.719916
93696 0.72054
94208 0.721548
94720 0.721995
95232 0.722246
95744 0.722445
