0 0.508816
512 0.513319
1024 0.517599
1536 0.521553
2048 0.525442
2560 0.529221
3072 0.532411
3584 0.535466
4096 0.538218
4608 0.540859
5120 0.543464
5632 0.546193
6144 0.54876
6656 0.551321
7168 0.554416
7680 0.556945
8192 0.559466
8704 0.56197
9216 0.564455
9728 0.566885
10240 0.569302
10752 0.571694
11264 0.57404
11776 0.576352
12288 0.578662
12800 0.580936
13312 0.5832
13824 0.585415
14336 0.588317
14848 0.590507
15360 0.592668
15872 0.594812
16384 0.596883
16896 0.598953
17408 0.601041
17920 0.603094
18432 0.605116
18944 0.607133
19456 0.60906
19968 0.610981
20480 0.612856
20992 0.614699
21504 0.616479
22016 0.618192
22528 0.619853
23040 0.621502
23552 0.62312
24064 0.624725
24576 0.626299
25088 0.628822
25600 0.630387
26112 0.631898
26624 0.63339
27136 0.634876
27648 0.636317
28160 0.637751
28672 0.639177
29184 0.64052
29696 0.641802
30208 0.643055
30720 0.644276
31232 0.645493
31744 0.646653
32256 0.647787
32768 0.648909
33280 0.650018
33792 0.652126
34304 0.653209
34816 0.654423
35328 0.655489
35840 0.657583
36352 0.658645
36864 0.659701
37376 0.660738
37888 0.66176
38400 0.662779
38912 0.663789
39424 0.664774
39936 0.665752
40448 0.666678
40960 0.668398
41472 0.669375
41984 0.670854
42496 0.671753
43008 0.672615
43520 0.673474
44032 0.674322
44544 0.675131
45056 0.675899
45568 0.676663
46080 0.677422
46592 0.678152
47104 0.678874
47616 0.679591
48128 0.680304
48640 0.680995
49152 0.681681
49664 0.682309
50176 0.682907
50688 0.683492
51200 0.684223
51712 0.684807
52224 0.685363
52736 0.685918
53248 0.687097
53760 0.687601
54272 0.688096
54784 0.688567
55296 0.689011
55808 0.689445
56320 0.689876
56832 0.690645
57344 0.691062
57856 0.691477
58368 0.691888
58880 0.692289
59392 0.69268
59904 0.693064
60416 0.693444
60928 0.693815
61440 0.694184
61952 0.695351
62464 0.695718
62976 0.696393
63488 0.696749
64000 0.697226
64512 0.697788
65024 0.698725
65536 0.699815
66048 0.700157
66560 0.700474
67072 0.701063
67584 0.701358
68096 0.70164
68608 0.702009
69120 0.702287
69632 0.702564
70144 0.702895
70656 0.703162
71168 0.703418
71680 0.70367
72192 0.70392
72704 0.704154
73216 0.704387
73728 0.704942
74240 0.705737
74752 0.705947
75264 0.706151
75776 0.706742
76288 0.706942
76800 0.707125
77312 0.707316
77824 0.707499
78336 0.707679
78848 0.70785
79360 0.708016
79872 0.708174
80384 0.708307
80896 0.708426
81408 0.708736
81920 0.708854
82432 0.708968
82944 0.709082
83456 0.709241
83968 0.709351
84480 0.709445
84992 0.709532
85504 0.709617
86016 0.709701
86528 0.709875
87040 0.709955
87552 0.710023
88064 0.710091
88576 0.710142
89088 0.710182
89600 0.710776
90112 0.710804
90624 0.710811
91136 0.710815
91648 0.710819
