0 0.492695
512 0.498009
1024 0.503016
1536 0.507022
2048 0.510587
2560 0.514056
3072 0.517364
3584 0.520614
4096 0.523829
4608 0.526877
5120 0.529745
5632 0.532723
6144 0.535331
6656 0.537907
7168 0.540348
7680 0.542761
8192 0.545141
8704 0.547516
9216 0.549794
9728 0.55196
10240 0.554596
10752 0.55676
11264 0.558888
11776 0.560951
12288 0.563306
12800 0.565325
13312 0.56734
13824 0.569314
14336 0.571278
14848 0.573226
15360 0.575587
15872 0.577531
16384 0.579461
16896 0.581387
17408 0.583313
17920 0.5852
18432 0.586969
18944 0.588736
19456 0.590425
19968 0.592025
20480 0.593745
20992 0.595314
21504 0.596861
22016 0.598761
22528 0.600282
23040 0.60349
23552 0.605794
24064 0.607299
24576 0.609989
25088 0.612035
25600 0.613515
26112 0.614938
26624 0.616879
27136 0.618292
27648 0.619651
28160 0.620995
28672 0.622329
29184 0.623656
29696 0.624924
30208 0.626167
30720 0.627411
31232 0.628623
31744 0.629828
32256 0.631023
32768 0.632492
33280 0.633687
33792 0.634872
34304 0.636042
34816 0.637183
35328 0.638299
35840 0.639399
36352 0.640494
36864 0.641583
37376 0.642671
37888 0.643753
38400 0.645311
38912 0.646388
39424 0.647452
39936 0.648508
40448 0.649564
40960 0.650616
41472 0.65165
41984 0.65268
42496 0.653691
43008 0.654693
43520 0.655668
44032 0.656642
44544 0.657599
45056 0.65855
45568 0.659644
46080 0.66055
46592 0.661416
47104 0.6624
47616 0.66325
48128 0.664077
48640 0.664877
49152 0.66567
49664 0.666443
50176 0.667211
50688 0.66797
51200 0.668671
51712 0.669356
52224 0.670037
52736 0.670703
53248 0.671355
53760 0.671998
54272 0.672587
54784 0.673173
55296 0.673917
55808 0.675076
56320 0.675625
56832 0.676172
57344 0.676711
57856 0.677247
58368 0.678058
58880 0.678584
59392 0.680382
59904 0.680904
60416 0.681421
60928 0.681926
61440 0.682409
61952 0.683033
62464 0.683509
62976 0.684042
63488 0.684569
64000 0.68504
64512 0.685794
65024 0.68625
65536 0.686672
66048 0.687089
66560 0.687462
67072 0.687821
67584 0.688838
68096 0.689871
68608 0.690246
69120 0.6906
69632 0.691429
70144 0.691776
70656 0.692123
71168 0.692462
71680 0.693381
72192 0.693896
72704 0.694554
73216 0.69509
73728 0.695408
74240 0.696099
74752 0.696407
75264 0.696698
75776 0.696981
76288 0.697252
76800 0.69752
77312 0.697995
77824 0.698326
78336 0.69859
78848 0.698853
79360 0.699105
79872 0.699355
80384 0.699585
80896 0.699778
81408 0.699967
81920 0.70014
82432 0.700311
82944 0.700451
83456 0.700576
83968 0.700697
84480 0.700807
84992 0.701436
85504 0.701544
86016 0.701763
86528 0.70186
87040 0.702397
87552 0.702489
88064 0.703048
88576 0.703137
89088 0.703222
89600 0.703306
90112 0.703621
90624 0.703697
91136 0.703766
91648 0.703836
92160 0.703887
92672 0.703934
93184 0.703979
93696 0.706106
94208 0.706148
94720 0.706174
95232 0.706181
95744 0.706736
96256 0.706962
96768 0.706964
97280 0.707738
97792 0.707842
98304 0.707903
98816 0.708422
99328 0.708593
