0 0.507859
512 0.511733
1024 0.514872
1536 0.517968
2048 0.521036
2560 0.523997
3072 0.526947
3584 0.529877
4096 0.532768
4608 0.535633
5120 0.538476
5632 0.541283
6144 0.543922
6656 0.546551
7168 0.549372
7680 0.551963
8192 0.554482
8704 0.556965
9216 0.559392
9728 0.561778
10240 0.564779
10752 0.567051
11264 0.569283
11776 0.571506
12288 0.573964
12800 0.576176
13312 0.578333
13824 0.58046
14336 0.582564
14848 0.584608
15360 0.586613
15872 0.588591
16384 0.590564
16896 0.592997
17408 0.594962
17920 0.596999
18432 0.598926
18944 0.600812
19456 0.602664
19968 0.604506
20480 0.606332
20992 0.608099
21504 0.609858
22016 0.611952
22528 0.613668
23040 0.615367
23552 0.61703
24064 0.618974
24576 0.62063
25088 0.622249
25600 0.623852
26112 0.625346
26624 0.626801
27136 0.629002
27648 0.630432
28160 0.631855
28672 0.633256
29184 0.63462
29696 0.635961
30208 0.637722
30720 0.639055
31232 0.64037
31744 0.641672
32256 0.642974
32768 0.644274
33280 0.645554
33792 0.64682
34304 0.648465
34816 0.649716
35328 0.650949
35840 0.652178
36352 0.653402
36864 0.654615
37376 0.655826
37888 0.656978
38400 0.658123
38912 0.659205
39424 0.660269
39936 0.661325
40448 0.662381
40960 0.66381
41472 0.664866
41984 0.665874
42496 0.667419
43008 0.668398
43520 0.669346
44032 0.670294
44544 0.671239
45056 0.672158
45568 0.673063
46080 0.673954
46592 0.674799
47104 0.675615
47616 0.676414
48128 0.677197
48640 0.677975
49152 0.678742
49664 0.6795
50176 0.680236
50688 0.680967
51200 0.681674
51712 0.682378
52224 0.683068
52736 0.683756
53248 0.684524
53760 0.685202
54272 0.685874
54784 0.68654
55296 0.687202
55808 0.687854
56320 0.689419
56832 0.690071
57344 0.690705
57856 0.691302
58368 0.691899
58880 0.6928
59392 0.694751
59904 0.695347
60416 0.695939
60928 0.696807
61440 0.697396
61952 0.697974
62464 0.698543
62976 0.699111
63488 0.699672
64000 0.70022
64512 0.700758
65024 0.701295
65536 0.701839
66048 0.702372
66560 0.703399
67072 0.704072
67584 0.704582
68096 0.705039
68608 0.705466
69120 0.705888
69632 0.706687
70144 0.707108
70656 0.707522
71168 0.707933
71680 0.708334
72192 0.708703
72704 0.709231
73216 0.709583
73728 0.710126
74240 0.710433
74752 0.710736
75264 0.711931
75776 0.712225
76288 0.713294
76800 0.714397
77312 0.714679
77824 0.715048
78336 0.715323
78848 0.715578
79360 0.716062
79872 0.716304
80384 0.716514
80896 0.716698
81408 0.717499
81920 0.717944
82432 0.718114
82944 0.718268
83456 0.718411
83968 0.719272
84480 0.719633
84992 0.719759
85504 0.719872
86016 0.719982
86528 0.720091
87040 0.72017
87552 0.720246
88064 0.720321
88576 0.720369
89088 0.720397
89600 0.720412
90112 0.720416
