0 0.49836
512 0.502724
1024 0.506939
1536 0.510618
2048 0.513976
2560 0.517132
3072 0.520176
3584 0.523192
4096 0.526119
4608 0.529002
5120 0.531854
5632 0.534674
6144 0.537359
6656 0.539969
7168 0.54274
7680 0.545314
8192 0.547884
8704 0.550433
9216 0.552874
9728 0.556123
10240 0.558535
10752 0.560903
11264 0.56315
11776 0.565705
12288 0.568016
12800 0.570203
13312 0.572376
13824 0.575147
14336 0.577286
14848 0.579418
15360 0.581429
15872 0.583408
16384 0.585386
16896 0.587353
17408 0.589229
17920 0.591036
18432 0.59317
18944 0.594969
19456 0.596708
19968 0.598428
20480 0.600102
20992 0.601929
21504 0.603575
22016 0.605759
22528 0.607388
23040 0.608991
23552 0.610589
24064 0.612152
24576 0.613641
25088 0.615108
25600 0.61656
26112 0.618862
26624 0.620291
27136 0.621713
27648 0.623134
28160 0.624493
28672 0.626391
29184 0.627704
29696 0.628956
30208 0.630187
30720 0.631387
31232 0.632588
31744 0.633777
32256 0.634959
32768 0.636136
33280 0.637288
33792 0.638436
34304 0.639574
34816 0.64071
35328 0.641842
35840 0.642936
36352 0.644002
36864 0.645063
37376 0.646321
37888 0.647361
38400 0.648401
38912 0.649432
39424 0.650342
39936 0.651219
40448 0.652081
40960 0.652937
41472 0.653768
41984 0.654594
42496 0.655419
43008 0.657139
43520 0.657962
44032 0.658841
44544 0.659662
45056 0.660847
45568 0.661656
46080 0.662461
46592 0.663262
47104 0.664056
47616 0.66532
48128 0.666103
48640 0.666833
49152 0.667548
49664 0.668257
50176 0.66896
50688 0.66965
51200 0.670323
51712 0.670996
52224 0.671653
52736 0.672302
53248 0.673042
53760 0.673683
54272 0.674323
54784 0.675296
55296 0.675936
55808 0.676515
56320 0.677076
56832 0.677634
57344 0.678377
57856 0.679067
58368 0.679615
58880 0.680158
59392 0.680687
59904 0.681238
60416 0.681764
60928 0.68291
61440 0.683434
61952 0.683952
62464 0.684425
62976 0.685779
63488 0.686238
64000 0.686694
64512 0.68714
65024 0.687582
65536 0.688255
66048 0.688999
66560 0.689442
67072 0.68984
67584 0.690443
68096 0.691917
68608 0.692973
69120 0.693363
69632 0.693737
70144 0.694106
70656 0.694451
71168 0.694769
71680 0.695085
72192 0.696123
72704 0.696505
73216 0.696775
73728 0.697039
74240 0.699057
74752 0.699317
75264 0.700539
75776 0.700791
76288 0.702328
76800 0.70258
77312 0.702824
77824 0.704057
78336 0.704278
78848 0.704481
79360 0.70466
79872 0.704828
80384 0.704942
80896 0.705101
81408 0.705205
81920 0.705292
82432 0.705372
82944 0.705446
83456 0.705503
83968 0.705963
84480 0.707124
84992 0.707323
85504 0.707669
86016 0.708852
86528 0.709808
87040 0.709876
87552 0.709926
88064 0.709974
88576 0.709989
