0 0.477593
512 0.484302
1024 0.489424
1536 0.494376
2048 0.499244
2560 0.503586
3072 0.507591
3584 0.511386
4096 0.51509
4608 0.518791
5120 0.522197
5632 0.525535
6144 0.52848
6656 0.531501
7168 0.534429
7680 0.537291
8192 0.540099
8704 0.542884
9216 0.545652
9728 0.548375
10240 0.551086
10752 0.553791
11264 0.556423
11776 0.559154
12288 0.561712
12800 0.564126
13312 0.566531
13824 0.56924
14336 0.57181
14848 0.574193
15360 0.576569
15872 0.578938
16384 0.581298
16896 0.583643
17408 0.585898
17920 0.58804
18432 0.59018
18944 0.592307
19456 0.594433
19968 0.596506
20480 0.598561
20992 0.600536
21504 0.602477
22016 0.604277
22528 0.606073
23040 0.607786
23552 0.609485
24064 0.611183
24576 0.612852
25088 0.614516
25600 0.616124
26112 0.617705
26624 0.619269
27136 0.620813
27648 0.622332
28160 0.623835
28672 0.625324
29184 0.626776
29696 0.629071
30208 0.630479
30720 0.631791
31232 0.633076
31744 0.634346
32256 0.635595
32768 0.636799
33280 0.637991
33792 0.639172
34304 0.640353
34816 0.641515
35328 0.642664
35840 0.643789
36352 0.644941
36864 0.646047
37376 0.647147
37888 0.64925
38400 0.650337
38912 0.651389
39424 0.652437
39936 0.653455
40448 0.654468
40960 0.655462
41472 0.656444
41984 0.65735
42496 0.658254
43008 0.659154
43520 0.660046
44032 0.660932
44544 0.661816
45056 0.662689
45568 0.66454
46080 0.665398
46592 0.666239
47104 0.667054
47616 0.668566
48128 0.669379
48640 0.67016
49152 0.671035
49664 0.671897
50176 0.672619
50688 0.673335
51200 0.674035
51712 0.674974
52224 0.675672
52736 0.676364
53248 0.677054
53760 0.677743
54272 0.678426
54784 0.67906
55296 0.679684
55808 0.681517
56320 0.682139
56832 0.682848
57344 0.683461
57856 0.684052
58368 0.684621
58880 0.685183
59392 0.685732
59904 0.686256
60416 0.686779
60928 0.687725
61440 0.688245
61952 0.689284
62464 0.689996
62976 0.69051
63488 0.691258
64000 0.691755
64512 0.69225
65024 0.692738
65536 0.693246
66048 0.693961
66560 0.694419
67072 0.696444
67584 0.697197
68096 0.697653
68608 0.698098
69120 0.698721
69632 0.699153
70144 0.699571
70656 0.699981
71168 0.700371
71680 0.70075
72192 0.701127
72704 0.701484
73216 0.701839
73728 0.702192
74240 0.702501
74752 0.702801
75264 0.703086
75776 0.704963
76288 0.705409
76800 0.705679
77312 0.705934
77824 0.706584
78336 0.70682
78848 0.707027
79360 0.707225
79872 0.707412
80384 0.707568
80896 0.708016
81408 0.708154
81920 0.708276
82432 0.708385
82944 0.708489
83456 0.708586
83968 0.708639
84480 0.708686
84992 0.708716
85504 0.709085
86016 0.709687
86528 0.710271
87040 0.71197
87552 0.712513
88064 0.712693
88576 0.712859
89088 0.712868
89600 0.712875
90112 0.712878
