0 0.516271
512 0.519821
1024 0.523141
1536 0.526339
2048 0.529462
2560 0.532528
3072 0.53559
3584 0.53858
4096 0.541557
4608 0.544366
5120 0.547159
5632 0.549905
6144 0.552629
6656 0.555282
7168 0.55786
7680 0.560428
8192 0.562952
8704 0.56541
9216 0.567791
9728 0.570167
10240 0.572387
10752 0.574595
11264 0.576777
11776 0.578916
12288 0.580965
12800 0.58293
13312 0.584893
13824 0.586731
14336 0.589215
14848 0.591047
15360 0.592853
15872 0.594603
16384 0.596352
16896 0.599022
17408 0.600765
17920 0.602494
18432 0.60416
18944 0.605813
19456 0.607462
19968 0.609742
20480 0.611349
20992 0.613364
21504 0.614969
22016 0.616573
22528 0.618171
23040 0.619713
23552 0.621247
24064 0.622775
24576 0.624298
25088 0.625789
25600 0.627241
26112 0.628672
26624 0.6301
27136 0.631518
27648 0.632929
28160 0.634314
28672 0.635669
29184 0.636953
29696 0.638229
30208 0.639411
30720 0.641138
31232 0.642276
31744 0.643412
32256 0.644539
32768 0.645647
33280 0.646741
33792 0.647738
34304 0.648726
34816 0.6497
35328 0.650674
35840 0.651622
36352 0.652557
36864 0.653564
37376 0.655706
37888 0.656625
38400 0.657512
38912 0.659512
39424 0.660377
39936 0.661234
40448 0.662061
40960 0.662885
41472 0.663692
41984 0.664479
42496 0.665252
43008 0.666025
43520 0.667078
44032 0.667846
44544 0.668605
45056 0.669342
45568 0.670065
46080 0.670987
46592 0.67171
47104 0.672433
47616 0.673155
48128 0.673875
48640 0.674592
49152 0.675328
49664 0.676025
50176 0.67672
50688 0.6774
51200 0.678073
51712 0.678744
52224 0.679386
52736 0.680025
53248 0.680653
53760 0.681272
54272 0.681869
54784 0.682463
55296 0.683045
55808 0.683626
56320 0.684199
56832 0.684769
57344 0.685336
57856 0.6859
58368 0.687085
58880 0.687674
59392 0.688217
59904 0.689105
60416 0.68964
60928 0.69017
61440 0.690684
61952 0.691192
62464 0.691696
62976 0.692362
63488 0.692839
64000 0.693299
64512 0.693756
65024 0.6942
65536 0.695512
66048 0.695955
66560 0.696372
67072 0.69679
67584 0.697195
68096 0.697596
68608 0.697995
69120 0.698759
69632 0.699145
70144 0.699526
70656 0.699901
71168 0.700276
71680 0.700658
72192 0.701023
72704 0.702557
73216 0.704066
73728 0.705211
74240 0.70614
74752 0.706754
75264 0.707111
75776 0.707431
76288 0.708684
76800 0.709002
77312 0.709316
77824 0.709658
78336 0.709966
78848 0.711304
79360 0.712939
79872 0.713239
80384 0.713532
80896 0.713803
81408 0.714068
81920 0.71434
82432 0.714605
82944 0.714861
83456 0.715091
83968 0.715303
84480 0.7155
84992 0.715911
85504 0.716101
86016 0.716284
86528 0.716993
87040 0.717172
87552 0.717345
88064 0.71751
88576 0.717669
89088 0.717809
89600 0.718294
90112 0.718426
90624 0.718549
91136 0.718653
91648 0.718738
92160 0.718822
92672 0.718894
93184 0.718964
93696 0.719024
94208 0.719075
94720 0.719124
95232 0.719647
95744 0.719669
96256 0.720114
96768 0.720128
97280 0.720138
97792 0.720671
98304 0.720765
98816 0.720774
99328 0.721299
99840 0.722255
100352 0.722259
