0 0.500877
512 0.504447
1024 0.507977
1536 0.511429
2048 0.51483
2560 0.518024
3072 0.521202
3584 0.524264
4096 0.527302
4608 0.530234
5120 0.53316
5632 0.536012
6144 0.538734
6656 0.541422
7168 0.544106
7680 0.546736
8192 0.549331
8704 0.551919
9216 0.554455
9728 0.55684
10240 0.559209
10752 0.561528
11264 0.563825
11776 0.566079
12288 0.568303
12800 0.570497
13312 0.572651
13824 0.574801
14336 0.576906
14848 0.578997
15360 0.581076
15872 0.583134
16384 0.585161
16896 0.58718
17408 0.589185
17920 0.591174
18432 0.593947
18944 0.595922
19456 0.59789
19968 0.599796
20480 0.601695
20992 0.603544
21504 0.605387
22016 0.60717
22528 0.608948
23040 0.610618
23552 0.612276
24064 0.613879
24576 0.615454
25088 0.617025
25600 0.61859
26112 0.62015
26624 0.621681
27136 0.623193
27648 0.624702
28160 0.626192
28672 0.627661
29184 0.629104
29696 0.630534
30208 0.631952
30720 0.633333
31232 0.634971
31744 0.636255
32256 0.637533
32768 0.638809
33280 0.640073
33792 0.641332
34304 0.643196
34816 0.644452
35328 0.645683
35840 0.64689
36352 0.648281
36864 0.64941
37376 0.651056
37888 0.65234
38400 0.653467
38912 0.654578
39424 0.655681
39936 0.656778
40448 0.657847
40960 0.658908
41472 0.659955
41984 0.660987
42496 0.662006
43008 0.663002
43520 0.664841
44032 0.665824
44544 0.666798
45056 0.667764
45568 0.669859
46080 0.670804
46592 0.671727
47104 0.672616
47616 0.673501
48128 0.67436
48640 0.675334
49152 0.676186
49664 0.677018
50176 0.677801
50688 0.678574
51200 0.679338
51712 0.680087
52224 0.680823
52736 0.681557
53248 0.682268
53760 0.683489
54272 0.684828
54784 0.685779
55296 0.686489
55808 0.687191
56320 0.687888
56832 0.688807
57344 0.689496
57856 0.690167
58368 0.690832
58880 0.691987
59392 0.692643
59904 0.693298
60416 0.693927
60928 0.69452
61440 0.69555
61952 0.696126
62464 0.696696
62976 0.697233
63488 0.697768
64000 0.698301
64512 0.698833
65024 0.699355
65536 0.700406
66048 0.70108
66560 0.701576
67072 0.702166
67584 0.702662
68096 0.703147
68608 0.703611
69120 0.704068
69632 0.704485
70144 0.7049
70656 0.705279
71168 0.705599
71680 0.706852
72192 0.707167
72704 0.707809
73216 0.708124
73728 0.708433
74240 0.709513
74752 0.70982
75264 0.710127
75776 0.711259
76288 0.711558
76800 0.711824
77312 0.712788
77824 0.71365
78336 0.713914
78848 0.714166
79360 0.714399
79872 0.715921
80384 0.718063
80896 0.718282
81408 0.7185
81920 0.718716
82432 0.718923
82944 0.719103
83456 0.719268
83968 0.720349
84480 0.720508
84992 0.720655
85504 0.720784
86016 0.722747
86528 0.722862
87040 0.722974
87552 0.723083
88064 0.723175
88576 0.723264
89088 0.723351
89600 0.723415
90112 0.723467
90624 0.723514
91136 0.723549
91648 0.723566
92160 0.723575
92672 0.723582
