0 0.492605
512 0.497216
1024 0.501668
1536 0.506026
2048 0.510232
2560 0.514406
3072 0.518413
3584 0.522048
4096 0.52512
4608 0.528125
5120 0.531048
5632 0.533887
6144 0.536653
6656 0.539396
7168 0.542089
7680 0.544769
8192 0.547449
8704 0.550122
9216 0.55277
9728 0.555416
10240 0.558034
10752 0.560628
11264 0.563213
11776 0.56576
12288 0.56857
12800 0.571108
13312 0.573634
13824 0.57607
14336 0.578499
14848 0.580924
15360 0.58333
15872 0.585715
16384 0.588058
16896 0.590378
17408 0.592683
17920 0.594944
18432 0.5972
18944 0.599344
19456 0.601471
19968 0.603583
20480 0.605675
20992 0.607723
21504 0.609767
22016 0.611783
22528 0.613779
23040 0.615735
23552 0.617661
24064 0.619568
24576 0.62147
25088 0.623205
25600 0.624823
26112 0.626431
26624 0.628034
27136 0.629563
27648 0.631705
28160 0.633197
28672 0.634927
29184 0.636397
29696 0.637841
30208 0.639271
30720 0.640693
31232 0.642067
31744 0.643384
32256 0.644675
32768 0.645945
33280 0.64718
33792 0.648368
34304 0.649519
34816 0.650659
35328 0.65185
35840 0.653443
36352 0.654539
36864 0.655735
37376 0.656829
37888 0.657912
38400 0.65957
38912 0.660626
39424 0.661682
39936 0.662708
40448 0.663834
40960 0.664989
41472 0.666007
41984 0.667024
42496 0.667995
43008 0.668941
43520 0.670288
44032 0.671217
44544 0.672144
45056 0.673068
45568 0.674298
46080 0.675218
46592 0.676129
47104 0.67702
47616 0.677894
48128 0.678745
48640 0.679589
49152 0.68041
49664 0.681223
50176 0.68202
50688 0.682791
51200 0.683557
51712 0.684314
52224 0.685057
52736 0.685802
53248 0.686503
53760 0.687168
54272 0.687834
54784 0.688559
55296 0.689221
55808 0.689869
56320 0.6905
56832 0.69173
57344 0.69234
57856 0.692937
58368 0.694853
58880 0.695427
59392 0.695994
59904 0.696545
60416 0.697095
60928 0.697712
61440 0.698395
61952 0.698945
62464 0.699493
62976 0.700036
63488 0.700576
64000 0.701104
64512 0.701575
65024 0.702039
65536 0.702478
66048 0.702899
66560 0.703314
67072 0.703725
67584 0.704126
68096 0.704519
68608 0.704909
69120 0.705295
69632 0.705666
70144 0.706035
70656 0.706404
71168 0.706745
71680 0.707086
72192 0.707411
72704 0.707735
73216 0.708034
73728 0.708329
74240 0.708611
74752 0.709085
75264 0.709363
75776 0.709737
76288 0.710005
76800 0.710269
77312 0.710522
77824 0.710774
78336 0.711025
78848 0.711266
79360 0.711485
79872 0.711703
80384 0.71192
80896 0.712128
81408 0.712294
81920 0.712434
82432 0.712564
82944 0.71268
83456 0.713633
83968 0.713879
84480 0.714305
84992 0.714417
85504 0.714513
86016 0.715773
86528 0.716803
87040 0.716902
87552 0.716982
88064 0.717052
88576 0.717116
89088 0.719159
89600 0.71999
90112 0.720054
90624 0.720114
91136 0.720904
91648 0.720954
92160 0.721217
92672 0.721263
93184 0.721307
93696 0.721336
94208 0.721359
94720 0.721381
95232 0.721402
95744 0.721554
96256 0.721844
96768 0.721862
97280 0.721877
97792 0.721887
98304 0.72242
98816 0.722515
99328 0.722518
99840 0.722692
