0 0.510195
512 0.513463
1024 0.51667
1536 0.519834
2048 0.522822
2560 0.525723
3072 0.528509
3584 0.531241
4096 0.533953
4608 0.536493
5120 0.538965
5632 0.541425
6144 0.543795
6656 0.54614
7168 0.548469
7680 0.550741
8192 0.55298
8704 0.555212
9216 0.557796
9728 0.55994
10240 0.56205
10752 0.564144
11264 0.566223
11776 0.568286
12288 0.570343
12800 0.572323
13312 0.574638
13824 0.576601
14336 0.578547
14848 0.580899
15360 0.582826
15872 0.584731
16384 0.586634
16896 0.588533
17408 0.59036
17920 0.592136
18432 0.593874
18944 0.595594
19456 0.597312
19968 0.599112
20480 0.60082
20992 0.602514
21504 0.604163
22016 0.605808
22528 0.607432
23040 0.609037
23552 0.610626
24064 0.612186
24576 0.613733
25088 0.615259
25600 0.61722
26112 0.618744
26624 0.620266
27136 0.621724
27648 0.623132
28160 0.62449
28672 0.626354
29184 0.62771
29696 0.629066
30208 0.630421
30720 0.63177
31232 0.633104
31744 0.634424
32256 0.635737
32768 0.637049
33280 0.638337
33792 0.639621
34304 0.640888
34816 0.642152
35328 0.643978
35840 0.64538
36352 0.646641
36864 0.648344
37376 0.649594
37888 0.650843
38400 0.652082
38912 0.653318
39424 0.65454
39936 0.655722
40448 0.656889
40960 0.657998
41472 0.659036
41984 0.661056
42496 0.662274
43008 0.664522
43520 0.665656
44032 0.66669
44544 0.667757
45056 0.668766
45568 0.66977
46080 0.67076
46592 0.672001
47104 0.67299
47616 0.673963
48128 0.674897
48640 0.675807
49152 0.677195
49664 0.678462
50176 0.67932
50688 0.680677
51200 0.681503
51712 0.682314
52224 0.683121
52736 0.683921
53248 0.684695
53760 0.685573
54272 0.686429
54784 0.687202
55296 0.687924
55808 0.688628
56320 0.689319
56832 0.689985
57344 0.690647
57856 0.691298
58368 0.691903
58880 0.692493
59392 0.693049
59904 0.693604
60416 0.694155
60928 0.694691
61440 0.695227
61952 0.69576
62464 0.696293
62976 0.69681
63488 0.697472
64000 0.698666
64512 0.699566
65024 0.700058
65536 0.700546
66048 0.701034
66560 0.701494
67072 0.703059
67584 0.703486
68096 0.703899
68608 0.704288
69120 0.704676
69632 0.70505
70144 0.705419
70656 0.705787
71168 0.706142
71680 0.706483
72192 0.707122
72704 0.707437
73216 0.708535
73728 0.708842
74240 0.70912
74752 0.709373
75264 0.709604
75776 0.709811
76288 0.710009
76800 0.710206
77312 0.710393
77824 0.710574
78336 0.710754
78848 0.71092
79360 0.71106
79872 0.711192
80384 0.71131
80896 0.711424
81408 0.711533
81920 0.711637
82432 0.711736
82944 0.71184
83456 0.711937
83968 0.713953
84480 0.714572
84992 0.714648
85504 0.714708
86016 0.71476
86528 0.714803
87040 0.714843
87552 0.714955
88064 0.714992
88576 0.715144
89088 0.715617
89600 0.715705
90112 0.717052
90624 0.717077
91136 0.717099
91648 0.71756
92160 0.718104
92672 0.718119
93184 0.718128
93696 0.718134
