0 0.484899
512 0.489716
1024 0.49396
1536 0.497657
2048 0.501351
2560 0.505015
3072 0.508544
3584 0.511994
4096 0.51522
4608 0.518425
5120 0.521599
5632 0.524657
6144 0.527703
6656 0.530702
7168 0.53352
7680 0.536309
8192 0.539055
8704 0.541748
9216 0.544394
9728 0.546996
10240 0.549566
10752 0.552119
11264 0.554642
11776 0.557004
12288 0.559319
12800 0.561534
13312 0.563738
13824 0.5658
14336 0.568452
14848 0.570484
15360 0.572489
15872 0.574405
16384 0.576291
16896 0.578595
17408 0.580467
17920 0.582267
18432 0.584068
18944 0.585885
19456 0.587682
19968 0.589457
20480 0.59121
20992 0.592952
21504 0.594686
22016 0.596389
22528 0.598073
23040 0.599734
23552 0.60142
24064 0.603038
24576 0.604653
25088 0.606234
25600 0.608431
26112 0.609971
26624 0.611619
27136 0.613148
27648 0.614667
28160 0.616949
28672 0.61844
29184 0.619911
29696 0.621376
30208 0.622807
30720 0.624635
31232 0.626061
31744 0.627486
32256 0.629111
32768 0.630533
33280 0.631903
33792 0.633245
34304 0.634496
34816 0.635738
35328 0.636976
35840 0.638208
36352 0.63943
36864 0.640651
37376 0.641856
37888 0.642999
38400 0.644127
38912 0.645556
39424 0.646842
39936 0.647958
40448 0.649878
40960 0.650972
41472 0.652053
41984 0.653132
42496 0.654161
43008 0.655183
43520 0.65619
44032 0.65719
44544 0.659044
45056 0.659993
45568 0.660937
46080 0.66188
46592 0.663445
47104 0.664388
47616 0.66533
48128 0.666272
48640 0.667191
49152 0.668106
49664 0.669019
50176 0.66992
50688 0.670819
51200 0.671707
51712 0.672587
52224 0.673856
52736 0.675094
53248 0.675946
53760 0.676762
54272 0.677564
54784 0.678354
55296 0.679098
55808 0.679812
56320 0.680501
56832 0.681181
57344 0.681851
57856 0.682494
58368 0.683133
58880 0.683729
59392 0.684638
59904 0.685285
60416 0.685866
60928 0.686438
61440 0.687585
61952 0.688155
62464 0.68872
62976 0.689478
63488 0.690021
64000 0.691518
64512 0.692051
65024 0.692575
65536 0.693094
66048 0.693765
66560 0.694269
67072 0.69476
67584 0.695232
68096 0.695691
68608 0.696148
69120 0.696734
69632 0.697183
70144 0.69766
70656 0.698093
71168 0.69852
71680 0.698931
72192 0.699308
72704 0.699622
73216 0.69993
73728 0.700222
74240 0.70051
74752 0.700796
75264 0.70206
75776 0.702346
76288 0.703588
76800 0.703864
77312 0.704139
77824 0.704409
78336 0.704802
78848 0.70516
79360 0.705787
79872 0.706172
80384 0.706443
80896 0.706696
81408 0.707103
81920 0.708192
82432 0.709343
82944 0.710526
83456 0.711174
83968 0.711712
84480 0.711965
84992 0.712217
85504 0.712466
86016 0.712707
86528 0.712944
87040 0.713125
87552 0.713498
88064 0.713673
88576 0.713838
89088 0.714031
89600 0.714186
90112 0.714335
90624 0.714763
91136 0.714892
91648 0.715007
92160 0.715113
92672 0.715415
93184 0.71552
93696 0.7156
94208 0.715668
94720 0.71581
95232 0.716023
95744 0.716084
96256 0.716139
96768 0.716181
97280 0.717211
97792 0.717226
98304 0.717241
98816 0.717256
99328 0.718407
99840 0.718416
100352 0.718422
100864 0.718426
