0 0.478741
512 0.483041
1024 0.487283
1536 0.491016
2048 0.494547
2560 0.49789
3072 0.500971
3584 0.503985
4096 0.506874
4608 0.509739
5120 0.512591
5632 0.515441
6144 0.518267
6656 0.521033
7168 0.523742
7680 0.526448
8192 0.52915
8704 0.531781
9216 0.534335
9728 0.536779
10240 0.539219
10752 0.541649
11264 0.544025
11776 0.546375
12288 0.548702
12800 0.55101
13312 0.553274
13824 0.555498
14336 0.557642
14848 0.559782
15360 0.561916
15872 0.564777
16384 0.566906
16896 0.568982
17408 0.571053
17920 0.573067
18432 0.575057
18944 0.57703
19456 0.578991
19968 0.581117
20480 0.583646
20992 0.586167
21504 0.5881
22016 0.589993
22528 0.591882
23040 0.593743
23552 0.595602
24064 0.59743
24576 0.599256
25088 0.601003
25600 0.602728
26112 0.604435
26624 0.606129
27136 0.607795
27648 0.609404
28160 0.610921
28672 0.612422
29184 0.613918
29696 0.615409
30208 0.616873
30720 0.618327
31232 0.619757
31744 0.621185
32256 0.622746
32768 0.624136
33280 0.625494
33792 0.626825
34304 0.628581
34816 0.629869
35328 0.631153
35840 0.633668
36352 0.634976
36864 0.636233
37376 0.637448
37888 0.638639
38400 0.639799
38912 0.640937
39424 0.643181
39936 0.644299
40448 0.645416
40960 0.64649
41472 0.64756
41984 0.648626
42496 0.649687
43008 0.650741
43520 0.651813
44032 0.652852
44544 0.654041
45056 0.65506
45568 0.656057
46080 0.657136
46592 0.65811
47104 0.659068
47616 0.660018
48128 0.661405
48640 0.662353
49152 0.663299
49664 0.664244
50176 0.66518
50688 0.666074
51200 0.666962
51712 0.667844
52224 0.668717
52736 0.669587
53248 0.671563
53760 0.673141
54272 0.674018
54784 0.674887
55296 0.675742
55808 0.676592
56320 0.677441
56832 0.678252
57344 0.67903
57856 0.679803
58368 0.680575
58880 0.681336
59392 0.682091
59904 0.682988
60416 0.683719
60928 0.684707
61440 0.685431
61952 0.686129
62464 0.686825
62976 0.687516
63488 0.688189
64000 0.688848
64512 0.689485
65024 0.690128
65536 0.690762
66048 0.691885
66560 0.692795
67072 0.693395
67584 0.693976
68096 0.694535
68608 0.695092
69120 0.695634
69632 0.696164
70144 0.697341
70656 0.697866
71168 0.698364
71680 0.699223
72192 0.699711
72704 0.700171
73216 0.701736
73728 0.702196
74240 0.702739
74752 0.703182
75264 0.703609
75776 0.704023
76288 0.704435
76800 0.704841
77312 0.70524
77824 0.706504
78336 0.707155
78848 0.707759
79360 0.708148
79872 0.708538
80384 0.708927
80896 0.709302
81408 0.709652
81920 0.710002
82432 0.710715
82944 0.711055
83456 0.711365
83968 0.711668
84480 0.713
84992 0.71357
85504 0.714055
86016 0.714337
86528 0.714609
87040 0.714859
87552 0.715092
88064 0.71532
88576 0.715536
89088 0.715743
89600 0.715946
90112 0.716144
90624 0.716326
91136 0.71659
91648 0.716761
92160 0.716927
92672 0.717067
93184 0.718151
93696 0.719203
94208 0.72009
94720 0.720935
95232 0.721583
95744 0.722162
96256 0.722302
96768 0.722433
97280 0.723153
97792 0.723522
98304 0.723644
98816 0.723767
99328 0.723876
99840 0.72398
100352 0.724084
100864 0.724185
101376 0.72428
101888 0.724366
102400 0.724446
102912 0.7245
103424 0.724548
103936 0.724588
104448 0.724616
104960 0.724714
105472 0.724736
105984 0.724749
106496 0.725357
107008 0.725611
107520 0.725615
