0 0.505177
512 0.509423
1024 0.513482
1536 0.517035
2048 0.520517
2560 0.523709
3072 0.526815
3584 0.529902
4096 0.532973
4608 0.535845
5120 0.538681
5632 0.541473
6144 0.544178
6656 0.546878
7168 0.54956
7680 0.552008
8192 0.554381
8704 0.556707
9216 0.558936
9728 0.56116
10240 0.563344
10752 0.565454
11264 0.567525
11776 0.569566
12288 0.571473
12800 0.573376
13312 0.575221
13824 0.576995
14336 0.578735
14848 0.580693
15360 0.582724
15872 0.58445
16384 0.58616
16896 0.587946
17408 0.589654
17920 0.591354
18432 0.593033
18944 0.594687
19456 0.596328
19968 0.59792
20480 0.599474
20992 0.601009
21504 0.602526
22016 0.60398
22528 0.60539
23040 0.606712
23552 0.608029
24064 0.61004
24576 0.611355
25088 0.612652
25600 0.613924
26112 0.615154
26624 0.616369
27136 0.617577
27648 0.618769
28160 0.620406
28672 0.621598
29184 0.622749
29696 0.62389
30208 0.625027
30720 0.626159
31232 0.627277
31744 0.628962
32256 0.630061
32768 0.631155
33280 0.632238
33792 0.6333
34304 0.634355
34816 0.635406
35328 0.636445
35840 0.637927
36352 0.63892
36864 0.639877
37376 0.640817
37888 0.643385
38400 0.644566
38912 0.645484
39424 0.647043
39936 0.647956
40448 0.648856
40960 0.649755
41472 0.650653
41984 0.651543
42496 0.652412
43008 0.654164
43520 0.655351
44032 0.656413
44544 0.657242
45056 0.658061
45568 0.658878
46080 0.659693
46592 0.6605
47104 0.661299
47616 0.662095
48128 0.662869
48640 0.66362
49152 0.664362
49664 0.665101
50176 0.667328
50688 0.668051
51200 0.668973
51712 0.669686
52224 0.670388
52736 0.67108
53248 0.671769
53760 0.672557
54272 0.67323
54784 0.6739
55296 0.675261
55808 0.675929
56320 0.677583
56832 0.678433
57344 0.679085
57856 0.679685
58368 0.680281
58880 0.681196
59392 0.683352
59904 0.684231
60416 0.685761
60928 0.686322
61440 0.686868
61952 0.687385
62464 0.687841
62976 0.688521
63488 0.688947
64000 0.689351
64512 0.69057
65024 0.690971
65536 0.691366
66048 0.69198
66560 0.69248
67072 0.692844
67584 0.693192
68096 0.693533
68608 0.693835
69120 0.694135
69632 0.694427
70144 0.694714
70656 0.694999
71168 0.697142
71680 0.697414
72192 0.697661
72704 0.697904
73216 0.698167
73728 0.698397
74240 0.698626
74752 0.698843
75264 0.699059
75776 0.699266
76288 0.69947
76800 0.70081
77312 0.701105
77824 0.701968
78336 0.702166
78848 0.702363
79360 0.702556
79872 0.702747
80384 0.702906
80896 0.703679
81408 0.704384
81920 0.704536
82432 0.704686
82944 0.705525
83456 0.705648
83968 0.70577
84480 0.705857
84992 0.705933
85504 0.705986
86016 0.706029
86528 0.706058
87040 0.70608
87552 0.706094
88064 0.706108
88576 0.706117
