0 0.493335
512 0.496921
1024 0.500474
1536 0.503748
2048 0.506954
2560 0.509943
3072 0.5129
3584 0.515854
4096 0.518712
4608 0.521598
5120 0.524396
5632 0.527053
6144 0.530213
6656 0.532857
7168 0.53545
7680 0.537929
8192 0.540393
8704 0.542819
9216 0.54521
9728 0.547521
10240 0.549781
10752 0.552042
11264 0.554273
11776 0.556416
12288 0.558528
12800 0.560606
13312 0.562672
13824 0.564808
14336 0.566811
14848 0.5688
15360 0.570777
15872 0.572908
16384 0.574841
16896 0.576711
17408 0.578558
17920 0.58054
18432 0.582345
18944 0.584103
19456 0.585847
19968 0.587582
20480 0.589315
20992 0.591017
21504 0.59272
22016 0.594404
22528 0.596054
23040 0.597669
23552 0.59929
24064 0.60089
24576 0.602474
25088 0.604153
25600 0.60572
26112 0.607274
26624 0.608766
27136 0.610257
27648 0.611719
28160 0.613148
28672 0.614546
29184 0.616313
29696 0.617706
30208 0.61907
30720 0.620425
31232 0.621742
31744 0.623054
32256 0.624328
32768 0.62555
33280 0.626764
33792 0.62797
34304 0.629156
34816 0.630339
35328 0.63152
35840 0.632671
36352 0.633808
36864 0.634941
37376 0.636052
37888 0.637163
38400 0.638265
38912 0.639928
39424 0.641015
39936 0.642097
40448 0.643808
40960 0.645834
41472 0.646914
41984 0.649431
42496 0.650494
43008 0.651506
43520 0.653009
44032 0.653993
44544 0.654974
45056 0.655916
45568 0.65684
46080 0.65807
46592 0.658975
47104 0.660271
47616 0.661403
48128 0.662303
48640 0.66318
49152 0.664054
49664 0.664905
50176 0.665738
50688 0.666557
51200 0.667368
51712 0.668179
52224 0.668958
52736 0.669711
53248 0.670449
53760 0.671172
54272 0.67187
54784 0.672763
55296 0.673461
55808 0.674152
56320 0.674843
56832 0.67551
57344 0.676168
57856 0.676808
58368 0.677431
58880 0.678053
59392 0.678955
59904 0.679571
60416 0.680896
60928 0.681478
61440 0.682717
61952 0.683332
62464 0.683921
62976 0.68443
63488 0.684939
64000 0.685412
64512 0.685872
65024 0.686323
65536 0.686763
66048 0.687187
66560 0.687824
67072 0.688292
67584 0.688698
68096 0.689099
68608 0.690178
69120 0.690557
69632 0.690936
70144 0.691312
70656 0.69166
71168 0.692003
71680 0.69232
72192 0.693859
72704 0.694578
73216 0.695216
73728 0.695797
74240 0.696293
74752 0.696608
75264 0.696965
75776 0.697257
76288 0.697543
76800 0.697814
77312 0.698079
77824 0.698334
78336 0.698734
78848 0.699698
79360 0.699934
79872 0.700144
80384 0.700334
80896 0.701343
81408 0.701502
81920 0.701656
82432 0.701807
82944 0.701951
83456 0.702084
83968 0.7022
84480 0.702307
84992 0.702398
85504 0.702488
86016 0.703191
86528 0.703259
87040 0.703323
87552 0.704099
88064 0.704251
88576 0.704649
89088 0.705667
89600 0.705765
90112 0.706366
90624 0.707971
91136 0.709717
91648 0.710134
92160 0.710189
92672 0.710236
93184 0.710251
93696 0.710261
