0 0.479815
512 0.484306
1024 0.488538
1536 0.492202
2048 0.495862
2560 0.499519
3072 0.502962
3584 0.50618
4096 0.509386
4608 0.512585
5120 0.515741
5632 0.51885
6144 0.522128
6656 0.525092
7168 0.528041
7680 0.530883
8192 0.53426
8704 0.537017
9216 0.539722
9728 0.542402
10240 0.545056
10752 0.547636
11264 0.550165
11776 0.552652
12288 0.555112
12800 0.557557
13312 0.559911
13824 0.562234
14336 0.564551
14848 0.566833
15360 0.569084
15872 0.571288
16384 0.573457
16896 0.575607
17408 0.577716
17920 0.579764
18432 0.581779
18944 0.583768
19456 0.585738
19968 0.5877
20480 0.589654
20992 0.591599
21504 0.593541
22016 0.595448
22528 0.597328
23040 0.599154
23552 0.601012
24064 0.602813
24576 0.604604
25088 0.60639
25600 0.60819
26112 0.609927
26624 0.612012
27136 0.61372
27648 0.61538
28160 0.617026
28672 0.618668
29184 0.620305
29696 0.621942
30208 0.62355
30720 0.625144
31232 0.626737
31744 0.628327
32256 0.629886
32768 0.631373
33280 0.632854
33792 0.634318
34304 0.636013
34816 0.637416
35328 0.638801
35840 0.640183
36352 0.641552
36864 0.643415
37376 0.644812
37888 0.646172
38400 0.647474
38912 0.648743
39424 0.650006
39936 0.651237
40448 0.652459
40960 0.653679
41472 0.655086
41984 0.656295
42496 0.657505
43008 0.65871
43520 0.659901
44032 0.661067
44544 0.6624
45056 0.663554
45568 0.664691
46080 0.665825
46592 0.666945
47104 0.668064
47616 0.669182
48128 0.670269
48640 0.671335
49152 0.672353
49664 0.673362
50176 0.674334
50688 0.675292
51200 0.677298
51712 0.678203
52224 0.679106
52736 0.680005
53248 0.680896
53760 0.681769
54272 0.68264
54784 0.683804
55296 0.68466
55808 0.685501
56320 0.687247
56832 0.688073
57344 0.688892
57856 0.689711
58368 0.690518
58880 0.691291
59392 0.692012
59904 0.692702
60416 0.693386
60928 0.694066
61440 0.694725
61952 0.695329
62464 0.696412
62976 0.697001
63488 0.697557
64000 0.698105
64512 0.698644
65024 0.69914
65536 0.699627
66048 0.700111
66560 0.700595
67072 0.701066
67584 0.701504
68096 0.701919
68608 0.70232
69120 0.702715
69632 0.703105
70144 0.703463
70656 0.703777
71168 0.704085
71680 0.704392
72192 0.70487
72704 0.70517
73216 0.705466
73728 0.705736
74240 0.7066
74752 0.706868
75264 0.707135
75776 0.707394
76288 0.707646
76800 0.707892
77312 0.708134
77824 0.708376
78336 0.708606
78848 0.708822
79360 0.709029
79872 0.709179
80384 0.711834
80896 0.711977
81408 0.712109
81920 0.712209
82432 0.71341
82944 0.713542
83456 0.714059
83968 0.714153
84480 0.714243
84992 0.714328
85504 0.714392
86016 0.714445
86528 0.714486
87040 0.714609
87552 0.71462
88064 0.714624
88576 0.714625
