0 0.507399
512 0.51127
1024 0.515047
1536 0.518723
2048 0.52217
2560 0.525568
3072 0.528614
3584 0.5315
4096 0.534373
4608 0.537244
5120 0.540015
5632 0.542713
6144 0.545237
6656 0.547673
7168 0.550105
7680 0.552365
8192 0.554612
8704 0.556836
9216 0.559055
9728 0.561266
10240 0.563432
10752 0.565541
11264 0.567637
11776 0.569681
12288 0.571677
12800 0.573664
13312 0.575638
13824 0.577538
14336 0.579436
14848 0.581323
15360 0.583151
15872 0.584969
16384 0.586785
16896 0.588583
17408 0.59038
17920 0.592314
18432 0.59411
18944 0.595882
19456 0.597649
19968 0.599413
20480 0.601086
20992 0.602719
21504 0.604352
22016 0.605905
22528 0.607425
23040 0.60889
23552 0.610333
24064 0.611769
24576 0.61367
25088 0.615099
25600 0.616526
26112 0.618633
26624 0.620056
27136 0.621418
27648 0.622773
28160 0.624115
28672 0.625428
29184 0.627981
29696 0.629276
30208 0.630562
30720 0.631839
31232 0.633108
31744 0.634369
32256 0.635627
32768 0.636858
33280 0.638089
33792 0.639306
34304 0.640858
34816 0.642072
35328 0.64326
35840 0.644413
36352 0.645548
36864 0.64668
37376 0.647803
37888 0.648918
38400 0.650724
38912 0.651832
39424 0.652939
39936 0.654013
40448 0.655043
40960 0.656038
41472 0.657015
41984 0.657987
42496 0.658959
43008 0.659917
43520 0.660861
44032 0.66177
44544 0.662676
45056 0.663581
45568 0.664455
46080 0.665318
46592 0.666175
47104 0.667389
47616 0.668243
48128 0.669094
48640 0.67021
49152 0.67105
49664 0.67188
50176 0.672668
50688 0.673449
51200 0.674224
51712 0.674997
52224 0.675766
52736 0.676534
53248 0.67728
53760 0.677995
54272 0.678671
54784 0.679346
55296 0.680012
55808 0.680671
56320 0.681341
56832 0.681991
57344 0.68263
57856 0.683258
58368 0.683872
58880 0.684461
59392 0.685022
59904 0.685552
60416 0.686621
60928 0.68851
61440 0.689415
61952 0.689911
62464 0.690406
62976 0.690876
63488 0.691336
64000 0.691795
64512 0.692253
65024 0.69268
65536 0.693104
66048 0.693514
66560 0.693895
67072 0.694269
67584 0.694633
68096 0.696325
68608 0.69682
69120 0.69718
69632 0.697857
70144 0.698467
70656 0.698825
71168 0.699155
71680 0.700419
72192 0.70076
72704 0.701399
73216 0.701804
73728 0.702118
74240 0.702422
74752 0.70313
75264 0.703432
75776 0.704627
76288 0.704909
76800 0.705186
77312 0.705438
77824 0.706556
78336 0.707016
78848 0.708581
79360 0.7088
79872 0.709016
80384 0.709215
80896 0.709413
81408 0.70976
81920 0.711314
82432 0.711984
82944 0.712627
83456 0.712816
83968 0.712983
84480 0.713149
84992 0.713303
85504 0.713443
86016 0.713575
86528 0.713705
87040 0.71382
87552 0.713929
88064 0.714557
88576 0.714666
89088 0.714751
89600 0.714835
90112 0.714918
90624 0.714983
91136 0.715469
91648 0.715833
92160 0.715881
92672 0.715923
93184 0.71716
93696 0.717201
94208 0.717241
94720 0.718138
95232 0.719369
95744 0.719819
96256 0.719915
96768 0.720453
97280 0.720491
97792 0.72052
98304 0.720526
98816 0.721082
99328 0.721088
99840 0.721092
