0 0.4989
512 0.503757
1024 0.508422
1536 0.512232
2048 0.515509
2560 0.518765
3072 0.521961
3584 0.524853
4096 0.527723
4608 0.530433
5120 0.533578
5632 0.536417
6144 0.539114
6656 0.541794
7168 0.544468
7680 0.547127
8192 0.549634
8704 0.552129
9216 0.554562
9728 0.556957
10240 0.559344
10752 0.561602
11264 0.56385
11776 0.566074
12288 0.568259
12800 0.570342
13312 0.572364
13824 0.574385
14336 0.576404
14848 0.578413
15360 0.580357
15872 0.582196
16384 0.584023
16896 0.585829
17408 0.588055
17920 0.589858
18432 0.591596
18944 0.593257
19456 0.595153
19968 0.597292
20480 0.598957
20992 0.600603
21504 0.602247
22016 0.603879
22528 0.605481
23040 0.607077
23552 0.608671
24064 0.610188
24576 0.61168
25088 0.613138
25600 0.61459
26112 0.61602
26624 0.617449
27136 0.618862
27648 0.620266
28160 0.621638
28672 0.622964
29184 0.624277
29696 0.62557
30208 0.626831
30720 0.628067
31232 0.62927
31744 0.630462
32256 0.631629
32768 0.632753
33280 0.634582
33792 0.635684
34304 0.636784
34816 0.637853
35328 0.638898
35840 0.639922
36352 0.640931
36864 0.641903
37376 0.642851
37888 0.643796
38400 0.644734
38912 0.646464
39424 0.647392
39936 0.648301
40448 0.649294
40960 0.650301
41472 0.651202
41984 0.652249
42496 0.653146
43008 0.654005
43520 0.654854
44032 0.655684
44544 0.65651
45056 0.657547
45568 0.658528
46080 0.659333
46592 0.660136
47104 0.660921
47616 0.661679
48128 0.662417
48640 0.663137
49152 0.665517
49664 0.666216
50176 0.666912
50688 0.667588
51200 0.668247
51712 0.668904
52224 0.669556
52736 0.670184
53248 0.670811
53760 0.671555
54272 0.672148
54784 0.672732
55296 0.673313
55808 0.673883
56320 0.674636
56832 0.675187
57344 0.67573
57856 0.67627
58368 0.67679
58880 0.677534
59392 0.678012
59904 0.678474
60416 0.679863
60928 0.680322
61440 0.68078
61952 0.681308
62464 0.681766
62976 0.682221
63488 0.682651
64000 0.683382
64512 0.68381
65024 0.6845
65536 0.684927
66048 0.685342
66560 0.685733
67072 0.686109
67584 0.686485
68096 0.686895
68608 0.687243
69120 0.687557
69632 0.687865
70144 0.688165
70656 0.688456
71168 0.688939
71680 0.689758
72192 0.690046
72704 0.690393
73216 0.690675
73728 0.690943
74240 0.691208
74752 0.691467
75264 0.692156
75776 0.692905
76288 0.693308
76800 0.693567
77312 0.693823
77824 0.694059
78336 0.694274
78848 0.694811
79360 0.69502
79872 0.695216
80384 0.695939
80896 0.697172
81408 0.697992
81920 0.698451
82432 0.698627
82944 0.699164
83456 0.699558
83968 0.700408
84480 0.70066
84992 0.701088
85504 0.701718
86016 0.701893
86528 0.702061
87040 0.702778
87552 0.703359
88064 0.703518
88576 0.703659
89088 0.703799
89600 0.703928
90112 0.704057
90624 0.704405
91136 0.704489
91648 0.704569
92160 0.705085
92672 0.706064
93184 0.706789
93696 0.707676
94208 0.707745
94720 0.707812
95232 0.707876
95744 0.70794
96256 0.707995
96768 0.709063
97280 0.709425
97792 0.709754
98304 0.710006
98816 0.710056
99328 0.7101
99840 0.71014
100352 0.710173
100864 0.710196
101376 0.710217
101888 0.710231
102400 0.710244
102912 0.710255
103424 0.710343
103936 0.712222
