0 0.512202
512 0.517429
1024 0.521981
1536 0.525526
2048 0.528902
2560 0.532225
3072 0.535174
3584 0.538111
4096 0.540901
4608 0.543666
5120 0.546246
5632 0.548815
6144 0.551245
6656 0.553674
7168 0.556017
7680 0.558357
8192 0.56068
8704 0.562941
9216 0.565405
9728 0.567582
10240 0.56975
10752 0.5719
11264 0.574026
11776 0.576103
12288 0.578347
12800 0.58035
13312 0.582715
13824 0.58484
14336 0.586784
14848 0.588709
15360 0.590587
15872 0.592444
16384 0.594297
16896 0.596126
17408 0.597928
17920 0.60025
18432 0.60227
18944 0.604045
19456 0.605812
19968 0.607564
20480 0.609312
20992 0.611041
21504 0.612715
22016 0.614368
22528 0.615973
23040 0.61755
23552 0.619103
24064 0.620727
24576 0.622272
25088 0.623816
25600 0.625355
26112 0.626881
26624 0.628357
27136 0.629786
27648 0.631208
28160 0.632617
28672 0.633979
29184 0.635276
29696 0.636552
30208 0.637794
30720 0.639025
31232 0.640246
31744 0.641416
32256 0.642569
32768 0.643991
33280 0.645143
33792 0.646275
34304 0.647382
34816 0.648481
35328 0.649483
35840 0.651359
36352 0.652338
36864 0.653289
37376 0.654238
37888 0.655184
38400 0.656097
38912 0.65718
39424 0.658036
39936 0.658887
40448 0.659834
40960 0.661006
41472 0.661819
41984 0.66263
42496 0.663411
43008 0.665488
43520 0.66626
44032 0.667018
44544 0.667775
45056 0.66849
45568 0.669193
46080 0.669884
46592 0.670574
47104 0.671257
47616 0.671909
48128 0.672555
48640 0.673169
49152 0.673772
49664 0.674435
50176 0.675011
50688 0.67558
51200 0.67629
51712 0.676842
52224 0.677386
52736 0.677921
53248 0.678443
53760 0.678961
54272 0.679466
54784 0.679962
55296 0.680572
55808 0.681065
56320 0.681548
56832 0.682194
57344 0.684682
57856 0.685204
58368 0.685675
58880 0.686127
59392 0.687649
59904 0.688066
60416 0.688481
60928 0.688892
61440 0.689294
61952 0.690213
62464 0.690606
62976 0.690997
63488 0.691367
64000 0.691736
64512 0.6921
65024 0.692456
65536 0.692811
66048 0.693153
66560 0.694532
67072 0.694873
67584 0.695198
68096 0.695506
68608 0.695812
69120 0.696119
69632 0.696799
70144 0.697104
70656 0.697402
71168 0.698896
71680 0.699878
72192 0.70017
72704 0.701598
73216 0.701871
73728 0.702141
74240 0.7024
74752 0.702652
75264 0.7029
75776 0.703142
76288 0.703383
76800 0.703613
77312 0.70382
77824 0.704971
78336 0.705169
78848 0.705363
79360 0.705543
79872 0.705697
80384 0.70584
80896 0.706211
81408 0.706351
81920 0.706466
82432 0.706561
82944 0.706651
83456 0.706741
83968 0.707514
84480 0.707915
84992 0.707995
85504 0.708055
86016 0.709231
86528 0.709286
87040 0.709301
87552 0.709531
88064 0.709544
88576 0.709554
89088 0.709561
