0 0.519855
512 0.524323
1024 0.528579
1536 0.532461
2048 0.536218
2560 0.539768
3072 0.542849
3584 0.545912
4096 0.54887
4608 0.551525
5120 0.554081
5632 0.556634
6144 0.55899
6656 0.561398
7168 0.563743
7680 0.566066
8192 0.568325
8704 0.570915
9216 0.573142
9728 0.575246
10240 0.577238
10752 0.579204
11264 0.58112
11776 0.583037
12288 0.584947
12800 0.586791
13312 0.588619
13824 0.590401
14336 0.59216
14848 0.593904
15360 0.595583
15872 0.597238
16384 0.598856
16896 0.600464
17408 0.602067
17920 0.60365
18432 0.605216
18944 0.607111
19456 0.608664
19968 0.610213
20480 0.611748
20992 0.613261
21504 0.614769
22016 0.6162
22528 0.617604
23040 0.618988
23552 0.620309
24064 0.621816
24576 0.623053
25088 0.624291
25600 0.625524
26112 0.626746
26624 0.627961
27136 0.629172
27648 0.630393
28160 0.631599
28672 0.632889
29184 0.634047
29696 0.635206
30208 0.636411
30720 0.637561
31232 0.639115
31744 0.640255
32256 0.641389
32768 0.642521
33280 0.643645
33792 0.644715
34304 0.645782
34816 0.646845
35328 0.647901
35840 0.648905
36352 0.649935
36864 0.650931
37376 0.651913
37888 0.652991
38400 0.653949
38912 0.654901
39424 0.655849
39936 0.656776
40448 0.657695
40960 0.658606
41472 0.659497
41984 0.660382
42496 0.661267
43008 0.662145
43520 0.662984
44032 0.663793
44544 0.664577
45056 0.665347
45568 0.666116
46080 0.666873
46592 0.667625
47104 0.668377
47616 0.669128
48128 0.669847
48640 0.670544
49152 0.671238
49664 0.671928
50176 0.672611
50688 0.673293
51200 0.674104
51712 0.674784
52224 0.675412
52736 0.676032
53248 0.67664
53760 0.677673
54272 0.679206
54784 0.679814
55296 0.680504
55808 0.681109
56320 0.681707
56832 0.682302
57344 0.682791
57856 0.683279
58368 0.684567
58880 0.686077
59392 0.687307
59904 0.688078
60416 0.688539
60928 0.688991
61440 0.689931
61952 0.690498
62464 0.69094
62976 0.69137
63488 0.691761
64000 0.692151
64512 0.692541
65024 0.692929
65536 0.69342
66048 0.693795
66560 0.695504
67072 0.697149
67584 0.698059
68096 0.698432
68608 0.698792
69120 0.699517
69632 0.699981
70144 0.700336
70656 0.700665
71168 0.700985
71680 0.70189
72192 0.70221
72704 0.702525
73216 0.702824
73728 0.703092
74240 0.703484
74752 0.703711
75264 0.703937
75776 0.704157
76288 0.704354
76800 0.704794
77312 0.705911
77824 0.706101
78336 0.706281
78848 0.706456
79360 0.706629
79872 0.706799
80384 0.706964
80896 0.707123
81408 0.707907
81920 0.708458
82432 0.708599
82944 0.710127
83456 0.710805
83968 0.711454
84480 0.711595
84992 0.711693
85504 0.712808
86016 0.712884
86528 0.712953
87040 0.713007
87552 0.71305
88064 0.713091
88576 0.713126
89088 0.713152
89600 0.713173
90112 0.713639
90624 0.71393
91136 0.713945
91648 0.714637
92160 0.715579
92672 0.715605
93184 0.716556
93696 0.717753
94208 0.717764
94720 0.71812
95232 0.71813
95744 0.718663
96256 0.718758
96768 0.718764
97280 0.718768
