0 0.483949
512 0.488172
1024 0.49233
1536 0.496242
2048 0.500055
2560 0.503862
3072 0.507509
3584 0.511153
4096 0.514387
4608 0.517617
5120 0.520818
5632 0.523974
6144 0.527121
6656 0.530251
7168 0.533303
7680 0.536334
8192 0.539242
8704 0.541968
9216 0.54494
9728 0.547637
10240 0.550169
10752 0.552688
11264 0.555186
11776 0.557674
12288 0.560045
12800 0.562252
13312 0.564457
13824 0.56661
14336 0.568724
14848 0.570836
15360 0.572878
15872 0.574904
16384 0.576894
16896 0.578842
17408 0.580737
17920 0.582624
18432 0.584502
18944 0.586352
19456 0.588197
19968 0.590039
20480 0.59187
20992 0.594154
21504 0.595981
22016 0.597796
22528 0.600812
23040 0.602609
23552 0.604316
24064 0.606014
24576 0.607659
25088 0.609301
25600 0.610932
26112 0.612533
26624 0.614127
27136 0.615693
27648 0.617253
28160 0.61879
28672 0.620319
29184 0.622392
29696 0.623905
30208 0.625416
30720 0.626909
31232 0.628331
31744 0.629726
32256 0.631094
32768 0.633129
33280 0.63449
33792 0.635845
34304 0.637198
34816 0.638502
35328 0.63979
35840 0.641057
36352 0.642287
36864 0.643454
37376 0.644594
37888 0.645711
38400 0.646827
38912 0.647933
39424 0.649079
39936 0.650457
40448 0.651561
40960 0.652652
41472 0.65378
41984 0.654867
42496 0.655909
43008 0.656933
43520 0.657944
44032 0.658945
44544 0.659929
45056 0.660903
45568 0.661856
46080 0.6628
46592 0.66373
47104 0.66466
47616 0.667305
48128 0.668485
48640 0.669404
49152 0.670301
49664 0.671186
50176 0.672071
50688 0.67295
51200 0.673827
51712 0.674775
52224 0.675578
52736 0.676603
53248 0.677519
53760 0.678319
54272 0.679102
54784 0.679969
55296 0.680744
55808 0.681517
56320 0.682275
56832 0.683
57344 0.684033
57856 0.684737
58368 0.685426
58880 0.686106
59392 0.686768
59904 0.687417
60416 0.688568
60928 0.689456
61440 0.690089
61952 0.690669
62464 0.69171
62976 0.692247
63488 0.692784
64000 0.693293
64512 0.694638
65024 0.695873
65536 0.696381
66048 0.696888
66560 0.697376
67072 0.697843
67584 0.69829
68096 0.698715
68608 0.699134
69120 0.69956
69632 0.700419
70144 0.70082
70656 0.701198
71168 0.701802
71680 0.702134
72192 0.703617
72704 0.703936
73216 0.704246
73728 0.704601
74240 0.704903
74752 0.705203
75264 0.706679
75776 0.706964
76288 0.707937
76800 0.708221
77312 0.70868
77824 0.708935
78336 0.709181
78848 0.709476
79360 0.709703
79872 0.709922
80384 0.710138
80896 0.710336
81408 0.710512
81920 0.71072
82432 0.710895
82944 0.711067
83456 0.711231
83968 0.71139
84480 0.711534
84992 0.712136
85504 0.712809
86016 0.712952
86528 0.713081
87040 0.713591
87552 0.713743
88064 0.713862
88576 0.713966
89088 0.714069
89600 0.714311
90112 0.715064
90624 0.715162
91136 0.71523
91648 0.715292
92160 0.715874
92672 0.715925
93184 0.715946
93696 0.715955
94208 0.715959
