0 0.491999
512 0.49657
1024 0.500565
1536 0.504546
2048 0.508404
2560 0.512138
3072 0.515531
3584 0.518779
4096 0.521871
4608 0.524868
5120 0.527768
5632 0.530662
6144 0.533484
6656 0.536238
7168 0.538874
7680 0.541442
8192 0.543957
8704 0.546464
9216 0.548949
9728 0.551397
10240 0.553999
10752 0.556384
11264 0.558693
11776 0.560951
12288 0.563164
12800 0.565325
13312 0.567483
13824 0.569609
14336 0.572609
14848 0.574879
15360 0.576997
15872 0.579072
16384 0.58114
16896 0.583196
17408 0.585237
17920 0.58726
18432 0.589279
18944 0.591161
19456 0.593039
19968 0.594889
20480 0.596734
20992 0.59856
21504 0.600383
22016 0.602197
22528 0.604186
23040 0.605934
23552 0.607663
24064 0.609374
24576 0.610974
25088 0.612555
25600 0.614104
26112 0.616792
26624 0.618353
27136 0.619874
27648 0.621392
28160 0.622888
28672 0.624641
29184 0.62612
29696 0.627573
30208 0.629025
30720 0.630443
31232 0.631848
31744 0.633974
32256 0.635584
32768 0.636987
33280 0.638332
33792 0.639672
34304 0.641005
34816 0.642332
35328 0.643643
35840 0.644941
36352 0.646202
36864 0.647338
37376 0.648471
37888 0.64958
38400 0.650727
38912 0.651778
39424 0.652829
39936 0.653866
40448 0.654886
40960 0.655881
41472 0.656936
41984 0.657922
42496 0.658906
43008 0.659868
43520 0.660812
44032 0.661747
44544 0.662671
45056 0.663524
45568 0.664761
46080 0.665607
46592 0.666436
47104 0.667256
47616 0.668033
48128 0.668777
48640 0.669516
49152 0.670244
49664 0.670952
50176 0.671643
50688 0.672332
51200 0.673007
51712 0.673664
52224 0.674319
52736 0.675007
53248 0.675646
53760 0.676285
54272 0.676918
54784 0.677538
55296 0.678138
55808 0.678712
56320 0.679256
56832 0.679794
57344 0.680283
57856 0.680727
58368 0.682216
58880 0.682635
59392 0.683114
59904 0.683505
60416 0.683895
60928 0.684263
61440 0.684629
61952 0.684992
62464 0.686436
62976 0.687352
63488 0.6877
64000 0.688049
64512 0.688391
65024 0.688724
65536 0.689088
66048 0.689408
66560 0.690313
67072 0.690618
67584 0.690915
68096 0.691208
68608 0.691578
69120 0.691851
69632 0.692178
70144 0.69246
70656 0.692732
71168 0.692975
71680 0.693214
72192 0.693449
72704 0.693672
73216 0.693885
73728 0.694503
74240 0.694881
74752 0.695181
75264 0.69548
75776 0.695679
76288 0.695875
76800 0.696065
77312 0.696235
77824 0.697178
78336 0.697722
78848 0.697881
79360 0.698037
79872 0.698186
80384 0.698333
80896 0.699449
81408 0.699589
81920 0.699722
82432 0.700037
82944 0.700168
83456 0.702088
83968 0.703134
84480 0.704109
84992 0.704238
85504 0.704359
86016 0.705675
86528 0.705791
87040 0.707127
87552 0.707441
88064 0.707556
88576 0.707666
89088 0.707774
89600 0.708173
90112 0.708278
90624 0.708636
91136 0.709264
91648 0.709648
92160 0.709823
92672 0.709913
93184 0.709993
93696 0.710072
94208 0.710148
94720 0.710216
95232 0.710277
95744 0.710796
96256 0.71154
96768 0.711601
97280 0.7121
97792 0.712595
98304 0.712655
98816 0.713116
99328 0.713172
99840 0.713225
100352 0.713546
100864 0.713972
101376 0.714023
101888 0.714064
102400 0.714859
102912 0.714888
103424 0.714985
103936 0.716152
104448 0.716178
