0 0.49532
512 0.49965
1024 0.503514
1536 0.507155
2048 0.510764
2560 0.514226
3072 0.517515
3584 0.520794
4096 0.523773
4608 0.526681
5120 0.529587
5632 0.532456
6144 0.535299
6656 0.538136
7168 0.540881
7680 0.54359
8192 0.546295
8704 0.548923
9216 0.551515
9728 0.554059
10240 0.556496
10752 0.558893
11264 0.561223
11776 0.563503
12288 0.565769
12800 0.568018
13312 0.570162
13824 0.57222
14336 0.574186
14848 0.576143
15360 0.578053
15872 0.579952
16384 0.582355
16896 0.584312
17408 0.586127
17920 0.587921
18432 0.589696
18944 0.591415
19456 0.593115
19968 0.594749
20480 0.596357
20992 0.59796
21504 0.599553
22016 0.601108
22528 0.602644
23040 0.604179
23552 0.605703
24064 0.607709
24576 0.609228
25088 0.610746
25600 0.612259
26112 0.61369
26624 0.615075
27136 0.616456
27648 0.617826
28160 0.619158
28672 0.620467
29184 0.621774
29696 0.623071
30208 0.624365
30720 0.62565
31232 0.62692
31744 0.628176
32256 0.62942
32768 0.631343
33280 0.632578
33792 0.63381
34304 0.635028
34816 0.63623
35328 0.637426
35840 0.638617
36352 0.640091
36864 0.641273
37376 0.642449
37888 0.643624
38400 0.644791
38912 0.645956
39424 0.64712
39936 0.648278
40448 0.649427
40960 0.650542
41472 0.651656
41984 0.652768
42496 0.653855
43008 0.65492
43520 0.655981
44032 0.657023
44544 0.658066
45056 0.659094
45568 0.660113
46080 0.661082
46592 0.662039
47104 0.662986
47616 0.663897
48128 0.664791
48640 0.665618
49152 0.666431
49664 0.667242
50176 0.668047
50688 0.668832
51200 0.669605
51712 0.670757
52224 0.671521
52736 0.672262
53248 0.673075
53760 0.673808
54272 0.674589
54784 0.675697
55296 0.676359
55808 0.677017
56320 0.67788
56832 0.678537
57344 0.679608
57856 0.680259
58368 0.682286
58880 0.682933
59392 0.683576
59904 0.684208
60416 0.684789
60928 0.685337
61440 0.685885
61952 0.68641
62464 0.687063
62976 0.688627
63488 0.689149
64000 0.689663
64512 0.690174
65024 0.690947
65536 0.691446
66048 0.691921
66560 0.692387
67072 0.692843
67584 0.693286
68096 0.694158
68608 0.694585
69120 0.69501
69632 0.695913
70144 0.696446
70656 0.697457
71168 0.697877
71680 0.698278
72192 0.698652
72704 0.699025
73216 0.699394
73728 0.699752
74240 0.70038
74752 0.70073
75264 0.701173
75776 0.701522
76288 0.701867
76800 0.70221
77312 0.702551
77824 0.702879
78336 0.703416
78848 0.703936
79360 0.704479
79872 0.704967
80384 0.705286
80896 0.705604
81408 0.705906
81920 0.707101
82432 0.707356
82944 0.707841
83456 0.708089
83968 0.70833
84480 0.70856
84992 0.709171
85504 0.710323
86016 0.71051
86528 0.710692
87040 0.710956
87552 0.711194
88064 0.711353
88576 0.711492
89088 0.711617
89600 0.711799
90112 0.712484
90624 0.712869
91136 0.713147
91648 0.71362
92160 0.715018
92672 0.715198
93184 0.715321
93696 0.715443
94208 0.715557
94720 0.71567
95232 0.715779
95744 0.715854
96256 0.715901
96768 0.715939
97280 0.715974
97792 0.716571
