0 0.49161
512 0.497561
1024 0.50233
1536 0.506882
2048 0.510775
2560 0.514577
3072 0.518306
3584 0.521609
4096 0.524792
4608 0.527959
5120 0.531113
5632 0.534114
6144 0.537677
6656 0.540675
7168 0.543522
7680 0.546352
8192 0.548967
8704 0.551582
9216 0.554173
9728 0.556742
10240 0.559234
10752 0.561667
11264 0.564053
11776 0.566426
12288 0.56876
12800 0.571088
13312 0.573383
13824 0.576772
14336 0.579056
14848 0.581323
15360 0.583541
15872 0.585755
16384 0.587944
16896 0.590133
17408 0.592289
17920 0.594414
18432 0.596539
18944 0.59864
19456 0.600689
19968 0.602737
20480 0.604725
20992 0.606668
21504 0.608574
22016 0.610453
22528 0.612198
23040 0.613917
23552 0.615631
24064 0.6173
24576 0.618938
25088 0.620544
25600 0.622143
26112 0.624178
26624 0.625737
27136 0.627274
27648 0.628802
28160 0.630205
28672 0.631635
29184 0.633006
29696 0.634375
30208 0.635878
30720 0.637244
31232 0.638608
31744 0.639917
32256 0.641535
32768 0.64282
33280 0.644096
33792 0.645366
34304 0.64663
34816 0.647844
35328 0.649058
35840 0.650889
36352 0.652545
36864 0.653728
37376 0.654908
37888 0.656042
38400 0.657144
38912 0.658223
39424 0.659297
39936 0.660364
40448 0.661414
40960 0.66245
41472 0.663601
41984 0.664632
42496 0.66565
43008 0.666556
43520 0.667444
44032 0.668321
44544 0.669192
45056 0.670059
45568 0.670908
46080 0.671749
46592 0.672589
47104 0.673409
47616 0.674778
48128 0.675948
48640 0.677556
49152 0.678466
49664 0.679734
50176 0.680545
50688 0.681346
51200 0.682147
51712 0.68292
52224 0.683825
52736 0.684578
53248 0.68533
53760 0.68608
54272 0.686795
54784 0.687499
55296 0.688202
55808 0.688892
56320 0.689569
56832 0.690242
57344 0.690885
57856 0.691514
58368 0.692211
58880 0.692819
59392 0.693518
59904 0.694121
60416 0.694804
60928 0.695357
61440 0.696219
61952 0.696766
62464 0.698046
62976 0.69858
63488 0.699109
64000 0.699804
64512 0.700325
65024 0.700846
65536 0.701577
66048 0.702082
66560 0.70256
67072 0.702987
67584 0.703412
68096 0.703829
68608 0.704779
69120 0.705375
69632 0.705786
70144 0.706176
70656 0.706555
71168 0.706932
71680 0.707301
72192 0.70765
72704 0.707993
73216 0.708334
73728 0.708985
74240 0.709492
74752 0.709866
75264 0.710208
75776 0.711308
76288 0.711642
76800 0.711966
77312 0.712266
77824 0.712558
78336 0.712962
78848 0.713236
79360 0.713477
79872 0.713708
80384 0.714535
80896 0.715174
81408 0.716116
81920 0.716706
82432 0.716927
82944 0.717141
83456 0.717349
83968 0.717546
84480 0.717957
84992 0.718143
85504 0.718316
86016 0.718486
86528 0.718653
87040 0.71881
87552 0.718927
88064 0.719043
88576 0.719435
89088 0.719603
89600 0.72013
90112 0.720996
90624 0.721063
91136 0.721124
91648 0.72115
92160 0.721172
92672 0.721187
93184 0.72119
