0 0.509567
512 0.513294
1024 0.516955
1536 0.520594
2048 0.524171
2560 0.527473
3072 0.530707
3584 0.533862
4096 0.537009
4608 0.540144
5120 0.543207
5632 0.54623
6144 0.549116
6656 0.551875
7168 0.554624
7680 0.55735
8192 0.560042
8704 0.562578
9216 0.565079
9728 0.567448
10240 0.569796
10752 0.572119
11264 0.574262
11776 0.576397
12288 0.579565
12800 0.581698
13312 0.583805
13824 0.585872
14336 0.587904
14848 0.589927
15360 0.591929
15872 0.593906
16384 0.595869
16896 0.597831
17408 0.599768
17920 0.601645
18432 0.603515
18944 0.605291
19456 0.607046
19968 0.608766
20480 0.610584
20992 0.612292
21504 0.613991
22016 0.615669
22528 0.61733
23040 0.619114
23552 0.620767
24064 0.622375
24576 0.623957
25088 0.625465
25600 0.62687
26112 0.628271
26624 0.629669
27136 0.631066
27648 0.632409
28160 0.634435
28672 0.635754
29184 0.637056
29696 0.638339
30208 0.639602
30720 0.640853
31232 0.642093
31744 0.64331
32256 0.644524
32768 0.645733
33280 0.646928
33792 0.648397
34304 0.64954
34816 0.650659
35328 0.651767
35840 0.652876
36352 0.653983
36864 0.655078
37376 0.656172
37888 0.657511
38400 0.658599
38912 0.65968
39424 0.661005
39936 0.662041
40448 0.663028
40960 0.664
41472 0.664949
41984 0.666782
42496 0.66773
43008 0.668678
43520 0.669606
44032 0.671159
44544 0.672074
45056 0.673051
45568 0.674564
46080 0.675463
46592 0.67636
47104 0.677241
47616 0.67812
48128 0.678991
48640 0.679859
49152 0.680721
49664 0.681568
50176 0.68239
50688 0.683269
51200 0.684066
51712 0.684851
52224 0.685624
52736 0.686385
53248 0.687143
53760 0.687897
54272 0.688642
54784 0.689386
55296 0.690128
55808 0.691144
56320 0.691868
56832 0.692794
57344 0.693514
57856 0.694142
58368 0.694757
58880 0.695346
59392 0.695896
59904 0.696445
60416 0.696984
60928 0.697522
61440 0.698058
61952 0.698589
62464 0.699113
62976 0.69962
63488 0.700115
64000 0.700602
64512 0.701097
65024 0.701546
65536 0.701973
66048 0.702388
66560 0.702789
67072 0.703165
67584 0.703575
68096 0.703944
68608 0.704312
69120 0.704664
69632 0.705006
70144 0.705336
70656 0.705665
71168 0.705972
71680 0.707703
72192 0.707996
72704 0.708282
73216 0.708829
73728 0.709101
74240 0.709363
74752 0.710594
75264 0.711569
75776 0.712436
76288 0.713079
76800 0.713642
77312 0.714025
77824 0.714399
78336 0.714701
78848 0.715932
79360 0.716184
79872 0.716427
80384 0.716646
80896 0.718513
81408 0.718732
81920 0.718949
82432 0.719165
82944 0.719372
83456 0.719554
83968 0.720347
84480 0.720566
84992 0.721455
85504 0.721609
86016 0.721763
86528 0.721909
87040 0.722603
87552 0.723245
88064 0.723407
88576 0.724049
89088 0.724189
89600 0.724319
90112 0.724668
90624 0.725381
91136 0.725504
91648 0.725618
92160 0.725728
92672 0.725833
93184 0.725927
93696 0.726014
94208 0.726098
94720 0.726175
95232 0.726772
95744 0.726833
96256 0.726893
96768 0.726946
97280 0.727078
97792 0.727115
98304 0.727203
98816 0.727639
99328 0.727701
99840 0.728283
100352 0.728311
100864 0.728326
101376 0.72834
101888 0.728347
102400 0.728902
102912 0.728906
