0 0.517595
512 0.523848
1024 0.528062
1536 0.531889
2048 0.535281
2560 0.538655
3072 0.541765
3584 0.544787
4096 0.547719
4608 0.55058
5120 0.553421
5632 0.556187
6144 0.558924
6656 0.561608
7168 0.564276
7680 0.566877
8192 0.569415
8704 0.571905
9216 0.574388
9728 0.576763
10240 0.579104
10752 0.581435
11264 0.583707
11776 0.585974
12288 0.588237
12800 0.590495
13312 0.592692
13824 0.594877
14336 0.597042
14848 0.599165
15360 0.601277
15872 0.603325
16384 0.60536
16896 0.607365
17408 0.609323
17920 0.611265
18432 0.613128
18944 0.614934
19456 0.616701
19968 0.618461
20480 0.620218
20992 0.622112
21504 0.623864
22016 0.625615
22528 0.627361
23040 0.629088
23552 0.630787
24064 0.632477
24576 0.63416
25088 0.6358
25600 0.637425
26112 0.639019
26624 0.640585
27136 0.642108
27648 0.643673
28160 0.645191
28672 0.646689
29184 0.648179
29696 0.649622
30208 0.651051
30720 0.652478
31232 0.653869
31744 0.655211
32256 0.656536
32768 0.65786
33280 0.65916
33792 0.660454
34304 0.661743
34816 0.662979
35328 0.66421
35840 0.665386
36352 0.666544
36864 0.667692
37376 0.66881
37888 0.669907
38400 0.670998
38912 0.672078
39424 0.673132
39936 0.674173
40448 0.675191
40960 0.676165
41472 0.677129
41984 0.678043
42496 0.679036
43008 0.67994
43520 0.680842
44032 0.681742
44544 0.682604
45056 0.683466
45568 0.684323
46080 0.685181
46592 0.68603
47104 0.686851
47616 0.68765
48128 0.688434
48640 0.689214
49152 0.69023
49664 0.690979
50176 0.691712
50688 0.692423
51200 0.69338
51712 0.694072
52224 0.69476
52736 0.695446
53248 0.696095
53760 0.696718
54272 0.697329
54784 0.69791
55296 0.698569
55808 0.699141
56320 0.699702
56832 0.700258
57344 0.700801
57856 0.701338
58368 0.701873
58880 0.702406
59392 0.703004
59904 0.703537
60416 0.704066
60928 0.705625
61440 0.706146
61952 0.706665
62464 0.707172
62976 0.707632
63488 0.708088
64000 0.708506
64512 0.708964
65024 0.709346
65536 0.709709
66048 0.711035
66560 0.71134
67072 0.711632
67584 0.711914
68096 0.712195
68608 0.712454
69120 0.712706
69632 0.712936
70144 0.713159
70656 0.713375
71168 0.713582
71680 0.713773
72192 0.713963
72704 0.714148
73216 0.714916
73728 0.715086
74240 0.715245
74752 0.715386
75264 0.715526
75776 0.715977
76288 0.71652
76800 0.716657
77312 0.716783
77824 0.717226
78336 0.717351
78848 0.717464
79360 0.717565
79872 0.717648
80384 0.717716
80896 0.71777
81408 0.717816
81920 0.717857
82432 0.718652
82944 0.718693
83456 0.718918
83968 0.718932
84480 0.718938
