0 0.496309
512 0.500348
1024 0.504112
1536 0.507872
2048 0.511314
2560 0.514566
3072 0.5178
3584 0.52098
4096 0.52411
4608 0.527206
5120 0.530085
5632 0.532956
6144 0.535712
6656 0.538758
7168 0.541508
7680 0.544205
8192 0.546854
8704 0.549339
9216 0.551792
9728 0.554222
10240 0.556636
10752 0.55924
11264 0.561623
11776 0.563972
12288 0.566299
12800 0.568625
13312 0.57095
13824 0.573229
14336 0.575478
14848 0.577717
15360 0.579928
15872 0.582134
16384 0.584319
16896 0.586496
17408 0.588671
17920 0.59083
18432 0.592848
18944 0.594752
19456 0.596641
19968 0.598491
20480 0.600337
20992 0.602121
21504 0.604207
22016 0.605982
22528 0.607755
23040 0.609509
23552 0.611235
24064 0.612944
24576 0.614642
25088 0.616281
25600 0.6179
26112 0.619437
26624 0.620974
27136 0.622397
27648 0.623819
28160 0.625207
28672 0.626886
29184 0.628263
29696 0.62958
30208 0.630895
30720 0.632172
31232 0.633439
31744 0.634702
32256 0.63596
32768 0.637211
33280 0.638402
33792 0.639591
34304 0.64076
34816 0.642766
35328 0.643931
35840 0.645593
36352 0.646741
36864 0.647888
37376 0.649034
37888 0.650175
38400 0.651286
38912 0.652379
39424 0.653463
39936 0.654525
40448 0.655581
40960 0.656609
41472 0.657612
41984 0.658615
42496 0.659604
43008 0.660536
43520 0.661445
44032 0.66235
44544 0.663253
45056 0.664139
45568 0.664991
46080 0.66581
46592 0.666623
47104 0.667433
47616 0.668531
48128 0.670014
48640 0.672777
49152 0.67358
49664 0.674373
50176 0.675382
50688 0.676494
51200 0.677258
51712 0.678017
52224 0.679773
52736 0.680525
53248 0.681276
53760 0.682019
54272 0.682762
54784 0.683503
55296 0.684238
55808 0.68497
56320 0.686409
56832 0.687295
57344 0.688017
57856 0.688727
58368 0.689422
58880 0.690087
59392 0.690726
59904 0.691359
60416 0.692009
60928 0.692637
61440 0.693265
61952 0.693875
62464 0.694457
62976 0.695036
63488 0.695591
64000 0.696144
64512 0.697744
65024 0.698824
65536 0.699747
66048 0.700281
66560 0.700801
67072 0.701305
67584 0.701798
68096 0.702421
68608 0.703131
69120 0.70359
69632 0.704046
70144 0.704471
70656 0.704888
71168 0.705291
71680 0.705759
72192 0.706159
72704 0.706539
73216 0.706881
73728 0.707223
74240 0.707563
74752 0.707887
75264 0.708201
75776 0.708508
76288 0.708796
76800 0.709945
77312 0.710227
77824 0.710499
78336 0.710741
78848 0.711206
79360 0.711435
79872 0.711646
80384 0.711854
80896 0.712054
81408 0.712253
81920 0.712428
82432 0.712599
82944 0.712755
83456 0.712996
83968 0.71314
84480 0.715301
84992 0.716568
85504 0.716693
86016 0.716815
86528 0.716934
87040 0.717044
87552 0.717149
88064 0.717183
88576 0.718278
89088 0.719458
89600 0.719473
90112 0.719487
