0 0.51946
512 0.524483
1024 0.528866
1536 0.533111
2048 0.536968
2560 0.540617
3072 0.543953
3584 0.547179
4096 0.550236
4608 0.553027
5120 0.555702
5632 0.558374
6144 0.561033
6656 0.563606
7168 0.566108
7680 0.568606
8192 0.570919
8704 0.573192
9216 0.575348
9728 0.57749
10240 0.579627
10752 0.581689
11264 0.58372
11776 0.585731
12288 0.587735
12800 0.589718
13312 0.591699
13824 0.593628
14336 0.595462
14848 0.597288
15360 0.599055
15872 0.600773
16384 0.602717
16896 0.604385
17408 0.606015
17920 0.607638
18432 0.609238
18944 0.610805
19456 0.612369
19968 0.614519
20480 0.616066
20992 0.61753
21504 0.618836
22016 0.620125
22528 0.621391
23040 0.622646
23552 0.623888
24064 0.625129
24576 0.62635
25088 0.627565
25600 0.628776
26112 0.629981
26624 0.631164
27136 0.632345
27648 0.633525
28160 0.6347
28672 0.635863
29184 0.637022
29696 0.638178
30208 0.639325
30720 0.640442
31232 0.641547
31744 0.642649
32256 0.643744
32768 0.645052
33280 0.646086
33792 0.647065
34304 0.648014
34816 0.648962
35328 0.649906
35840 0.650844
36352 0.65175
36864 0.653099
37376 0.654004
37888 0.654907
38400 0.655784
38912 0.656646
39424 0.657503
39936 0.65835
40448 0.65996
40960 0.660805
41472 0.661612
41984 0.662396
42496 0.663167
43008 0.663921
43520 0.665344
44032 0.666098
44544 0.666818
45056 0.667532
45568 0.668245
46080 0.670389
46592 0.671084
47104 0.671775
47616 0.672455
48128 0.673128
48640 0.673776
49152 0.674399
49664 0.674988
50176 0.675573
50688 0.676155
51200 0.67671
51712 0.677971
52224 0.678521
52736 0.68043
53248 0.682183
53760 0.682716
54272 0.683233
54784 0.683737
55296 0.684232
55808 0.684715
56320 0.685193
56832 0.687183
57344 0.687654
57856 0.688112
58368 0.688827
58880 0.689276
59392 0.689756
59904 0.690217
60416 0.690853
60928 0.691309
61440 0.692473
61952 0.693329
62464 0.693777
62976 0.694203
63488 0.694593
64000 0.69498
64512 0.696097
65024 0.696476
65536 0.69685
66048 0.697222
66560 0.697963
67072 0.69839
67584 0.698758
68096 0.699107
68608 0.699451
69120 0.700442
69632 0.700749
70144 0.701049
70656 0.701336
71168 0.701618
71680 0.703237
72192 0.703504
72704 0.704317
73216 0.704588
73728 0.704852
74240 0.705082
74752 0.705299
75264 0.705513
75776 0.706175
76288 0.706389
76800 0.707998
77312 0.708595
77824 0.708802
78336 0.708999
78848 0.709433
79360 0.709629
79872 0.709823
80384 0.709997
80896 0.710862
81408 0.711116
81920 0.711288
82432 0.711458
82944 0.711605
83456 0.712479
83968 0.712608
84480 0.712726
84992 0.712842
85504 0.712953
86016 0.713063
86528 0.713143
87040 0.713216
87552 0.713286
88064 0.714216
88576 0.714283
89088 0.714572
89600 0.715222
90112 0.715625
90624 0.716806
91136 0.717079
91648 0.717407
92160 0.717689
92672 0.717739
93184 0.71835
93696 0.719502
94208 0.719542
94720 0.720133
95232 0.720878
95744 0.720907
96256 0.720916
96768 0.72092
