1 0.49499102970297
2 0.49553036633663
3 0.49608401980198
4 0.49662848514852
5 0.49714475247525
6 0.49755530693069
7 0.49812771287129
8 0.49858776237624
9 0.49904282178218
10 0.49946917821782
11 0.50009227722772
12 0.50057257425743
13 0.50100717821782
14 0.5016268019802
15 0.50207724752475
16 0.50255534653465
17 0.50309440594059
18 0.50367469306931
19 0.50412627722772
20 0.50478141584158
21 0.50527482178218
22 0.50582076237624
23 0.5063494950495
24 0.5067815049505
25 0.50734636633663
26 0.50769102970297
27 0.50809732673267
28 0.50854667326733
29 0.50912381188119
30 0.50961721782178
31 0.51015487128713
32 0.51080245544554
33 0.51128087128713
34 0.51173808910891
35 0.51230969306931
36 0.51290631683168
37 0.51336815841584
38 0.51374227722772
39 0.51416801980198
40 0.51445107920792
41 0.51484491089109
42 0.51530204950495
43 0.51567621782178
44 0.51612416831683
45 0.51663922772277
46 0.51706904950495
47 0.51759659405941
48 0.51806506930693
49 0.51847322772277
50 0.51876997029703
51 0.51929840594059
52 0.51977184158416
53 0.52026792079208
54 0.52067743564356
55 0.5211036039604
56 0.52159432673267
57 0.52200653465347
58 0.52242898019802
59 0.52291769306931
60 0.52326126732673
61 0.52377095049505
62 0.52426574257426
63 0.52466068316832
64 0.52503962376238
65 0.52561825742574
66 0.52613476237624
67 0.52655837623762
68 0.52702395049505
69 0.52741608910891
70 0.52783493069307
71 0.52812791089109
72 0.52850233663366
73 0.52897165346535
74 0.52961032673267
75 0.52999236633663
76 0.53033694059406
77 0.53067769306931
78 0.53120905940594
79 0.53155295049505
80 0.53199182178218
81 0.53233135643564
82 0.53278293069307
83 0.53307788118812
84 0.53357671287129
85 0.53395292079208
86 0.5343721980198
87 0.53482622772277
88 0.53514075247525
89 0.53544627722772
90 0.53577940594059
91 0.53615310891089
92 0.53669066336634
93 0.53708848514851
94 0.53743677227723
95 0.53773205940594
96 0.53804823762376
97 0.53835173267327
98 0.53870191089109
99 0.53906452475248
100 0.53940853465347
101 0.53980342574257
102 0.5402036039604
103 0.54062386138614
104 0.54092796039604
105 0.54123035643564
106 0.54166314851485
107 0.54195833663366
108 0.54226684158416
109 0.54250886138614
110 0.54287294059406
111 0.5431458019802
112 0.54337676237624
113 0.54373814851485
114 0.54415018811881
115 0.54450843564356
116 0.54493711881188
117 0.54532084158416
118 0.54575602970297
119 0.54605456435644
120 0.54637774257426
121 0.54673641584158
122 0.54700223762376
123 0.54737253465347
124 0.54773125742574
125 0.54814785148515
126 0.54857683168317
127 0.54891324752475
128 0.5491951980198
129 0.5495505049505
130 0.54991858415842
131 0.55019543564356
132 0.55045373267327
133 0.55097214851485
134 0.55132342574257
135 0.5517450990099
136 0.55212923762376
137 0.55249644554455
138 0.55280025742574
139 0.55308868316832
140 0.55348206930693
141 0.55394586138614
142 0.55426037623762
143 0.55448502970297
144 0.55467811881188
145 0.5550724950495
146 0.55539754455446
147 0.55568707920792
148 0.55594125742574
149 0.55619434653465
150 0.55649040594059
151 0.55678437623762
152 0.55705822772277
153 0.5573637029703
154 0.55770328712871
155 0.55807486138614
156 0.55837079207921
157 0.55873303960396
158 0.55901872277228
159 0.55936643564356
160 0.55979267326733
161 0.56009659405941
162 0.56033550495049
163 0.56063566336634
164 0.56103527722772
165 0.56136387128713
166 0.56178435643564
167 0.56205371287129
168 0.56245018811881
169 0.56274585148515
170 0.56308399009901
171 0.56333749504951
172 0.56368174257426
173 0.56403369306931
174 0.56432462376238
175 0.5646930990099
176 0.56500926732673
177 0.565393
178 0.56567037623762
179 0.56604047524752
180 0.56625282178218
181 0.56659769306931
182 0.56691381188119
183 0.56711908910891
184 0.56740238613861
185 0.56777465346535
186 0.56811342574257
187 0.56851051485149
188 0.56883668316832
189 0.56906763366337
190 0.569385
191 0.56966346534653
192 0.57002440594059
193 0.57027577227723
194 0.57058865346535
195 0.57090527722772
196 0.57117997029703
197 0.57150661386139
198 0.57181246534653
199 0.57207642574257
200 0.57233762376238
201 0.57257769306931
202 0.5729221980198
203 0.5732351980198
204 0.57346545544554
205 0.57371932673267
206 0.57396879207921
207 0.57422611881188
208 0.57449747524753
209 0.57482744554455
210 0.57501887128713
211 0.57527428712871
212 0.57548159405941
213 0.57567758415842
214 0.57601978217822
215 0.57634121782178
216 0.57661878217822
217 0.57688347524752
218 0.57712347524752
219 0.57733855445545
220 0.57759150495049
221 0.57784628712871
222 0.57809901980198
223 0.57833186138614
224 0.57856896039604
225 0.57874197029703
226 0.57896035643564
227 0.57910313861386
228 0.57940883168317
229 0.57960256435644
230 0.57985338613861
231 0.58002768316832
232 0.5802717029703
233 0.58049076237624
234 0.58070569306931
235 0.58097059405941
236 0.58120725742574
237 0.58148543564356
238 0.5816934950495
239 0.58207174257426
240 0.58236906930693
241 0.58252468316832
242 0.5827777029703
243 0.58298174257426
244 0.58313832673267
245 0.58347191089109
246 0.58368707920792
247 0.58397596039604
248 0.58415642574257
249 0.58438120792079
250 0.58454028712871
251 0.58474723762376
252 0.58498772277228
253 0.58515123762376
254 0.58543816831683
255 0.58572836633663
256 0.58597035643564
257 0.58616551485149
258 0.58631834653465
259 0.5865299009901
260 0.58672673267327
261 0.58702914851485
262 0.58728948514851
263 0.58747637623762
264 0.5876762970297
265 0.58800534653465
266 0.58824426732673
267 0.58844183168317
268 0.58861652475248
269 0.58880108910891
270 0.58898888118812
271 0.5892651980198
272 0.58949496039604
273 0.58969671287129
274 0.58987427722772
275 0.59001786138614
276 0.59024289108911
277 0.5905242970297
278 0.59083640594059
279 0.59113765346535
280 0.59132563366337
281 0.59162856435644
282 0.59185075247525
283 0.59211165346535
284 0.59232696039604
285 0.59265286138614
286 0.59289405940594
287 0.59302651485149
288 0.59325584158416
289 0.59348899009901
290 0.5937062970297
291 0.59391217821782
292 0.59412469306931
293 0.59429352475248
294 0.59454092079208
295 0.59469712871287
296 0.59488644554455
297 0.5950928019802
298 0.5953199009901
299 0.59558893069307
300 0.59582255445545
301 0.59610927722772
302 0.59629018811881
303 0.59656740594059
304 0.59681108910891
305 0.59698194059406
306 0.59724959405941
307 0.59744081188119
308 0.59756661386139
309 0.5977708019802
310 0.59792685148515
311 0.59809348514851
312 0.59824778217822
313 0.59847721782178
314 0.59865740594059
315 0.59883655445545
316 0.59906577227723
317 0.59922335643564
318 0.59936641584158
319 0.59955361386139
320 0.59982585148515
321 0.60008868316832
322 0.60027048514851
323 0.60055832673267
324 0.60078014851485
325 0.60109245544554
326 0.60127782178218
327 0.60147338613861
328 0.60163106930693
329 0.60181073267327
330 0.6020608019802
331 0.602179
332 0.60237058415842
333 0.60252882178218
334 0.60280115841584
335 0.60307314851485
336 0.60329706930693
337 0.60352043564356
338 0.60360356435644
339 0.60387622772277
340 0.6039921980198
341 0.60411655445545
342 0.60428914851485
343 0.60451940594059
344 0.60469868316832
345 0.60488183168317
346 0.60511906930693
347 0.60521714851485
348 0.60543204950495
349 0.60562793069307
350 0.60574775247525
351 0.60600058415842
352 0.60621415841584
353 0.60634937623762
354 0.60654058415842
355 0.60673677227723
356 0.6068096039604
357 0.60714001980198
358 0.60730657425743
359 0.60744881188119
360 0.60755626732673
361 0.60778724752475
362 0.60799797029703
363 0.60809886138614
364 0.60822610891089
365 0.60832565346535
366 0.60853177227723
367 0.60873443564356
368 0.60892501980198
369 0.60907435643564
370 0.60929224752475
371 0.60942862376238
372 0.60972549504951
373 0.60989894059406
374 0.61010655445545
375 0.61033248514851
376 0.61052226732673
377 0.61072969306931
378 0.61088706930693
379 0.61105775247525
380 0.6111726039604
381 0.61132148514852
382 0.6114830990099
383 0.61163406930693
384 0.61178598019802
385 0.61195711881188
386 0.61203483168317
387 0.61219895049505
388 0.6124004950495
389 0.61257394059406
390 0.61271245544554
391 0.61283708910891
392 0.61309465346535
393 0.61328203960396
394 0.6134333960396
395 0.61359398019802
396 0.61375400990099
397 0.61391404950495
398 0.61410852475248
399 0.61429071287129
400 0.61451214851485
401 0.61463206930693
402 0.6147310990099
403 0.61488177227723
404 0.6151191980198
405 0.61522926732673
406 0.61543146534653
407 0.6156004950495
408 0.61576567326733
409 0.61594941584158
410 0.61614236633663
411 0.61629216831683
412 0.61644016831683
413 0.61656521782178
414 0.61673989108911
415 0.61689501980198
416 0.61706297029703
417 0.61716699009901
418 0.61739371287129
419 0.61753600990099
420 0.6176842970297
421 0.61787684158416
422 0.61807165346535
423 0.61821266336634
424 0.61835591089109
425 0.61851077227723
426 0.61861161386139
427 0.6188298019802
428 0.6190031980198
429 0.61914655445545
430 0.61934134653465
431 0.61946092079208
432 0.61960355445545
433 0.61976912871287
434 0.61996069306931
435 0.62006808910891
436 0.62025394059406
437 0.62043274257426
438 0.62054113861386
439 0.62067302970297
440 0.62081862376238
441 0.62089475247525
442 0.62097438613861
443 0.6211166039604
444 0.62127210891089
445 0.62142471287129
446 0.62155731683168
447 0.62170301980198
448 0.62185240594059
449 0.62208355445545
450 0.62221400990099
451 0.62233395049505
452 0.62241692079208
453 0.62252271287129
454 0.62271599009901
455 0.62288803960396
456 0.62304176237624
457 0.62317346534653
458 0.62334391089109
459 0.62348894059406
460 0.62361420792079
461 0.62374895049505
462 0.62390011881188
463 0.6240898019802
464 0.62428756435644
465 0.62438492079208
466 0.62448293069307
467 0.62464525742574
468 0.62476334653465
469 0.624866
470 0.62499327722772
471 0.62512352475248
472 0.62520079207921
473 0.62530346534653
474 0.62545807920792
475 0.62554003960396
476 0.62562295049505
477 0.62577399009901
478 0.62594037623762
479 0.62601998019802
480 0.62615038613861
481 0.6262983960396
482 0.62638134653465
483 0.62656507920792
484 0.62668162376238
485 0.62677133663366
486 0.62703101980198
487 0.62714884158416
488 0.62722226732673
489 0.62734484158416
490 0.62755092079208
491 0.62763538613861
492 0.62774342574257
493 0.62786994059406
494 0.62797432673267
495 0.62806807920792
496 0.62819117821782
497 0.62834465346535
498 0.6285248019802
499 0.62863007920792
500 0.62879454455446
501 0.62891999009901
502 0.62904665346535
503 0.62912793069307
504 0.62930926732673
505 0.62944464356436
506 0.62957665346535
507 0.62966752475248
508 0.62973455445545
509 0.62987469306931
510 0.6299488019802
511 0.63009138613861
512 0.63013561386139
513 0.63023804950495
514 0.63035111881188
515 0.63049200990099
516 0.63068475247525
517 0.63083972277228
518 0.63095184158416
519 0.63107820792079
520 0.6312162970297
521 0.63138604950495
522 0.63148586138614
523 0.63164017821782
524 0.6318143960396
525 0.63187132673267
526 0.63193518811881
527 0.63203591089109
528 0.63210359405941
529 0.63233698019802
530 0.63243201980198
531 0.63250632673267
532 0.6326153960396
533 0.63272693069307
534 0.6329411980198
535 0.63311103960396
536 0.63321216831683
537 0.63328434653465
538 0.63339713861386
539 0.6335249009901
540 0.63362648514851
541 0.63376733663366
542 0.63382215841584
543 0.63399433663366
544 0.63411324752475
545 0.6343150990099
546 0.63443961386139
547 0.63457526732673
548 0.63462825742574
549 0.63467507920792
550 0.63480797029703
551 0.63488506930693
552 0.63500759405941
553 0.63509289108911
554 0.63526220792079
555 0.63543157425743
556 0.63548740594059
557 0.63560212871287
558 0.63568641584158
559 0.63581744554455
560 0.63591055445545
561 0.63610386138614
562 0.636186
563 0.63628520792079
564 0.63641127722772
565 0.63655920792079
566 0.63668374257426
567 0.63687393069307
568 0.63702942574257
569 0.63714874257426
570 0.63724037623762
571 0.63736041584158
572 0.63744817821782
573 0.63753527722772
574 0.63755886138614
575 0.63765427722772
576 0.63783811881188
577 0.63792507920792
578 0.63807332673267
579 0.63821499009901
580 0.63833583168317
581 0.6385210990099
582 0.6386650990099
583 0.63879325742574
584 0.63891244554455
585 0.63900656435644
586 0.63913303960396
587 0.63919017821782
588 0.63930597029703
589 0.63939161386139
590 0.63947712871287
591 0.63959596039604
592 0.6396818019802
593 0.63984336633663
594 0.6399550990099
595 0.64005841584158
596 0.64014798019802
597 0.64023568316832
598 0.64036767326733
599 0.64046612871287
600 0.64056067326733
601 0.64063897029703
602 0.64072976237624
603 0.64084594059406
604 0.64097749504951
605 0.64106938613861
606 0.64119037623762
607 0.64134832673267
608 0.64145505940594
609 0.64156453465347
610 0.64167698019802
611 0.64174600990099
612 0.64184502970297
613 0.64199284158416
614 0.64210800990099
615 0.64224193069307
616 0.64231012871287
617 0.64239102970297
618 0.64243617821782
619 0.64254216831683
620 0.64267595049505
621 0.64273763366337
622 0.64286237623762
623 0.64292534653465
624 0.64299052475248
625 0.64311982178218
626 0.64322991089109
627 0.64330278217822
628 0.64339237623762
629 0.64349328712871
630 0.64356930693069
631 0.64366627722772
632 0.64374700990099
633 0.6438383960396
634 0.64390495049505
635 0.64402436633663
636 0.64415603960396
637 0.64421194059406
638 0.64428349504951
639 0.64435856435644
640 0.64442158415842
641 0.6445023960396
642 0.64467817821782
643 0.64475878217822
644 0.64486257425743
645 0.64496128712871
646 0.64508910891089
647 0.6452300990099
648 0.64543205940594
649 0.64557674257426
650 0.64567798019802
651 0.64575907920792
652 0.64589163366337
653 0.64600296039604
654 0.64609408910891
655 0.64615362376238
656 0.64628323762376
657 0.64635642574257
658 0.64637679207921
659 0.64647646534653
660 0.6465640990099
661 0.64664307920792
662 0.64672463366337
663 0.64676121782178
664 0.64684092079208
665 0.64690447524752
666 0.6470149009901
667 0.64708426732673
668 0.64718550495049
669 0.64724734653465
670 0.64738316831683
671 0.64751617821782
672 0.64758721782178
673 0.64771083168317
674 0.6477387029703
675 0.64781589108911
676 0.64793175247525
677 0.64799887128713
678 0.6480967029703
679 0.64827132673267
680 0.64830967326733
681 0.64842245544554
682 0.64851076237624
683 0.6486026039604
684 0.64864858415842
685 0.64872424752475
686 0.64885218811881
687 0.64891745544554
688 0.64905397029703
689 0.64921
690 0.64935955445545
691 0.64943913861386
692 0.64950374257426
693 0.64962702970297
694 0.64973396039604
695 0.64988353465347
696 0.65003653465347
697 0.65015295049505
698 0.65028475247525
699 0.65039666336634
700 0.65046144554455
701 0.65055354455446
702 0.65060121782178
703 0.65066005940594
704 0.6507537029703
705 0.65089563366337
706 0.65099128712871
707 0.65108741584158
708 0.65119823762376
709 0.65126406930693
710 0.65138704950495
711 0.65146628712871
712 0.65157940594059
713 0.65166789108911
714 0.65182221782178
715 0.65194068316832
716 0.65203963366337
717 0.6520988019802
718 0.65222652475248
719 0.65230002970297
720 0.65235961386139
721 0.65245640594059
722 0.65253230693069
723 0.65259162376238
724 0.65266844554455
725 0.65271514851485
726 0.65279289108911
727 0.65285258415842
728 0.65293891089109
729 0.65300616831683
730 0.65316584158416
731 0.65328417821782
732 0.65336892079208
733 0.65344526732673
734 0.65349875247525
735 0.65358336633663
736 0.65367292079208
737 0.65374391089109
738 0.65378768316832
739 0.65389755445545
740 0.65401299009901
741 0.65410556435644
742 0.65422200990099
743 0.65430612871287
744 0.65436926732673
745 0.65447357425743
746 0.65453293069307
747 0.6546047029703
748 0.65467079207921
749 0.65475875247525
750 0.65480796039604
751 0.65488212871287
752 0.65491666336634
753 0.65499789108911
754 0.65503981188119
755 0.65511482178218
756 0.65514226732673
757 0.65523374257426
758 0.65534745544554
759 0.65547755445545
760 0.65555171287129
761 0.65563331683168
762 0.65576195049505
763 0.65583863366337
764 0.65596345544554
765 0.65607977227723
766 0.65614321782178
767 0.65624561386139
768 0.65631142574257
769 0.6564045049505
770 0.65648975247525
771 0.65654147524753
772 0.6565892970297
773 0.65668553465347
774 0.65673478217822
775 0.65682965346535
776 0.65687541584158
777 0.65693464356436
778 0.65703392079208
779 0.65710543564356
780 0.65714585148515
781 0.6571858019802
782 0.65729049504951
783 0.65738141584158
784 0.65748417821782
785 0.6575671980198
786 0.65763858415842
787 0.65771218811881
788 0.65776700990099
789 0.65784201980198
790 0.65787294059406
791 0.65791671287129
792 0.65795720792079
793 0.65803445544554
794 0.65811274257426
795 0.65822437623762
796 0.65827767326733
797 0.65833338613861
798 0.65843986138614
799 0.65852411881188
800 0.65860387128713
801 0.65865174257426
802 0.65877756435644
803 0.65882567326733
804 0.65894859405941
805 0.65903934653465
806 0.65908583168317
807 0.65916686138614
808 0.65921662376238
809 0.65928128712871
810 0.65934840594059
811 0.65945020792079
812 0.65953395049505
813 0.65961697029703
814 0.65967567326733
815 0.65973807920792
816 0.65978767326733
817 0.65984755445545
818 0.65992423762376
819 0.66002269306931
820 0.66010343564356
821 0.66019315841584
822 0.66026256435644
823 0.66036891089109
824 0.66043899009901
825 0.66051838613861
826 0.66057555445545
827 0.66065415841584
828 0.66073220792079
829 0.6608062970297
830 0.66086393069307
831 0.66092744554455
832 0.66101764356436
833 0.6610861980198
834 0.66117066336634
835 0.66124420792079
836 0.66131054455446
837 0.66142935643564
838 0.66146273267327
839 0.66155231683168
840 0.66161486138614
841 0.66170628712871
842 0.66180583168317
843 0.66183002970297
844 0.66186591089109
845 0.66193621782178
846 0.6619945049505
847 0.66206754455446
848 0.66214371287129
849 0.66224467326733
850 0.66235655445545
851 0.6624031980198
852 0.66244351485149
853 0.66249318811881
854 0.66253943564356
855 0.66256561386139
856 0.66267776237624
857 0.66272997029703
858 0.66280538613861
859 0.66283656435644
860 0.66296553465347
861 0.66303559405941
862 0.66307407920792
863 0.66312291089109
864 0.66315728712871
865 0.66323614851485
866 0.66332101980198
867 0.66335937623762
868 0.66340679207921
869 0.66345186138614
870 0.66346588118812
871 0.66351295049505
872 0.66356508910891
873 0.6636542970297
874 0.66371988118812
875 0.66377416831683
876 0.66390756435644
877 0.66402247524752
878 0.66411158415842
879 0.6641488019802
880 0.6642231980198
881 0.66434224752475
882 0.66441108910891
883 0.6644467029703
884 0.66456622772277
885 0.66464167326733
886 0.66466541584158
887 0.66472965346535
888 0.66474921782178
889 0.66485193069307
890 0.6648816039604
891 0.66496106930693
892 0.66497321782178
893 0.66506307920792
894 0.66509463366337
895 0.66514505940594
896 0.66517538613861
897 0.6652218019802
898 0.66527196039604
899 0.66532782178218
900 0.66541297029703
901 0.66548996039604
902 0.66555201980198
903 0.66558968316832
904 0.66562133663366
905 0.6656407029703
906 0.66571694059406
907 0.66573805940594
908 0.66574259405941
909 0.6658369009901
910 0.6658661980198
911 0.66593546534653
912 0.66601377227723
913 0.66603838613861
914 0.66611576237624
915 0.66617764356436
916 0.66620751485149
917 0.66629244554455
918 0.66637636633663
919 0.66645871287129
920 0.66657779207921
921 0.66659566336634
922 0.66667831683168
923 0.66676666336634
924 0.66691581188119
925 0.66695881188119
926 0.6670150990099
927 0.66705295049505
928 0.6671304950495
929 0.66720062376238
930 0.66725401980198
931 0.66729033663366
932 0.66735377227723
933 0.66740534653465
934 0.66743248514851
935 0.6674608019802
936 0.66752086138614
937 0.6675516039604
938 0.6676451980198
939 0.66768815841584
940 0.66775815841584
941 0.6678191980198
942 0.66791038613861
943 0.66804416831683
944 0.66808682178218
945 0.66812610891089
946 0.66820159405941
947 0.66826685148515
948 0.66833151485149
949 0.6683740990099
950 0.66841155445545
951 0.66846103960396
952 0.66851675247525
953 0.66860756435644
954 0.66864850495049
955 0.66870666336634
956 0.66876163366337
957 0.66881305940594
958 0.66884253465347
959 0.66893381188119
960 0.66899825742574
961 0.66904344554455
962 0.66905341584158
963 0.66911445544554
964 0.66917756435644
965 0.66924489108911
966 0.66925754455446
967 0.66932295049505
968 0.66938199009901
969 0.66941646534653
970 0.66944766336634
971 0.66951893069307
972 0.66958318811881
973 0.66964257425743
974 0.66969672277228
975 0.66973096039604
976 0.66979981188119
977 0.66986784158416
978 0.66987742574257
979 0.66992365346535
980 0.66996243564356
981 0.66998468316832
982 0.67000320792079
983 0.67008224752475
984 0.67012046534653
985 0.67015066336634
986 0.6701588019802
987 0.67023292079208
988 0.67026562376238
989 0.67033363366337
990 0.6704094950495
991 0.67047422772277
992 0.67051100990099
993 0.6705526039604
994 0.67059162376238
995 0.67063592079208
996 0.67073184158416
997 0.6708012970297
998 0.67086505940594
999 0.67090044554455
1000 0.67098134653465
1001 0.67102482178218
1002 0.67107662376238
1003 0.67113578217822
1004 0.67115037623762
1005 0.67118852475248
1006 0.671255
1007 0.67127861386139
1008 0.67132400990099
1009 0.67135971287129
1010 0.67141564356436
1011 0.67146435643564
1012 0.67151955445545
1013 0.67156178217822
1014 0.6716387029703
1015 0.67166848514851
1016 0.67172820792079
1017 0.67175534653465
1018 0.67178248514851
1019 0.67183406930693
1020 0.67195087128713
1021 0.67200563366337
1022 0.67202708910891
1023 0.67212881188119
1024 0.67214121782178
1025 0.67216517821782
1026 0.67222424752475
1027 0.67226237623762
1028 0.67231461386139
1029 0.67236997029703
1030 0.67239504950495
1031 0.67248736633663
1032 0.67253015841584
1033 0.67256388118812
1034 0.67258961386139
1035 0.67260194059406
1036 0.67266058415842
1037 0.67269330693069
1038 0.67273433663366
1039 0.67279681188119
1040 0.67289279207921
1041 0.67295302970297
1042 0.67304232673267
1043 0.67312766336634
1044 0.67319935643564
1045 0.67329895049505
1046 0.67332912871287
1047 0.67337735643564
1048 0.67343197029703
1049 0.67352259405941
1050 0.67355634653465
1051 0.67356812871287
1052 0.6735991980198
1053 0.67365658415842
1054 0.67370587128713
1055 0.67377761386139
1056 0.67380368316832
1057 0.67382940594059
1058 0.67387642574257
1059 0.67392281188119
1060 0.67396141584158
1061 0.67400662376238
1062 0.67404568316832
1063 0.67409894059406
1064 0.67414487128713
1065 0.67421169306931
1066 0.67424626732673
1067 0.67432134653465
1068 0.6743628019802
1069 0.67440155445545
1070 0.67443872277228
1071 0.67448137623762
1072 0.67451508910891
1073 0.67458035643564
1074 0.67466566336634
1075 0.67470202970297
1076 0.67472152475248
1077 0.67476231683168
1078 0.67479554455446
1079 0.67483853465347
1080 0.67485207920792
1081 0.67489465346535
1082 0.67491740594059
1083 0.6750169009901
1084 0.67508096039604
1085 0.67512185148515
1086 0.67518285148515
1087 0.6752738019802
1088 0.67531391089109
1089 0.6753502970297
1090 0.67538836633663
1091 0.67546404950495
1092 0.67549402970297
1093 0.67552613861386
1094 0.6755689009901
1095 0.67565189108911
1096 0.67572871287129
1097 0.67574314851485
1098 0.67581169306931
1099 0.67588313861386
1100 0.67592677227723
1101 0.67598871287129
1102 0.67601725742574
1103 0.67605924752475
1104 0.67608836633663
1105 0.6761127029703
1106 0.67616717821782
1107 0.67620122772277
1108 0.67626845544554
1109 0.67628666336634
1110 0.67636121782178
1111 0.67641716831683
1112 0.67648010891089
1113 0.67651868316832
1114 0.67652318811881
1115 0.67658158415842
1116 0.67661653465347
1117 0.67664324752475
1118 0.67667831683168
1119 0.67676045544554
1120 0.67681088118812
1121 0.67686762376238
1122 0.676898
1123 0.67696104950495
1124 0.67699918811881
1125 0.67701328712871
1126 0.67704554455446
1127 0.67708066336634
1128 0.67712661386139
1129 0.67714366336634
1130 0.67726241584158
1131 0.67728520792079
1132 0.67732659405941
1133 0.67738885148515
1134 0.67743684158416
1135 0.67747722772277
1136 0.67751540594059
1137 0.67754722772277
1138 0.67756173267327
1139 0.67756705940594
1140 0.67763385148515
1141 0.67769304950495
1142 0.67771191089109
1143 0.67774955445545
1144 0.67779292079208
1145 0.67782684158416
1146 0.67785648514851
1147 0.6778753960396
1148 0.67794255445545
1149 0.67797099009901
1150 0.67804838613861
1151 0.67806256435644
1152 0.67810321782178
1153 0.67815072277228
1154 0.67817055445545
1155 0.67819166336634
1156 0.67821363366337
1157 0.67823022772277
1158 0.67828606930693
1159 0.67831231683168
1160 0.67837769306931
1161 0.67841612871287
1162 0.67845213861386
1163 0.67849365346535
1164 0.6785280990099
1165 0.67855133663366
1166 0.67858571287129
1167 0.67863105940594
1168 0.67866812871287
1169 0.67867602970297
1170 0.67874863366337
1171 0.67880777227723
1172 0.6789001980198
1173 0.67897933663366
1174 0.67902646534653
1175 0.67906335643564
1176 0.67910020792079
1177 0.67910300990099
1178 0.67914899009901
1179 0.6791795049505
1180 0.67924895049505
1181 0.67927641584158
1182 0.6792897029703
1183 0.67931008910891
1184 0.67937006930693
1185 0.67941332673267
1186 0.67945635643564
1187 0.67949592079208
1188 0.67957685148515
1189 0.67960508910891
1190 0.6796374950495
1191 0.67967126732673
1192 0.67970586138614
1193 0.6797250990099
1194 0.67975808910891
1195 0.67978692079208
1196 0.6798607029703
1197 0.67991978217822
1198 0.68003131683168
1199 0.68005502970297
1200 0.68007081188119
1201 0.68011173267327
1202 0.68014924752475
1203 0.680165
1204 0.68017777227723
1205 0.68021769306931
1206 0.6803210990099
1207 0.68036738613861
1208 0.68037224752475
1209 0.68041142574257
1210 0.6804671980198
1211 0.68047523762376
1212 0.68049587128713
1213 0.68051543564356
1214 0.6805573960396
1215 0.68059774257426
1216 0.68062545544554
1217 0.68066332673267
1218 0.68067716831683
1219 0.68078857425743
1220 0.68083445544554
1221 0.6808530990099
1222 0.68088074257426
1223 0.68091616831683
1224 0.6809297029703
1225 0.68099896039604
1226 0.68104033663366
1227 0.6810537029703
1228 0.6810587029703
1229 0.68114283168317
1230 0.68117599009901
1231 0.6812762970297
1232 0.68130267326733
1233 0.68134858415842
1234 0.68138345544554
1235 0.68142377227723
1236 0.68148317821782
1237 0.68149722772277
1238 0.68151449504951
1239 0.68155647524752
1240 0.68160674257426
1241 0.68162257425743
1242 0.68164299009901
1243 0.68169233663366
1244 0.68172100990099
1245 0.68174938613861
1246 0.68179054455446
1247 0.68180530693069
1248 0.68188696039604
1249 0.68193879207921
1250 0.68200494059406
1251 0.68209516831683
1252 0.68219895049505
1253 0.68221327722772
1254 0.68229946534653
1255 0.68232047524752
1256 0.68232137623762
1257 0.68235037623762
1258 0.68237976237624
1259 0.68243679207921
1260 0.68247457425743
1261 0.68249531683168
1262 0.68252527722772
1263 0.68255555445545
1264 0.68255728712871
1265 0.68258798019802
1266 0.68260452475248
1267 0.68263757425743
1268 0.68269187128713
1269 0.68273176237624
1270 0.68278281188119
1271 0.6828139009901
1272 0.68283017821782
1273 0.68284579207921
1274 0.68287532673267
1275 0.6829177029703
1276 0.68293399009901
1277 0.68294735643564
1278 0.68298294059406
1279 0.68302956435644
1280 0.68304915841584
1281 0.68314451485149
1282 0.68314969306931
1283 0.68318931683168
1284 0.6832249009901
1285 0.68325167326733
1286 0.68328251485149
1287 0.68330189108911
1288 0.6833237029703
1289 0.68337246534653
1290 0.68337615841584
1291 0.68340187128713
1292 0.68342184158416
1293 0.68344426732673
1294 0.68350696039604
1295 0.68354804950495
1296 0.68356821782178
1297 0.68360707920792
1298 0.68363376237624
1299 0.68364989108911
1300 0.68367759405941
1301 0.6837006039604
1302 0.68375805940594
1303 0.68376752475248
1304 0.68380536633663
1305 0.6838289009901
1306 0.68383105940594
1308 0.68383269306931
1309 0.68385504950495
1310 0.68391569306931
1311 0.68395595049505
1312 0.68398253465347
1313 0.68402497029703
1314 0.6840521980198
1315 0.68406308910891
1316 0.684101
1317 0.68414644554455
1318 0.68417696039604
1319 0.68419602970297
1320 0.6842291980198
1321 0.68424125742574
1322 0.68427858415842
1323 0.68429585148515
1324 0.68433174257426
1325 0.68435525742574
1326 0.6843703960396
1327 0.6844358019802
1328 0.68444287128713
1329 0.6845025049505
1330 0.68450495049505
1331 0.68452875247525
1332 0.68457747524752
1333 0.68458561386139
1334 0.68463627722772
1335 0.68468512871287
1336 0.68473682178218
1337 0.68476581188119
1338 0.68480775247525
1339 0.68483421782178
1340 0.68487405940594
1341 0.68487888118812
1342 0.68490046534653
1343 0.68492775247525
1344 0.68496157425743
1345 0.68501918811881
1346 0.68507428712871
1347 0.68510043564356
1348 0.68511064356436
1349 0.68518486138614
1350 0.68521327722772
1351 0.68522269306931
1352 0.68526465346535
1353 0.68528703960396
1354 0.68532998019802
1355 0.68536418811881
1356 0.68539566336634
1357 0.68541558415842
1358 0.68542521782178
1359 0.68543461386139
1360 0.68545618811881
1361 0.68552771287129
1362 0.68554013861386
1363 0.68555537623762
1364 0.6855930990099
1365 0.68561671287129
1366 0.68566196039604
1367 0.68567062376238
1368 0.68569897029703
1369 0.68573235643564
1370 0.68573320792079
1371 0.68575361386139
1372 0.68578271287129
1373 0.6857970990099
1374 0.68580563366337
1375 0.68582210891089
1376 0.6858392970297
1377 0.68584507920792
1378 0.68586228712871
1379 0.68588918811881
1380 0.68589806930693
1381 0.68592742574257
1382 0.6859403960396
1383 0.6859790990099
1384 0.68604438613861
1385 0.68607430693069
1386 0.68608784158416
1387 0.68612961386139
1388 0.6861401980198
1389 0.68617032673267
1390 0.68617316831683
1391 0.68618048514851
1392 0.68618891089109
1393 0.68620714851485
1394 0.6862320990099
1395 0.68624145544554
1396 0.68626974257426
1397 0.68629464356436
1398 0.68630973267327
1399 0.68635908910891
1400 0.68636855445545
1401 0.68637644554455
1402 0.68642435643564
1403 0.68645734653465
1404 0.68648195049505
1405 0.6865038019802
1406 0.68653721782178
1407 0.68657973267327
1408 0.68658364356436
1409 0.68660113861386
1410 0.6866572970297
1411 0.68668473267327
1412 0.68671064356436
1413 0.68673402970297
1414 0.68676243564356
1415 0.68678698019802
1416 0.6868099009901
1417 0.68682633663366
1418 0.68685562376238
1419 0.6868661980198
1420 0.68692199009901
1421 0.68693351485149
1422 0.68694731683168
1423 0.68697921782178
1424 0.68700533663366
1425 0.68704989108911
1426 0.68708864356436
1427 0.6871057029703
1428 0.68711715841584
1429 0.68715082178218
1430 0.68716645544554
1431 0.68719518811881
1432 0.68721531683168
1433 0.68725466336634
1434 0.68729757425743
1435 0.68737502970297
1436 0.68739777227723
1437 0.68742241584158
1438 0.68745828712871
1439 0.68750523762376
1440 0.68753438613861
1441 0.68756151485149
1442 0.68760591089109
1443 0.68760768316832
1444 0.68761477227723
1445 0.68765696039604
1446 0.68767611881188
1447 0.68772245544554
1448 0.68772958415842
1449 0.68776445544554
1450 0.68778558415842
1451 0.687812
1452 0.68784340594059
1453 0.68787099009901
1454 0.68789547524752
1455 0.68792098019802
1456 0.68794279207921
1457 0.68798243564356
1458 0.68799894059406
1459 0.68802838613861
1460 0.68806504950495
1461 0.68807684158416
1462 0.68809627722772
1463 0.68813369306931
1464 0.68813908910891
1465 0.68814255445545
1466 0.68815822772277
1467 0.68816496039604
1468 0.68817051485149
1469 0.68820207920792
1470 0.6882368019802
1471 0.68825313861386
1472 0.68826764356436
1473 0.68827988118812
1474 0.68828111881188
1475 0.68832122772277
1476 0.68834611881188
1477 0.68838265346535
1478 0.68841745544554
1479 0.6884284950495
1480 0.68844264356436
1481 0.68848121782178
1482 0.68850099009901
1483 0.6885071980198
1484 0.68853240594059
1485 0.68855527722772
1486 0.68859140594059
1487 0.68864176237624
1488 0.68865571287129
1489 0.68869921782178
1490 0.68871933663366
1491 0.68875648514851
1492 0.68875844554455
1493 0.68877853465347
1494 0.68879856435644
1495 0.68882783168317
1496 0.68886321782178
1497 0.68889601980198
1498 0.68892984158416
1499 0.68897046534653
1500 0.68898102970297
1501 0.68901541584158
1502 0.68905541584158
1503 0.68907788118812
1504 0.68909669306931
1505 0.689127
1506 0.6891645049505
1507 0.6892090990099
1508 0.68925853465347
1509 0.68928678217822
1510 0.68931623762376
1511 0.68935831683168
1512 0.68937366336634
1513 0.68939897029703
1514 0.68942723762376
1515 0.6894649009901
1517 0.68951059405941
1518 0.68955943564356
1519 0.68962965346535
1520 0.68965732673267
1521 0.68966247524753
1522 0.68968540594059
1523 0.6897135049505
1524 0.6897256039604
1525 0.68974961386139
1526 0.68975682178218
1527 0.68981433663366
1528 0.68982946534654
1529 0.68987102970297
1530 0.68987935643564
1531 0.68989524752475
1532 0.68990128712871
1534 0.68990533663366
1535 0.68990967326733
1536 0.68992897029703
1537 0.68993658415842
1538 0.68997569306931
1539 0.6899936039604
1540 0.6900182970297
1541 0.6900587029703
1542 0.69005881188119
1544 0.69007292079208
1545 0.69009187128713
1546 0.69012240594059
1547 0.69015242574257
1548 0.69017611881188
1549 0.69018004950495
1550 0.6902079009901
1551 0.69024106930693
1553 0.69025363366337
1554 0.69027458415842
1555 0.69031165346535
1556 0.69034112871287
1557 0.6903709009901
1558 0.69038861386139
1559 0.69040305940594
1560 0.6904068019802
1561 0.69042724752475
1562 0.69043282178218
1563 0.69045495049505
1564 0.69046024752475
1565 0.69052623762376
1566 0.69053334653465
1567 0.69055811881188
1568 0.69056262376238
1569 0.69057925742574
1570 0.69064254455446
1571 0.69066162376238
1572 0.69068202970297
1573 0.69072992079208
1574 0.69073615841584
1575 0.69075511881188
1576 0.69080372277228
1577 0.69081436633663
1578 0.69083302970297
1579 0.69086024752475
1580 0.69087437623762
1581 0.69088055445545
1583 0.69092042574257
1584 0.69094935643564
1585 0.69096243564356
1586 0.69099063366337
1587 0.6910004950495
1588 0.69103123762376
1589 0.69105424752475
1590 0.69106174257426
1591 0.69108994059406
1592 0.69112520792079
1593 0.69114313861386
1594 0.69116105940594
1595 0.69117866336634
1596 0.69120057425743
1597 0.69121686138614
1598 0.69125843564356
1599 0.6912697029703
1601 0.69128310891089
1602 0.69128895049505
1603 0.69129510891089
1604 0.69133642574257
1605 0.69134224752475
1606 0.69135248514851
1607 0.69138500990099
1608 0.69140299009901
1609 0.69142185148515
1610 0.69142844554455
1611 0.69146206930693
1612 0.69150113861386
1613 0.69156194059406
1614 0.69158049504951
1615 0.69160335643564
1616 0.6916201980198
1617 0.69169898019802
1618 0.69172445544554
1619 0.691732
1620 0.69176020792079
1621 0.69176323762376
1622 0.69177210891089
1623 0.69179067326733
1624 0.69182534653465
1625 0.69185649504951
1626 0.69187247524753
1627 0.6918738019802
1628 0.69189375247525
1629 0.69190167326733
1630 0.69192910891089
1631 0.69195363366337
1632 0.69196142574257
1633 0.69197879207921
1634 0.69199496039604
1635 0.69201594059406
1636 0.69202008910891
1637 0.69206414851485
1638 0.69208489108911
1639 0.6920980990099
1640 0.6921118019802
1641 0.69213556435644
1642 0.69216092079208
1643 0.69220071287129
1644 0.69222023762376
1645 0.69225831683168
1646 0.69226456435644
1647 0.69227311881188
1648 0.69229968316832
1649 0.69232056435644
1650 0.69232262376238
1651 0.69234989108911
1652 0.69234992079208
1653 0.69236235643564
1654 0.69237775247525
1656 0.69241278217822
1657 0.69242102970297
1658 0.69246584158416
1659 0.69250247524752
1661 0.69251904950495
1662 0.69252273267327
1663 0.69253810891089
1664 0.69256331683168
1665 0.69259023762376
1666 0.69262656435644
1667 0.69266634653465
1668 0.69268623762376
1669 0.692692
1670 0.69269999009901
1671 0.69271135643564
1672 0.69274434653465
1673 0.69276342574257
1674 0.69279550495049
1675 0.69281448514851
1676 0.69284946534653
1677 0.69285312871287
1678 0.69286882178218
1679 0.69287440594059
1680 0.69289378217822
1681 0.6929046039604
1683 0.69292117821782
1684 0.69294208910891
1685 0.6929592970297
1686 0.69297859405941
1687 0.69299152475248
1688 0.69301295049505
1689 0.69302007920792
1690 0.69302576237624
1691 0.69304827722772
1692 0.69306117821782
1693 0.69306971287129
1694 0.69307678217822
1695 0.69309381188119
1696 0.69310247524752
1698 0.69311399009901
1699 0.69311861386139
1700 0.69315472277228
1701 0.69318012871287
1702 0.69319684158416
1703 0.69324553465347
1704 0.69327591089109
1705 0.6932960990099
1706 0.69329728712871
1707 0.69333478217822
1708 0.693352
1710 0.69336458415842
1711 0.69341510891089
1712 0.69343508910891
1713 0.69346467326733
1714 0.69348793069307
1715 0.6934959009901
1716 0.69351344554455
1717 0.6935421980198
1718 0.69355186138614
1719 0.69358001980198
1720 0.69360072277228
1721 0.6936271980198
1722 0.69364069306931
1723 0.69367835643564
1724 0.69369979207921
1725 0.69372120792079
1726 0.69372979207921
1727 0.69375345544554
1728 0.69376993069307
1729 0.69379144554455
1730 0.69379325742574
1731 0.6937937029703
1733 0.69381051485148
1734 0.69381798019802
1735 0.69384863366337
1737 0.69389362376238
1738 0.69391746534653
1739 0.69392693069307
1740 0.69394672277228
1741 0.69395721782178
1742 0.69395989108911
1743 0.69396218811881
1744 0.69397389108911
1745 0.69398654455446
1746 0.69399642574257
1747 0.69400968316832
1748 0.6940218019802
1749 0.69406986138614
1750 0.69410459405941
1751 0.69411802970297
1752 0.69412495049505
1753 0.69413138613861
1754 0.69415813861386
1755 0.69419608910891
1757 0.69422996039604
1758 0.69424887128713
1759 0.69425868316832
1761 0.69427027722772
1762 0.69428578217822
1763 0.69430215841584
1764 0.69432586138614
1765 0.69432724752475
1766 0.69434957425743
1767 0.69438974257426
1768 0.69441145544554
1769 0.69442532673267
1770 0.69444891089109
1771 0.69446641584158
1772 0.69449068316832
1773 0.69449631683168
1774 0.69451401980198
1775 0.69454121782178
1776 0.69456379207921
1777 0.69458769306931
1778 0.69458843564356
1779 0.69460305940594
1780 0.69460345544554
1781 0.69462461386139
1782 0.69464005940594
1783 0.69465259405941
1784 0.69466655445545
1785 0.69469566336634
1786 0.69470718811881
1787 0.69472958415842
1788 0.69473326732673
1789 0.69475330693069
1790 0.69475717821782
1791 0.69478210891089
1792 0.69478794059406
1793 0.69480440594059
1794 0.69481415841584
1795 0.69482872277228
1796 0.69484497029703
1797 0.69486869306931
1798 0.69488518811881
1799 0.69492038613861
1800 0.69494654455446
1801 0.69497164356436
1802 0.69499176237624
1803 0.69500897029703
1804 0.69501223762376
1805 0.69501797029703
1806 0.69504474257426
1807 0.69507315841584
1808 0.69507718811881
1810 0.69509435643564
1811 0.69509937623762
1812 0.69513632673267
1813 0.69515459405941
1814 0.69517008910891
1815 0.6951721980198
1816 0.69519642574257
1817 0.69521053465346
1818 0.6952267029703
1819 0.69525554455446
1820 0.69526440594059
1821 0.69527400990099
1822 0.6953046039604
1823 0.69533241584158
1824 0.69533300990099
1825 0.69534592079208
1826 0.69535496039604
1827 0.69536152475247
1828 0.6953761980198
1829 0.6953956039604
1830 0.69540848514851
1834 0.69544225742574
1835 0.69544973267327
1836 0.6954820990099
1837 0.69550717821782
1838 0.69552824752475
1839 0.69556395049505
1840 0.69558197029703
1841 0.69560555445545
1842 0.6956279009901
1843 0.69565018811881
1844 0.6956519009901
1845 0.69565531683168
1846 0.69566298019802
1847 0.69566999009901
1848 0.69570903960396
1849 0.695743
1850 0.69576058415842
1851 0.6957989009901
1852 0.69583875247525
1853 0.6958417029703
1854 0.6958544950495
1855 0.69588233663366
1856 0.69588583168317
1857 0.69589631683168
1858 0.69590589108911
1859 0.69593334653465
1860 0.69595202970297
1861 0.69597379207921
1862 0.69598797029703
1863 0.69599884158416
1864 0.69600995049505
1865 0.69601624752475
1866 0.69604523762376
1868 0.69605289108911
1869 0.69605515841584
1870 0.69606214851485
1871 0.69608676237624
1872 0.69611394059406
1873 0.69611884158416
1874 0.69613364356436
1875 0.69614093069307
1876 0.69618747524753
1877 0.69624374257426
1878 0.69626303960396
1879 0.69628152475248
1880 0.69634593069307
1881 0.69635908910891
1882 0.69637853465347
1883 0.69638732673267
1884 0.69639313861386
1885 0.69640028712871
1887 0.69640274257426
1888 0.69641886138614
1889 0.69643884158416
1890 0.69644973267327
1891 0.69646684158416
1892 0.69647566336634
1893 0.69647841584158
1894 0.69648656435644
1895 0.69650002970297
1896 0.69650908910891
1897 0.69652217821782
1898 0.69652332673267
1899 0.69655878217822
1900 0.69657359405941
1901 0.69661508910891
1902 0.69661623762376
1903 0.69662812871287
1904 0.6966382970297
1905 0.69664199009901
1907 0.69665772277228
1908 0.69667148514851
1909 0.69667202970297
1910 0.69668297029703
1912 0.69670062376238
1913 0.69670451485149
1914 0.6967126039604
1915 0.69674943564356
1916 0.69677603960396
1917 0.69680291089109
1918 0.69683699009901
1919 0.69684600990099
1920 0.69685886138614
1921 0.69686604950495
1922 0.69688271287129
1923 0.69688863366337
1924 0.69690556435644
1925 0.69691346534653
1926 0.69691561386139
1927 0.69693789108911
1928 0.69695496039604
1929 0.69697463366337
1930 0.69698747524752
1931 0.69699559405941
1932 0.69700202970297
1933 0.69701036633663
1934 0.69701286138614
1935 0.6970232970297
1936 0.69703056435644
1937 0.69703359405941
1938 0.69705906930693
1940 0.69707523762376
1941 0.6970939009901
1942 0.69712201980198
1943 0.69712588118812
1944 0.69714579207921
1945 0.69716001980198
1946 0.69716820792079
1947 0.69718553465347
1948 0.69720395049505
1949 0.69720622772277
1950 0.69722015841584
1951 0.69724398019802
1952 0.69726108910891
1953 0.69726479207921
1955 0.69729803960396
1956 0.69734092079208
1957 0.69735024752475
1958 0.69735547524752
1959 0.69736723762376
1960 0.69740698019802
1961 0.69741415841584
1962 0.69744805940594
1963 0.69747085148515
1964 0.69747842574257
1965 0.69748248514851
1966 0.69748852475248
1967 0.69750123762376
1968 0.69750785148515
1969 0.69752269306931
1970 0.69752632673267
1971 0.69753033663366
1972 0.69755127722772
1974 0.69755773267327
1975 0.69757261386139
1976 0.69758825742574
1977 0.6976071980198
1978 0.69762368316832
1979 0.69763762376238
1980 0.6976436039604
1981 0.69767730693069
1982 0.6976891980198
1983 0.69769648514851
1984 0.69770433663366
1985 0.69770971287129
1986 0.69773169306931
1987 0.69773472277228
1988 0.69775582178218
1989 0.69776894059406
1990 0.69780891089109
1991 0.69781600990099
1992 0.69781654455446
1993 0.69782025742574
1994 0.69782368316832
1995 0.69783432673267
1996 0.6978380990099
1997 0.69784877227723
1998 0.69786024752475
1999 0.69791138613861
2000 0.69792037623762
2001 0.69793091089109
2002 0.69796024752475
2003 0.69796856435644
2004 0.69796873267327
2005 0.6979744950495
2006 0.69798582178218
2007 0.69799863366337
2008 0.69802400990099
2010 0.69803025742574
2013 0.69803079207921
2016 0.69803146534653
2017 0.69805781188119
2018 0.69806161386139
2019 0.69808803960396
2020 0.69808828712871
2021 0.69809032673267
2022 0.69811471287129
2023 0.69812711881188
2024 0.69812852475248
2025 0.69813673267327
2026 0.69814305940594
2027 0.69814357425743
2028 0.69815531683168
2030 0.69817669306931
2031 0.69820046534653
2032 0.69821815841584
2035 0.69824064356436
2036 0.69825799009901
2037 0.69828315841584
2038 0.69828806930693
2040 0.69831082178218
2041 0.69833684158416
2042 0.69834574257426
2043 0.69835737623762
2046 0.69836767326733
2047 0.69840559405941
2048 0.69841068316832
2050 0.69844391089109
2051 0.69847756435644
2052 0.69850967326733
2053 0.69852388118812
2054 0.69853665346535
2055 0.69856107920792
2057 0.69856872277228
2058 0.69859967326733
2059 0.69861041584158
2060 0.69861650495049
2061 0.69861992079208
2062 0.69862767326733
2063 0.69862788118812
2064 0.69864044554455
2065 0.69864871287129
2066 0.69867266336634
2068 0.69867367326733
2069 0.69869487128713
2070 0.69872254455446
2071 0.69872781188119
2072 0.69872889108911
2073 0.69873831683168
2074 0.69876147524752
2075 0.69878327722772
2076 0.69878444554455
2077 0.69879958415842
2078 0.69880254455446
2079 0.69881256435644
2080 0.69882140594059
2081 0.69882471287129
2082 0.69883640594059
2083 0.69884364356436
2084 0.69886292079208
2085 0.69887517821782
2086 0.69888328712871
2087 0.69888535643564
2088 0.69888781188119
2090 0.69890226732673
2091 0.69890863366337
2092 0.69891600990099
2093 0.69893505940594
2094 0.69894318811881
2095 0.69894689108911
2096 0.69895449504951
2097 0.6989549009901
2098 0.69896689108911
2099 0.69899482178218
2100 0.69899895049505
2101 0.69901589108911
2102 0.69901895049505
2103 0.6990300990099
2104 0.69903984158416
2106 0.69904148514851
2107 0.69904450495049
2108 0.69904836633663
2110 0.69906435643564
2112 0.69906815841584
2115 0.69908584158416
2116 0.69909315841584
2117 0.69913359405941
2118 0.69914879207921
2119 0.69916363366337
2120 0.69918216831683
2121 0.69918656435644
2122 0.69918813861386
2123 0.69919577227723
2124 0.69923056435644
2126 0.6992387029703
2127 0.69923895049505
2128 0.69929303960396
2132 0.69930157425743
2133 0.69931126732673
2134 0.69931676237624
2135 0.69931708910891
2136 0.69932956435644
2137 0.69934666336634
2138 0.6993487029703
2139 0.6993498019802
2140 0.6993593960396
2141 0.69937899009901
2143 0.6993914950495
2145 0.69940866336634
2146 0.69942792079208
2147 0.69943016831683
2148 0.69943773267327
2149 0.69945984158416
2150 0.6994829009901
2152 0.69949415841584
2153 0.69951756435644
2154 0.69951913861386
2156 0.69952499009901
2157 0.69954081188119
2158 0.6995563960396
2159 0.69956928712871
2160 0.69958518811881
2161 0.69958954455446
2162 0.69959106930693
2164 0.69960747524752
2167 0.69962007920792
2168 0.69964056435644
2169 0.69967217821782
2171 0.69968608910891
2172 0.69969226732673
2173 0.69969571287129
2174 0.69970523762376
2175 0.69971372277228
2176 0.6997176039604
2177 0.69972396039604
2179 0.69973385148515
2180 0.69973787128713
2181 0.69974318811881
2182 0.69975159405941
2183 0.6997575049505
2184 0.6997737029703
2186 0.69979461386139
2187 0.69979994059406
2188 0.69980251485149
2189 0.69980369306931
2190 0.69980738613861
2191 0.69981127722772
2192 0.69983028712871
2193 0.69986716831683
2194 0.69986849504951
2195 0.69988456435644
2196 0.69989405940594
2197 0.69989787128713
2198 0.69989875247525
2199 0.69991912871287
2202 0.69993049504951
2204 0.69993601980198
2205 0.6999467029703
2206 0.69995592079208
2207 0.69995871287129
2208 0.69997376237624
2210 0.69998146534653
2211 0.69998445544554
2212 0.69999073267327
2213 0.69999166336634
2214 0.69999383168317
2215 0.69999913861386
2216 0.70000682178218
2217 0.70000813861386
2218 0.70002268316832
2219 0.70002475247525
2221 0.70004624752475
2222 0.70005475247525
2223 0.70010501980198
2224 0.70012615841584
2225 0.70012968316832
2226 0.70015626732673
2228 0.70016687128713
2229 0.70016987128713
2231 0.70018796039604
2232 0.70019745544554
2233 0.70020967326733
2234 0.70022014851485
2235 0.7002332970297
2238 0.70023416831683
2239 0.70027105940594
2241 0.70027530693069
2242 0.70027688118812
2244 0.70027845544554
2245 0.70028724752475
2246 0.70029779207921
2247 0.70031765346535
2249 0.70032889108911
2250 0.700334
2251 0.70033971287129
2253 0.70034437623762
2254 0.70035571287129
2255 0.70035587128713
2256 0.70036675247525
2257 0.70036957425743
2258 0.70037659405941
2260 0.7003944950495
2261 0.70039522772277
2262 0.70040362376238
2263 0.70041623762376
2264 0.70042113861386
2265 0.70043416831683
2266 0.70045554455446
2267 0.70046624752475
2269 0.70048648514851
2270 0.70050004950495
2271 0.70052236633663
2272 0.70053343564356
2275 0.70053477227723
2276 0.70054332673267
2278 0.70054879207921
2279 0.70057841584158
2280 0.70058162376238
2281 0.70060265346535
2282 0.70060314851485
2284 0.70063544554455
2285 0.7006356039604
2286 0.7006464950495
2287 0.70065055445545
2289 0.70066799009901
2290 0.70068626732673
2291 0.70068784158416
2294 0.70069322772277
2295 0.70070979207921
2296 0.70071662376238
2297 0.70072346534653
2298 0.70073320792079
2299 0.70074414851485
2301 0.70074517821782
2303 0.7007597029703
2304 0.70077771287129
2305 0.70078558415842
2306 0.70079793069307
2308 0.70081438613861
2310 0.70082143564356
2311 0.7008341980198
2313 0.70084341584158
2314 0.70084364356436
2315 0.70084978217822
2316 0.70085815841584
2318 0.70085821782178
2319 0.70087471287129
2321 0.70087700990099
2322 0.70087789108911
2323 0.70088236633663
2324 0.70088473267327
2326 0.7008965049505
2328 0.70089822772277
2329 0.70090464356436
2331 0.70091511881188
2332 0.70092537623762
2333 0.70093337623762
2335 0.70094442574257
2337 0.70096576237624
2338 0.70097053465347
2339 0.70097601980198
2340 0.70097958415842
2341 0.70099058415842
2342 0.70103597029703
2343 0.70105513861386
2344 0.70107903960396
2347 0.70110618811881
2348 0.7011267029703
2349 0.70113279207921
2351 0.70114031683168
2352 0.70114794059406
2355 0.70114888118812
2356 0.70115847524753
2357 0.70117132673267
2358 0.70120346534653
2360 0.70122815841584
2362 0.70123457425743
2363 0.70123615841584
2367 0.70123988118812
2368 0.70126237623762
2369 0.70127877227723
2370 0.70127912871287
2372 0.70128402970297
2373 0.70128505940594
2374 0.70128836633663
2375 0.70131665346535
2376 0.7013415049505
2377 0.70134392079208
2383 0.70134894059406
2384 0.70135182178218
2385 0.70135230693069
2386 0.70136244554455
2387 0.70136812871287
2388 0.70137749504951
2390 0.70138076237624
2391 0.70138720792079
2393 0.70140027722772
2394 0.70140606930693
2395 0.70141553465347
2396 0.70141892079208
2399 0.70145969306931
2401 0.70146146534653
2402 0.70147038613861
2403 0.70148317821782
2404 0.70149200990099
2406 0.70149362376238
2407 0.70150538613861
2408 0.70150710891089
2409 0.70150806930693
2410 0.70151334653465
2412 0.70153261386139
2413 0.70154131683168
2414 0.70155941584158
2415 0.70156706930693
2416 0.70157694059406
2417 0.70158461386139
2419 0.70158805940594
2421 0.70159216831683
2422 0.70160304950495
2425 0.70162032673267
2426 0.70162686138614
2427 0.70164704950495
2428 0.70166149504951
2430 0.70166772277228
2431 0.70169834653465
2432 0.70170941584158
2433 0.70171351485149
2434 0.70172751485149
2435 0.70173242574257
2436 0.70173757425743
2438 0.70174306930693
2439 0.70174882178218
2440 0.70175895049505
2441 0.70176315841584
2442 0.70179606930693
2443 0.7018005049505
2445 0.70181685148515
2446 0.70181801980198
2447 0.7018198019802
2449 0.70183503960396
2451 0.70184381188119
2452 0.70185343564356
2455 0.7018553960396
2456 0.70186426732673
2458 0.7018659009901
2459 0.70186594059406
2461 0.7018668019802
2462 0.7018822970297
2463 0.70188872277228
2464 0.70189225742574
2465 0.70191697029703
2467 0.70191733663366
2469 0.70192750495049
2470 0.70192768316832
2471 0.70194544554455
2472 0.70195686138614
2473 0.70196215841584
2474 0.7019634950495
2477 0.70197489108911
2478 0.70197996039604
2479 0.70198274257426
2480 0.70199082178218
2481 0.70200687128713
2483 0.70201407920792
2486 0.70201488118812
2487 0.70204011881188
2488 0.70204541584158
2490 0.70207403960396
2493 0.70208383168317
2494 0.70209721782178
2495 0.70211201980198
2496 0.70211283168317
2497 0.70212350495049
2498 0.70213866336634
2499 0.70214643564356
2500 0.70217777227723
2506 0.70218202970297
2507 0.7021836039604
2508 0.70218774257426
2509 0.70218810891089
2510 0.70219513861386
2511 0.70220683168317
2512 0.70221750495049
2513 0.70222412871287
2514 0.70222905940594
2518 0.70223481188119
2520 0.7022371980198
2522 0.70224761386139
2523 0.70224922772277
2524 0.70225318811881
2525 0.70226616831683
2526 0.7022671980198
2530 0.70228108910891
2531 0.7022900990099
2533 0.70230248514851
2534 0.70230311881188
2535 0.70230656435644
2536 0.70231186138614
2537 0.70231717821782
2538 0.70232957425743
2540 0.70232972277228
2545 0.70233594059406
2546 0.70234665346535
2548 0.7023489009901
2550 0.70235104950495
2551 0.70237972277228
2552 0.70239722772277
2555 0.7024150990099
2556 0.70241923762376
2557 0.70242227722772
2558 0.70244218811881
2563 0.70244774257426
2564 0.70245337623762
2565 0.70247038613861
2566 0.70247648514851
2567 0.70248277227723
2568 0.70248614851485
2572 0.70249385148515
2574 0.70250489108911
2575 0.70250864356436
2576 0.70251181188119
2577 0.70252406930693
2579 0.70252879207921
2584 0.70253316831683
2585 0.7025381980198
2586 0.70255348514851
2587 0.70255487128713
2588 0.70255768316832
2589 0.70256072277228
2590 0.70256863366337
2592 0.70259943564356
2594 0.7026106039604
2596 0.70262272277228
2597 0.70262804950495
2598 0.70263447524752
2601 0.7026400990099
2602 0.70265968316832
2603 0.70267247524752
2605 0.70268772277228
2606 0.70269371287129
2607 0.70270758415842
2608 0.70272604950495
2609 0.70274440594059
2610 0.70275297029703
2611 0.70275435643564
2612 0.70276853465347
2614 0.70277355445545
2615 0.70277523762376
2617 0.70278106930693
2621 0.70278386138614
2622 0.70279582178218
2623 0.70279724752475
2625 0.70281268316832
2626 0.70281548514851
2627 0.70282231683168
2628 0.70283706930693
2630 0.70283745544554
2632 0.70284822772277
2633 0.70287177227723
2635 0.70287711881188
2637 0.70289495049505
2639 0.70290102970297
2640 0.70290371287129
2644 0.70291589108911
2645 0.70291987128713
2647 0.70292054455446
2650 0.70293013861386
2651 0.7029396039604
2652 0.70295205940594
2655 0.70296020792079
2656 0.7029621980198
2658 0.70296856435644
2659 0.70298082178218
2660 0.70298099009901
2661 0.70299541584158
2662 0.70300884158416
2663 0.70302347524752
2664 0.70302387128713
2665 0.70303317821782
2666 0.70303916831683
2668 0.70304358415842
2672 0.70305474257426
2674 0.70307728712871
2676 0.70308692079208
2677 0.7030887029703
2678 0.70309900990099
2681 0.70310767326733
2682 0.70313902970297
2685 0.70314274257426
2686 0.70314526732673
2688 0.70314743564356
2689 0.70314842574257
2691 0.70315661386139
2693 0.70315736633663
2694 0.70316048514851
2696 0.70316182178218
2698 0.70316730693069
2700 0.70316852475248
2702 0.70317405940594
2704 0.70320137623762
2707 0.70320517821782
2708 0.70321097029703
2710 0.70321105940594
2711 0.70321842574257
2714 0.70322482178218
2715 0.70322871287129
2717 0.70325084158416
2718 0.70325281188119
2719 0.70325487128713
2721 0.70326021782178
2723 0.70328218811881
2724 0.70329598019802
2726 0.70329977227723
2727 0.70331611881188
2728 0.70332377227723
2729 0.703333
2731 0.70333645544554
2732 0.70333926732673
2734 0.70334651485149
2735 0.70335300990099
2736 0.70335511881188
2737 0.70335650495049
2738 0.70335858415842
2739 0.70336442574257
2743 0.7033739009901
2744 0.70337767326733
2745 0.70338364356436
2749 0.70338365346535
2750 0.70339888118812
2752 0.70339892079208
2754 0.70342212871287
2755 0.7034309009901
2756 0.70344007920792
2758 0.7034418019802
2759 0.70347314851485
2760 0.70347328712871
2761 0.70349176237624
2764 0.70350766336634
2765 0.70351107920792
2766 0.7035204950495
2767 0.70353025742574
2768 0.70354864356436
2769 0.7035524950495
2770 0.70355854455446
2771 0.70356922772277
2772 0.70358175247525
2773 0.70358885148515
2774 0.70359871287129
2775 0.70360865346535
2776 0.70362036633663
2777 0.70362984158416
2778 0.70363237623762
2782 0.70364420792079
2783 0.70364922772277
2789 0.70366297029703
2790 0.70368430693069
2791 0.7036850990099
2792 0.70368524752475
2793 0.70370501980198
2796 0.70370602970297
2799 0.70371165346535
2801 0.70372604950495
2802 0.70374401980198
2803 0.70375716831683
2804 0.7037667029703
2805 0.70377652475248
2808 0.70379201980198
2810 0.70379779207921
2811 0.70380552475248
2813 0.70381084158416
2814 0.70381544554455
2815 0.70382130693069
2816 0.70382194059406
2818 0.70382684158416
2820 0.70383506930693
2821 0.70383836633663
2822 0.70384402970297
2824 0.70385026732673
2825 0.70385294059406
2827 0.703868
2828 0.70387220792079
2830 0.70388258415842
2831 0.70388368316832
2832 0.70388755445545
2834 0.70389034653465
2838 0.70389314851485
2840 0.70390102970297
2841 0.70390805940594
2842 0.70392626732673
2843 0.70393264356436
2846 0.70393688118812
2848 0.70394391089109
2851 0.70396142574257
2853 0.70397156435644
2854 0.70398456435644
2855 0.70399177227723
2860 0.70399632673267
2861 0.70399868316832
2864 0.70400137623762
2866 0.70400556435644
2867 0.70401256435644
2868 0.70401452475248
2869 0.7040225049505
2870 0.70402963366337
2871 0.70403213861386
2875 0.70403286138614
2876 0.70404247524752
2878 0.70406255445545
2879 0.70407342574257
2884 0.70408166336634
2886 0.70408372277228
2888 0.70409055445545
2889 0.70409188118812
2890 0.70409977227723
2893 0.70410189108911
2894 0.70410672277228
2897 0.7041103960396
2898 0.70411742574257
2899 0.70415582178218
2902 0.70416811881188
2904 0.70417545544554
2906 0.70417916831683
2910 0.70418196039604
2912 0.70419344554455
2913 0.7041975049505
2914 0.70421071287129
2915 0.70421487128713
2916 0.70421978217822
2917 0.70423033663366
2918 0.70423043564356
2919 0.70424112871287
2920 0.70424194059406
2922 0.70424689108911
2925 0.70425683168317
2927 0.70425755445545
2928 0.70426133663366
2929 0.70426546534653
2931 0.70428076237624
2933 0.70428872277228
2934 0.70429245544554
2936 0.70430081188119
2938 0.70431213861386
2939 0.70432018811881
2940 0.70432243564356
2942 0.70433434653465
2943 0.70434101980198
2946 0.70435738613861
2947 0.70435855445545
2948 0.70436632673267
2949 0.70437424752475
2952 0.70438945544554
2953 0.7043955049505
2954 0.70442640594059
2955 0.70443327722772
2956 0.70443500990099
2958 0.7044357029703
2960 0.70444334653465
2963 0.70445866336634
2964 0.70447102970297
2968 0.70447104950495
2969 0.70447793069307
2970 0.70448130693069
2972 0.7044860990099
2977 0.7044889009901
2979 0.70450144554455
2982 0.70450176237624
2986 0.70450604950495
2987 0.70452520792079
2989 0.70453258415842
2990 0.70455340594059
2991 0.70455454455446
2992 0.70457075247525
2994 0.70457169306931
2996 0.70457407920792
2997 0.70458982178218
2998 0.70459856435644
2999 0.70459935643564
3001 0.70462199009901
3003 0.7046301980198
3009 0.7046393960396
3012 0.7046414950495
3013 0.70464967326733
3014 0.70465236633663
3015 0.70466705940594
3023 0.70467443564356
3025 0.7046862970297
3027 0.7046911980198
3029 0.70470393069307
3031 0.7047168019802
3032 0.70471820792079
3037 0.70472376237624
3040 0.70473336633663
3048 0.70475413861386
3053 0.70475555445545
3054 0.70475712871287
3058 0.70475733663366
3063 0.7047636039604
3065 0.70476892079208
3066 0.70476932673267
3069 0.70477048514851
3070 0.70477732673267
3076 0.70478095049505
3077 0.70478579207921
3078 0.7047899009901
3079 0.70479214851485
3083 0.7047996039604
3086 0.70480671287129
3087 0.70480691089109
3089 0.70483136633663
3090 0.70483948514851
3091 0.70484535643564
3097 0.70485555445545
3099 0.70487135643564
3102 0.70487277227723
3104 0.70487692079208
3107 0.70488417821782
3112 0.70488442574257
3113 0.70488536633663
3119 0.70489761386139
3134 0.70492012871287
3141 0.70492208910891
3142 0.70492338613861
3143 0.70493487128713
3144 0.70493873267327
3145 0.7049453960396
3151 0.7049492970297
3152 0.70495999009901
3153 0.70498262376238
3154 0.7049841980198
3155 0.7049878019802
3157 0.70499503960396
3160 0.70500105940594
3162 0.70500345544554
3168 0.70501074257426
3171 0.70501135643564
3173 0.70501667326733
3175 0.70502671287129
3177 0.70503300990099
3181 0.70504452475248
3182 0.7050614950495
3184 0.70506494059406
3187 0.70508263366337
3189 0.70508642574257
3194 0.70509434653465
3197 0.70510306930693
3198 0.70510893069307
3200 0.70511650495049
3206 0.70512014851485
3209 0.70512058415842
3210 0.70512295049505
3211 0.70512632673267
3214 0.70514304950495
3215 0.70515854455446
3218 0.70515900990099
3221 0.70516475247525
3222 0.70517201980198
3223 0.70518902970297
3224 0.70519199009901
3228 0.70519821782178
3230 0.70521237623762
3235 0.70521801980198
3236 0.70522872277228
3237 0.70524274257426
3242 0.70524952475248
3244 0.7052780990099
3245 0.70529183168317
3252 0.7052920990099
3253 0.70530701980198
3257 0.70530787128713
3260 0.70530944554455
3261 0.70532514851485
3262 0.70533067326733
3270 0.7053402970297
3277 0.70534756435644
3279 0.7053481980198
3281 0.70535103960396
3283 0.70535261386139
3284 0.70535631683168
3285 0.70536164356436
3295 0.70537514851485
3297 0.70537731683168
3299 0.70537772277228
3303 0.70538377227723
3306 0.70538444554455
3309 0.70539100990099
3310 0.70539653465347
3311 0.70540440594059
3316 0.70542199009901
3321 0.7054221980198
3323 0.70542632673267
3324 0.7054576039604
3330 0.70546158415842
3331 0.70546768316832
3338 0.70547616831683
3340 0.70547987128713
3346 0.70548357425743
3351 0.70548606930693
3353 0.70548655445545
3354 0.70549138613861
3355 0.70549300990099
3360 0.70549616831683
3370 0.70550636633663
3372 0.70551572277228
3385 0.7055210990099
3390 0.70552868316832
3392 0.70553612871287
3393 0.70554284158416
3398 0.70556583168317
3402 0.70556781188119
3403 0.70558078217822
3406 0.70558191089109
3416 0.70558979207921
3419 0.70559184158416
3421 0.70560541584158
3425 0.70560663366337
3431 0.70560717821782
3437 0.70560778217822
3439 0.70561164356436
3442 0.70561324752475
3454 0.70561651485149
3455 0.70562234653465
3466 0.70562287128713
3480 0.70563926732673
3483 0.70564115841584
3484 0.70565665346535
3495 0.70565686138614
3498 0.70566168316832
3501 0.70566999009901
3503 0.70567458415842
3507 0.70568053465347
3511 0.70568146534653
3518 0.70568844554455
3519 0.70569656435644
3526 0.70569808910891
3528 0.7057010990099
3529 0.70571886138614
3531 0.70572245544554
3534 0.70572620792079
3535 0.70573042574257
3538 0.70573775247525
3541 0.70574410891089
3543 0.70574569306931
3544 0.70575716831683
3548 0.70576042574257
3549 0.70576745544554
3556 0.70578018811881
3571 0.70579162376238
3582 0.70579673267327
3594 0.70580777227723
3596 0.70580985148515
3597 0.70581445544554
3615 0.70583551485149
3628 0.7058477029703
3629 0.70585346534653
3635 0.70585667326733
3639 0.70586315841584
3644 0.70586395049505
3648 0.70587603960396
3649 0.70587896039604
3656 0.70588063366337
3658 0.7058867029703
3661 0.70589352475248
3664 0.70589902970297
3679 0.70590147524752
3691 0.70590206930693
3694 0.7059084950495
3698 0.70591099009901
3701 0.70591446534653
3704 0.70592415841584
3705 0.70592488118812
3707 0.70593015841584
3710 0.70593903960396
3722 0.70594320792079
3723 0.70594624752475
3730 0.70594883168317
3736 0.70594977227723
3737 0.70595594059406
3751 0.70595700990099
3753 0.70595764356436
3755 0.70596003960396
3756 0.70596417821782
3763 0.70597253465347
3766 0.7059734950495
3770 0.70597902970297
3777 0.70598027722772
3785 0.70598887128713
3788 0.70599125742574
3789 0.70599615841584
3791 0.70600289108911
3792 0.70600757425743
3797 0.70601235643564
3801 0.70601537623762
3802 0.70601611881188
3806 0.70601966336634
3811 0.70602372277228
3833 0.70603104950495
3834 0.70603135643564
3842 0.70603565346535
3857 0.70603997029703
3863 0.70604167326733
3868 0.70604655445545
3886 0.70605020792079
3892 0.70605043564356
3904 0.70605196039604
3908 0.70605850495049
3922 0.70606463366337
3926 0.70606953465347
3939 0.70606963366337
3940 0.70607687128713
3941 0.70608884158416
3948 0.70609123762376
3951 0.7061034950495
3953 0.70611768316832
3976 0.70612298019802
3977 0.70612655445545
3993 0.70612892079208
4001 0.70613165346535
4018 0.70613688118812
4028 0.70614684158416
4038 0.70614800990099
4039 0.7061520990099
4044 0.70615367326733
4053 0.70617403960396
4063 0.7061792970297
4071 0.70619006930693
4083 0.70619220792079
4084 0.70619543564356
4085 0.70619954455446
4088 0.70620143564356
4101 0.70620206930693
4104 0.7062104950495
4123 0.70621121782178
4148 0.7062173960396
4166 0.70621832673267
4187 0.70622428712871
4206 0.7062273960396
4215 0.70622965346535
4216 0.70623047524752
4225 0.7062351980198
4234 0.70624458415842
4239 0.70625245544554
4244 0.7062612970297
4249 0.70626524752475
4275 0.70627569306931
4287 0.70629143564356
4289 0.70629615841584
4290 0.70630403960396
4291 0.70630465346535
4292 0.70631128712871
4300 0.7063156039604
4316 0.70631738613861
4322 0.70631933663366
4330 0.70633484158416
4332 0.70634297029703
4342 0.7063557029703
4355 0.70635574257426
4358 0.70636097029703
4359 0.70636542574257
4373 0.70636733663366
4383 0.70637157425743
4388 0.7063764950495
4419 0.70638176237624
4461 0.70638767326733
4467 0.7063877029703
4474 0.70639161386139
4481 0.70640148514851
4557 0.70640169306931
4655 0.70640784158416
4722 0.70640827722772
4740 0.70640942574257
4752 0.70642771287129
4828 0.70642836633663
4831 0.70642898019802
4929 0.7064307029703
4946 0.70644142574257
5049 0.70645140594059
5080 0.70645716831683
5201 0.70647830693069
