0 0.507859
2 0.508904
3 0.510096
5 0.51147
6 0.511851
7 0.512377
8 0.513679
10 0.514307
11 0.51459
13 0.515484
14 0.515569
16 0.516599
17 0.51717
19 0.518029
20 0.518689
21 0.51936
25 0.520231
27 0.521219
28 0.521757
29 0.521845
33 0.522566
35 0.522792
36 0.525635
37 0.526095
43 0.526383
47 0.527467
52 0.529353
58 0.530006
59 0.530501
61 0.531232
65 0.533504
68 0.535891
70 0.536368
74 0.537689
75 0.538584
76 0.538873
77 0.53973
78 0.541037
80 0.543051
84 0.544262
85 0.546091
88 0.546741
89 0.547376
90 0.547412
91 0.548972
92 0.550823
97 0.551485
102 0.552469
103 0.553364
105 0.553453
107 0.553527
109 0.55418
110 0.555897
117 0.557167
118 0.560263
119 0.561274
121 0.562778
131 0.563723
136 0.564729
140 0.565135
143 0.565824
144 0.566003
146 0.566379
149 0.5672
151 0.567593
154 0.568567
156 0.569716
159 0.571445
160 0.573786
163 0.574691
165 0.574971
166 0.575338
167 0.575899
168 0.577489
170 0.578036
171 0.578266
172 0.578357
178 0.580169
179 0.582214
187 0.583124
192 0.583779
193 0.583946
195 0.58523
196 0.585234
197 0.587031
199 0.587464
206 0.587573
207 0.587854
209 0.589031
210 0.589117
211 0.590802
212 0.591103
221 0.592516
222 0.593286
224 0.593687
237 0.595453
245 0.595803
249 0.596594
254 0.59856
255 0.600787
256 0.6017
258 0.60187
260 0.601875
262 0.603253
274 0.604312
277 0.605627
279 0.605996
280 0.607616
281 0.608165
284 0.60916
285 0.609916
288 0.610971
289 0.612376
291 0.61367
297 0.614528
299 0.615506
300 0.61645
301 0.616826
310 0.617472
316 0.618498
321 0.618898
322 0.61961
328 0.620726
329 0.621429
335 0.623497
342 0.623618
345 0.62363
355 0.624658
357 0.625722
359 0.626539
365 0.626649
368 0.626847
373 0.626856
378 0.628454
381 0.629127
383 0.631992
384 0.632088
390 0.632213
410 0.633493
412 0.633621
414 0.634414
416 0.634779
422 0.636071
432 0.63619
436 0.636481
439 0.636802
449 0.637822
451 0.640364
458 0.640662
463 0.641519
467 0.642188
471 0.644511
476 0.645508
477 0.646547
484 0.647844
505 0.648412
519 0.648829
525 0.649986
530 0.650639
542 0.65092
545 0.651524
553 0.652317
555 0.652325
578 0.654452
613 0.655765
615 0.656438
617 0.657192
639 0.658215
642 0.658733
653 0.659457
657 0.660981
664 0.661021
681 0.661259
689 0.662144
696 0.662972
697 0.664671
705 0.665358
719 0.665611
724 0.665926
737 0.666505
758 0.666673
761 0.667461
775 0.668917
803 0.669421
816 0.670394
837 0.670696
838 0.671239
844 0.671596
886 0.671669
898 0.671753
903 0.672522
933 0.672763
937 0.67285
946 0.672936
953 0.674293
960 0.674683
961 0.675058
982 0.675202
984 0.675278
986 0.67536
996 0.675408
997 0.676348
1003 0.676991
1010 0.679335
1014 0.6809
1044 0.680968
1049 0.681789
1059 0.682291
1067 0.682748
1088 0.682996
1090 0.684225
1112 0.6848
1131 0.685184
1133 0.685773
1148 0.687085
1246 0.687902
1247 0.688048
1248 0.688785
1304 0.690854
1335 0.691519
1343 0.692122
1352 0.693317
1376 0.693397
1380 0.694201
1420 0.694607
1433 0.695712
1447 0.697682
1453 0.698957
1499 0.699147
1513 0.699402
1547 0.699887
1548 0.70108
1586 0.701538
1656 0.701553
1658 0.702558
1688 0.704032
1727 0.705051
1777 0.706075
1817 0.706612
1847 0.70732
1852 0.70773
1877 0.708845
1904 0.709834
1960 0.712671
2134 0.712854
2214 0.713073
2233 0.713143
2372 0.713153
2376 0.713686
2500 0.71475
2623 0.714894
2651 0.715595
2676 0.715721
2754 0.716379
2841 0.717089
2876 0.717779
3113 0.717874
