0 0.506599
1 0.507344
2 0.507489
4 0.509565
6 0.510507
7 0.512829
8 0.51317
9 0.515077
10 0.518115
15 0.518296
18 0.519649
19 0.520216
25 0.520969
27 0.521667
31 0.52182
32 0.523014
34 0.523056
39 0.523816
42 0.525232
43 0.526958
45 0.527196
46 0.529099
51 0.530448
53 0.530459
54 0.530903
63 0.532022
64 0.534137
75 0.535331
76 0.535353
77 0.535884
78 0.536099
79 0.536227
80 0.537866
81 0.538564
82 0.538691
88 0.538854
92 0.539162
93 0.540186
96 0.541072
97 0.541883
98 0.541923
99 0.542063
100 0.5427
105 0.543856
106 0.544159
109 0.54524
110 0.546322
113 0.54725
115 0.549598
116 0.551052
122 0.551328
124 0.551402
125 0.552044
138 0.553549
141 0.553643
142 0.555591
143 0.556557
145 0.55755
146 0.558468
153 0.559319
157 0.560517
164 0.562128
171 0.562185
176 0.562875
181 0.563111
186 0.56326
189 0.564855
191 0.565072
192 0.56562
195 0.567041
197 0.567714
198 0.570186
202 0.57135
203 0.572194
208 0.572816
209 0.574839
210 0.574885
215 0.576074
218 0.577344
219 0.58012
220 0.58077
221 0.582663
222 0.582767
226 0.585299
228 0.586522
230 0.589247
231 0.591341
233 0.591578
238 0.592383
242 0.592916
257 0.593794
259 0.594512
260 0.594953
269 0.595626
275 0.595893
278 0.597316
279 0.59831
280 0.59879
281 0.60105
286 0.601847
291 0.602196
294 0.602205
296 0.603319
302 0.60412
310 0.604198
318 0.604669
321 0.607772
329 0.608274
330 0.609218
332 0.609835
334 0.610748
335 0.610761
337 0.612816
342 0.613499
347 0.614618
352 0.615319
356 0.617406
369 0.618086
370 0.620668
376 0.62148
379 0.622502
400 0.622872
416 0.623231
421 0.624338
426 0.624803
440 0.625581
453 0.626443
464 0.626765
467 0.627182
469 0.627363
483 0.628109
486 0.629668
514 0.629781
517 0.631585
520 0.632766
530 0.633482
540 0.63428
554 0.634974
555 0.635792
567 0.636589
570 0.636727
594 0.637498
596 0.638879
597 0.639664
607 0.640751
622 0.644128
636 0.644753
639 0.644868
642 0.645579
648 0.645583
649 0.645809
661 0.646039
678 0.649062
683 0.649767
685 0.649849
687 0.650503
690 0.650677
698 0.651952
703 0.652251
707 0.652843
708 0.652892
712 0.653099
713 0.65336
731 0.655917
732 0.655968
741 0.656068
743 0.656577
751 0.656818
758 0.659353
762 0.660144
766 0.660554
775 0.660825
785 0.661772
789 0.662053
799 0.662681
800 0.66269
805 0.662771
812 0.663399
817 0.665835
824 0.666777
827 0.667814
840 0.66794
876 0.669
884 0.671141
885 0.671562
900 0.671737
908 0.672195
911 0.672573
933 0.674499
934 0.675443
936 0.675518
940 0.6761
963 0.67635
972 0.677526
981 0.677707
986 0.677988
1005 0.67827
1036 0.681505
1040 0.682404
1077 0.68316
1087 0.683752
1096 0.684519
1152 0.685278
1157 0.685655
1159 0.686074
1164 0.686983
1212 0.687109
1245 0.687752
1265 0.688916
1269 0.689166
1271 0.6892
1284 0.689443
1294 0.69065
1320 0.691426
1341 0.69167
1362 0.691899
1401 0.69257
1451 0.693036
1452 0.693038
1462 0.693409
1509 0.694345
1519 0.694615
1536 0.694914
1553 0.695985
1558 0.696759
1588 0.69731
1628 0.697407
1674 0.698497
1678 0.698802
1710 0.6991
1731 0.699145
1823 0.700875
1900 0.702371
1927 0.702475
1942 0.704083
1945 0.704391
2037 0.705223
2072 0.705332
2282 0.705382
2384 0.705673
2412 0.705694
2637 0.705853
2704 0.707556
2827 0.707939
2986 0.708372
3281 0.708659
