0 0.469791
1 0.470335
3 0.470342
5 0.471946
11 0.472779
13 0.473026
17 0.475703
18 0.480829
20 0.485976
21 0.487611
23 0.488355
24 0.490096
29 0.490915
30 0.491336
32 0.492683
34 0.493032
35 0.494866
43 0.496166
45 0.497318
47 0.500046
53 0.501361
55 0.502452
56 0.503486
57 0.504759
61 0.506035
62 0.506581
63 0.507603
65 0.509364
66 0.510548
67 0.511528
69 0.511908
71 0.5122
72 0.514177
73 0.51662
75 0.517947
76 0.51917
82 0.521601
91 0.52446
92 0.524955
93 0.525502
95 0.52632
102 0.528144
105 0.531097
107 0.531137
111 0.533099
116 0.534454
120 0.535239
125 0.536215
126 0.538421
131 0.538581
134 0.540166
139 0.540943
144 0.54181
147 0.542973
149 0.543509
153 0.543608
154 0.543997
155 0.54595
159 0.545951
160 0.547163
165 0.549639
168 0.550673
172 0.551735
173 0.555558
174 0.555859
175 0.556665
177 0.558697
180 0.558779
181 0.560898
182 0.561403
187 0.562446
189 0.564428
193 0.565559
195 0.565676
199 0.566697
203 0.569194
205 0.569594
215 0.569948
216 0.570722
218 0.570983
224 0.571626
225 0.572096
234 0.573497
248 0.573609
249 0.575187
251 0.575976
255 0.576381
257 0.577315
265 0.578844
266 0.58218
270 0.582832
272 0.583718
282 0.584107
294 0.584378
295 0.584433
298 0.585022
299 0.585925
303 0.5868
305 0.587834
312 0.589316
317 0.591912
320 0.593124
323 0.595167
327 0.595281
329 0.597403
333 0.59892
335 0.600496
342 0.602775
344 0.602833
355 0.605866
361 0.606535
363 0.606896
368 0.607978
369 0.608267
374 0.609747
382 0.609822
383 0.610443
386 0.610568
394 0.614008
395 0.614775
408 0.615068
413 0.615512
430 0.620269
432 0.621099
433 0.623567
435 0.624851
440 0.62512
446 0.625212
456 0.62571
457 0.625758
465 0.626494
478 0.626893
479 0.627243
480 0.627542
482 0.628118
486 0.629659
501 0.629987
505 0.630204
509 0.630403
511 0.630689
516 0.630895
521 0.631814
530 0.632587
534 0.633041
537 0.633239
547 0.633792
561 0.633983
563 0.63419
566 0.635787
571 0.636577
576 0.637727
598 0.63911
604 0.642441
605 0.644255
606 0.644599
612 0.645098
633 0.645103
641 0.645761
644 0.646833
645 0.647262
656 0.648159
667 0.648432
673 0.649379
675 0.649466
681 0.649669
725 0.650231
727 0.650913
732 0.65112
735 0.651129
741 0.65228
752 0.652679
757 0.653065
771 0.653444
772 0.653564
775 0.654134
776 0.655451
777 0.65566
790 0.656865
792 0.657805
794 0.658079
798 0.658362
804 0.659592
818 0.660073
833 0.661632
840 0.661719
860 0.662337
863 0.662617
873 0.663707
875 0.664459
886 0.664613
888 0.66481
893 0.66493
895 0.665353
921 0.665416
929 0.665791
932 0.665898
942 0.666695
947 0.666804
963 0.66875
990 0.669434
996 0.670879
1003 0.671367
1040 0.672278
1053 0.673885
1055 0.674962
1069 0.67632
1072 0.677101
1102 0.678213
1115 0.679369
1126 0.679953
1134 0.680072
1139 0.680512
1145 0.680958
1147 0.681154
1154 0.681318
1155 0.682083
1158 0.682827
1226 0.68292
1245 0.683313
1296 0.683457
1342 0.683847
1347 0.684255
1365 0.68505
1371 0.686166
1407 0.686177
1408 0.686261
1410 0.686618
1417 0.686801
1438 0.686951
1473 0.68745
1534 0.687654
1664 0.687782
1666 0.687976
1733 0.688009
1738 0.689419
1797 0.689468
1808 0.689875
1825 0.690387
1834 0.690911
1842 0.690916
1861 0.691101
1874 0.691184
1917 0.691736
1963 0.692028
2017 0.693582
2104 0.693654
2169 0.69415
2221 0.695728
2269 0.697772
2271 0.699428
2348 0.699979
2351 0.700727
2498 0.700829
2500 0.702068
2686 0.702201
2756 0.703128
2818 0.703623
3076 0.703749
3406 0.703863
3644 0.703943
3710 0.70484
4044 0.704999
4225 0.705435
4291 0.705497
4330 0.707063
4474 0.707458
4740 0.707574
5080 0.708156
