0 0.508467
2 0.510201
3 0.51175
4 0.513412
8 0.514101
9 0.51505
10 0.515592
11 0.517
12 0.517812
15 0.518955
16 0.519848
18 0.522978
19 0.523624
20 0.523708
21 0.52521
23 0.527939
25 0.528927
28 0.529817
29 0.530952
30 0.532421
32 0.533174
37 0.533481
38 0.535933
39 0.536298
41 0.537605
44 0.538817
46 0.540393
47 0.54179
51 0.542678
53 0.5427
54 0.542829
56 0.544364
61 0.545737
65 0.546975
66 0.548805
67 0.549063
70 0.549618
72 0.549967
74 0.552451
76 0.552745
77 0.553137
83 0.553874
86 0.555839
88 0.556668
89 0.556973
90 0.558049
97 0.558685
101 0.559168
103 0.559947
104 0.560847
105 0.561796
108 0.562041
111 0.564046
113 0.564451
115 0.565343
116 0.565522
128 0.566999
129 0.567061
130 0.569328
133 0.570352
136 0.571669
137 0.572447
141 0.573651
145 0.574125
146 0.576095
155 0.576501
157 0.577478
162 0.57759
163 0.578572
164 0.580152
168 0.581479
173 0.583722
174 0.585341
176 0.588221
182 0.588601
189 0.588997
190 0.589833
192 0.590777
198 0.590929
203 0.591198
208 0.592897
209 0.593363
211 0.593399
213 0.593747
216 0.594613
238 0.596426
240 0.596989
241 0.597502
243 0.598017
246 0.598159
249 0.598917
260 0.60083
261 0.601453
265 0.603108
267 0.604339
274 0.604365
281 0.606391
285 0.608804
288 0.610018
292 0.611603
293 0.612253
295 0.61261
308 0.613661
309 0.614778
321 0.61516
322 0.615558
326 0.615919
332 0.616018
335 0.616053
340 0.616722
344 0.617347
349 0.619382
356 0.619838
357 0.620561
358 0.620977
360 0.621101
362 0.622159
365 0.622646
367 0.623137
370 0.623851
376 0.624608
380 0.624981
381 0.625546
392 0.626763
395 0.627398
399 0.628105
401 0.629646
417 0.630295
423 0.63084
432 0.630907
443 0.631446
457 0.632231
463 0.632499
464 0.6326
469 0.633516
472 0.633858
473 0.634743
477 0.6348
480 0.635181
497 0.635217
500 0.635485
511 0.635684
523 0.637753
530 0.638144
543 0.638331
549 0.638888
550 0.638955
563 0.639928
565 0.640816
566 0.641662
569 0.642607
572 0.642807
579 0.642879
583 0.643744
594 0.644191
595 0.644218
598 0.644948
622 0.645236
625 0.645762
631 0.646302
635 0.646818
636 0.647565
637 0.64803
646 0.648358
655 0.648687
675 0.650071
688 0.650368
699 0.650381
705 0.650992
706 0.651243
710 0.651347
716 0.651729
729 0.652434
732 0.654599
742 0.656103
749 0.656768
770 0.65746
806 0.657528
811 0.658433
821 0.659717
846 0.661986
858 0.663885
860 0.66517
867 0.6655
868 0.66577
878 0.66582
893 0.667861
907 0.668273
916 0.668294
923 0.668922
924 0.670348
947 0.671465
958 0.671672
963 0.673179
965 0.674087
975 0.674504
987 0.674577
991 0.674854
994 0.675468
1008 0.676727
1023 0.67699
1027 0.677504
1031 0.678598
1041 0.680344
1042 0.681646
1108 0.681774
1137 0.681871
1138 0.681887
1163 0.681919
1231 0.684389
1240 0.684807
1243 0.685116
1259 0.685326
1265 0.685579
1331 0.685775
1346 0.685864
1457 0.686521
1470 0.687081
1526 0.687692
1579 0.688634
1686 0.689355
1761 0.689782
1772 0.689833
1846 0.690453
1865 0.690824
1928 0.691089
2030 0.692549
2074 0.69259
2193 0.692679
2223 0.692749
2225 0.69289
2286 0.69296
2315 0.693521
2324 0.693691
2427 0.69573
2572 0.696508
2775 0.697512
2815 0.698104
3009 0.698641
3023 0.699386
3244 0.700786
3730 0.701047
4083 0.701263
