0 0.505632
2 0.506176
4 0.506211
11 0.506481
13 0.507378
20 0.508345
24 0.508547
29 0.510145
30 0.510547
33 0.512281
34 0.513603
40 0.514508
43 0.514801
47 0.516363
49 0.519481
50 0.520161
52 0.521862
55 0.523286
57 0.52396
58 0.524039
60 0.524339
61 0.524628
62 0.525658
66 0.526593
67 0.530063
70 0.531291
76 0.531797
77 0.532023
80 0.532618
84 0.532753
92 0.534124
93 0.534909
96 0.536718
98 0.536886
106 0.538327
109 0.539907
110 0.540245
112 0.540632
113 0.541316
117 0.543065
123 0.544456
124 0.54572
128 0.545738
129 0.546215
131 0.54736
132 0.55007
136 0.551072
137 0.55169
140 0.552978
141 0.553419
144 0.553524
147 0.554094
149 0.55504
152 0.555462
157 0.555816
158 0.557972
164 0.558661
167 0.558727
170 0.559704
174 0.561057
179 0.564647
186 0.564798
191 0.566356
196 0.566361
197 0.567084
203 0.567722
206 0.567881
207 0.569161
210 0.569212
212 0.569236
214 0.570506
219 0.570806
228 0.571015
230 0.573038
233 0.575176
243 0.575593
245 0.578077
246 0.579839
251 0.581957
254 0.583654
257 0.583711
262 0.584614
265 0.586501
266 0.586527
269 0.587616
271 0.588177
272 0.588988
278 0.589474
285 0.589931
287 0.590254
298 0.590426
304 0.590784
312 0.591838
316 0.593469
318 0.594921
322 0.595048
325 0.595948
327 0.596209
330 0.5985
332 0.598583
333 0.599242
334 0.600762
336 0.601322
338 0.602101
344 0.602463
349 0.602898
354 0.603754
358 0.605768
366 0.608091
374 0.610092
375 0.610647
377 0.610939
381 0.611144
385 0.612424
388 0.613414
389 0.614739
392 0.615345
394 0.616035
396 0.616626
403 0.617307
417 0.61736
418 0.61954
426 0.620182
432 0.620541
434 0.620797
436 0.621411
437 0.622696
447 0.622857
448 0.62505
454 0.625627
458 0.626293
467 0.627568
470 0.628487
474 0.629513
481 0.630451
487 0.631205
496 0.631609
497 0.632038
502 0.632163
504 0.632944
513 0.633769
514 0.634724
515 0.634942
524 0.635755
535 0.638174
540 0.639151
546 0.63935
550 0.63943
553 0.640642
566 0.641057
571 0.641605
575 0.642038
586 0.643766
595 0.644191
597 0.645062
599 0.646614
610 0.647041
611 0.647049
613 0.647144
618 0.647317
620 0.648432
625 0.648713
626 0.650468
629 0.65086
630 0.651152
633 0.651311
639 0.652277
654 0.653302
658 0.653587
670 0.655009
682 0.655135
684 0.65555
705 0.657478
714 0.65793
717 0.658486
720 0.658523
724 0.658525
743 0.6591
744 0.659336
752 0.659355
760 0.660093
765 0.660868
784 0.662521
796 0.66311
808 0.664262
819 0.664363
831 0.664764
839 0.66664
842 0.667493
873 0.668259
881 0.670516
902 0.670642
905 0.671329
918 0.672
920 0.6728
933 0.672816
939 0.672848
947 0.67357
950 0.674947
960 0.675145
962 0.675198
996 0.675236
999 0.676149
1003 0.676182
1014 0.676631
1022 0.677118
1053 0.678498
1061 0.678718
1073 0.679741
1080 0.680088
1081 0.680175
1094 0.68027
1108 0.680482
1129 0.681275
1148 0.682048
1168 0.683697
1173 0.683924
1180 0.685978
1271 0.686559
1316 0.686568
1323 0.686913
1356 0.687541
1369 0.68759
1389 0.688173
1449 0.68879
1553 0.688933
1583 0.689834
1607 0.690184
1647 0.691014
1711 0.691334
1720 0.692361
1764 0.69265
1781 0.692953
1810 0.693171
1920 0.694469
1924 0.695291
1952 0.695729
1969 0.696079
2027 0.696131
2053 0.696257
2092 0.696383
2143 0.697023
2228 0.698094
2281 0.698853
2324 0.698922
2431 0.700153
2511 0.701334
2576 0.701654
2884 0.702486
3083 0.702737
3086 0.703455
3099 0.704428
3182 0.705226
3596 0.705436
3977 0.705545
