0 0.498282
2 0.498559
3 0.499784
5 0.500559
8 0.501002
11 0.501152
12 0.501577
13 0.503917
14 0.504889
19 0.505567
20 0.505876
23 0.506157
24 0.508252
26 0.509439
29 0.509935
30 0.511502
36 0.512301
39 0.51335
43 0.515295
47 0.515793
48 0.51728
53 0.519467
61 0.520222
62 0.523169
63 0.524694
65 0.525496
70 0.525655
71 0.526333
73 0.527325
74 0.527739
75 0.528642
80 0.530447
82 0.532041
86 0.532918
87 0.5339
88 0.534159
89 0.535558
94 0.536104
96 0.536881
98 0.538072
103 0.538241
111 0.540209
116 0.542675
117 0.542842
118 0.542916
121 0.543375
124 0.545551
125 0.5472
127 0.548525
129 0.54929
131 0.549691
135 0.549909
136 0.550001
137 0.552898
139 0.554
145 0.55484
147 0.555814
150 0.557769
152 0.559067
160 0.559781
161 0.560834
169 0.562058
179 0.56272
180 0.563336
182 0.566813
184 0.568477
189 0.569833
192 0.572227
193 0.572473
197 0.572612
199 0.574439
200 0.574678
202 0.576065
203 0.57642
207 0.577634
208 0.577978
213 0.581007
217 0.581112
222 0.582045
232 0.5825
237 0.582802
240 0.583807
242 0.584988
251 0.585319
253 0.585817
254 0.586371
259 0.586742
265 0.587443
270 0.587888
279 0.58966
289 0.59077
290 0.592087
293 0.593243
297 0.594684
302 0.595051
311 0.595838
312 0.595913
321 0.596296
323 0.596322
324 0.596462
325 0.597574
329 0.598733
345 0.599339
346 0.599735
348 0.601651
352 0.602262
353 0.603588
355 0.603676
361 0.606434
368 0.60788
371 0.608053
373 0.608686
375 0.609917
377 0.61054
382 0.610906
384 0.611162
386 0.611255
389 0.611911
395 0.612708
398 0.613307
401 0.614778
405 0.615426
409 0.61595
416 0.617587
417 0.617929
418 0.619239
420 0.620157
422 0.62084
424 0.621792
427 0.622654
433 0.623542
434 0.624359
436 0.624874
444 0.625604
456 0.625677
458 0.625983
461 0.627655
468 0.628959
475 0.630087
478 0.630262
481 0.631007
487 0.631127
490 0.631495
503 0.633031
511 0.633537
523 0.634051
529 0.634155
531 0.634952
532 0.63646
534 0.636802
536 0.637194
540 0.637885
541 0.638028
543 0.638146
553 0.638929
559 0.639394
564 0.639602
566 0.640242
568 0.640351
579 0.640908
593 0.641275
610 0.641335
616 0.64154
618 0.64272
657 0.642835
673 0.643427
677 0.6442
679 0.645102
696 0.645259
701 0.646525
708 0.648204
714 0.648626
723 0.64926
725 0.650958
730 0.651232
738 0.652111
747 0.652398
749 0.653577
758 0.653654
765 0.655796
766 0.656123
813 0.657831
815 0.659458
821 0.659848
825 0.659934
827 0.660515
849 0.660836
864 0.662086
866 0.665748
868 0.665865
884 0.665977
886 0.666437
915 0.66684
933 0.667159
939 0.667193
947 0.667415
948 0.668582
963 0.669071
964 0.670636
971 0.67144
973 0.671713
974 0.672918
991 0.673636
999 0.673853
1000 0.674279
1024 0.674844
1028 0.675185
1045 0.675819
1051 0.675901
1053 0.677903
1072 0.678997
1081 0.679095
1085 0.68009
1086 0.680117
1111 0.683897
1144 0.685052
1158 0.686077
1171 0.687647
1181 0.688413
1188 0.689774
1219 0.690332
1226 0.691092
1248 0.692584
1313 0.69449
1339 0.695579
1345 0.697792
1421 0.698956
1426 0.700386
1429 0.700732
1439 0.702088
1450 0.702334
1483 0.702802
1502 0.703263
1592 0.70369
1648 0.704728
1659 0.704909
1672 0.705704
1737 0.707544
1753 0.707839
1781 0.708007
1797 0.708148
1836 0.708691
1889 0.708882
1914 0.709225
2116 0.709693
2360 0.71123
2496 0.711271
