0 0.513756
2 0.514048
3 0.515652
7 0.519065
8 0.51944
9 0.519554
10 0.521909
15 0.521946
17 0.52482
18 0.526549
19 0.527865
20 0.528906
23 0.531975
25 0.533965
28 0.536085
32 0.53671
33 0.537044
35 0.537475
37 0.537746
39 0.537797
42 0.539344
45 0.540798
46 0.541503
48 0.541562
52 0.54245
57 0.544135
58 0.54414
61 0.545969
62 0.546992
63 0.549924
66 0.549993
72 0.553733
79 0.554499
80 0.55637
86 0.557183
88 0.557281
91 0.55741
98 0.558991
101 0.562032
103 0.566364
107 0.56686
108 0.567567
110 0.568714
112 0.56962
114 0.569852
118 0.570087
122 0.571515
125 0.574252
132 0.574606
134 0.574678
137 0.574859
138 0.575494
140 0.57557
141 0.576729
145 0.577135
146 0.578763
148 0.57919
153 0.579745
162 0.581054
166 0.584962
168 0.585551
171 0.585962
172 0.587126
174 0.587579
194 0.58809
196 0.589743
198 0.590799
201 0.591309
202 0.593094
204 0.593684
215 0.594997
216 0.596574
217 0.598243
218 0.598355
226 0.598404
228 0.598434
236 0.598712
245 0.599397
250 0.599875
252 0.601279
253 0.604013
258 0.60503
259 0.60521
261 0.606267
264 0.60786
268 0.607978
274 0.610668
275 0.61095
278 0.613915
281 0.615239
283 0.615671
288 0.617147
303 0.618309
306 0.618348
312 0.618603
321 0.61907
327 0.620346
328 0.622292
330 0.622466
334 0.622984
336 0.623399
353 0.624005
361 0.624852
362 0.625757
366 0.625769
367 0.625919
369 0.626319
375 0.626798
378 0.626908
382 0.628075
387 0.629105
388 0.6301
394 0.63045
395 0.631241
396 0.63127
401 0.632957
404 0.634106
430 0.634485
432 0.634763
439 0.634893
445 0.636182
452 0.63653
458 0.63673
469 0.63694
477 0.638755
479 0.639734
492 0.639914
493 0.640808
501 0.641358
513 0.641532
514 0.641614
524 0.643671
525 0.643686
545 0.644748
553 0.645309
559 0.645708
572 0.646231
576 0.647846
589 0.648577
590 0.648665
595 0.648852
609 0.649605
612 0.650165
613 0.650338
614 0.651053
615 0.651427
620 0.652424
621 0.653294
642 0.653733
646 0.65462
650 0.655808
652 0.657814
657 0.65831
666 0.659377
670 0.660381
676 0.661016
677 0.661323
686 0.661758
688 0.663292
698 0.663709
700 0.663823
720 0.663993
727 0.664
751 0.664517
761 0.665021
763 0.665536
768 0.666174
776 0.666237
781 0.666382
789 0.667386
799 0.667637
808 0.667818
810 0.66846
819 0.668712
823 0.668726
841 0.669695
844 0.66991
856 0.670695
859 0.670824
865 0.671182
871 0.671571
876 0.671877
883 0.67373
888 0.673889
889 0.674161
919 0.674841
921 0.675266
924 0.675509
941 0.676691
977 0.677183
983 0.677241
992 0.677556
998 0.678378
1014 0.678888
1018 0.68005
1019 0.680135
1021 0.681252
1038 0.682326
1046 0.682464
1058 0.682955
1087 0.684173
1091 0.685339
1098 0.686368
1103 0.687423
1116 0.687514
1140 0.687912
1183 0.688347
1188 0.689344
1197 0.690929
1207 0.691285
1209 0.692304
1212 0.692661
1249 0.69269
1251 0.693197
1288 0.693502
1302 0.695207
1317 0.695219
1338 0.696575
1400 0.696789
1487 0.697651
1492 0.697849
1540 0.699141
1554 0.699899
1623 0.700073
1624 0.700441
1635 0.700467
1688 0.701157
1698 0.702266
1757 0.702869
1804 0.703085
1861 0.704517
1916 0.704561
1928 0.705192
1935 0.705875
1996 0.706256
2022 0.707613
2059 0.708279
2145 0.709135
2147 0.709362
2251 0.709522
2295 0.71027
2356 0.711227
2375 0.71233
2481 0.71356
2487 0.713982
2520 0.714223
2644 0.714872
2721 0.714952
2750 0.715488
2947 0.715606
