0 0.494824
1 0.495834
2 0.499074
3 0.503376
6 0.50363
9 0.50584
12 0.505976
14 0.506881
17 0.506907
18 0.509704
19 0.510885
20 0.512155
21 0.512947
22 0.513575
23 0.515947
26 0.517504
27 0.518522
34 0.519255
35 0.520323
36 0.521198
38 0.522587
39 0.523354
40 0.525164
41 0.526465
46 0.527603
47 0.529901
48 0.530084
49 0.531661
50 0.532822
52 0.532919
53 0.534654
54 0.537121
56 0.537589
58 0.538085
62 0.540046
64 0.540138
65 0.54172
66 0.542213
67 0.542866
69 0.545592
70 0.548127
72 0.549479
73 0.549521
77 0.549708
78 0.549862
80 0.550379
81 0.550852
82 0.551587
86 0.552735
90 0.555187
91 0.555465
92 0.55667
93 0.558033
97 0.559101
102 0.559941
103 0.561703
112 0.561733
113 0.561969
114 0.562173
119 0.563498
125 0.564481
126 0.564581
128 0.566118
131 0.566133
135 0.56629
137 0.566655
140 0.566942
142 0.567085
144 0.567426
151 0.567625
156 0.568619
160 0.568672
162 0.569273
165 0.569392
166 0.57016
167 0.570446
168 0.570964
169 0.571068
170 0.572378
173 0.574133
179 0.574247
180 0.574307
182 0.575479
184 0.57586
185 0.577921
186 0.579737
187 0.580839
188 0.581547
189 0.583016
190 0.584312
195 0.585667
196 0.586779
197 0.587043
200 0.588444
202 0.589474
213 0.590047
215 0.591033
221 0.591889
222 0.59247
223 0.593254
225 0.593955
227 0.594275
231 0.594713
240 0.596411
241 0.596541
242 0.597202
244 0.597589
245 0.598669
246 0.599619
251 0.600144
257 0.601152
265 0.601281
266 0.601491
268 0.601901
275 0.603517
276 0.603742
279 0.604301
283 0.604369
289 0.606901
291 0.608527
296 0.60913
299 0.609138
300 0.609473
305 0.609975
307 0.610197
313 0.611514
315 0.613341
320 0.615346
324 0.615975
327 0.616768
333 0.617438
348 0.618211
360 0.618617
364 0.618868
366 0.619924
371 0.61993
372 0.6202
373 0.621601
379 0.622165
380 0.622391
393 0.623332
394 0.624244
396 0.6249
398 0.625259
403 0.625313
404 0.626375
421 0.627112
426 0.62811
431 0.628543
443 0.629646
447 0.631104
453 0.631461
454 0.632675
460 0.632895
473 0.634932
480 0.635299
483 0.636729
484 0.63889
486 0.640744
504 0.640984
508 0.641226
511 0.641636
515 0.641805
516 0.642778
527 0.64365
528 0.643712
534 0.644533
541 0.645191
543 0.646095
546 0.646248
547 0.647441
553 0.647742
557 0.647752
563 0.64921
571 0.650375
594 0.65062
608 0.651459
613 0.653478
647 0.654077
653 0.654098
654 0.655538
656 0.655797
663 0.656176
669 0.656491
671 0.658334
682 0.660161
690 0.662549
694 0.662583
720 0.662954
721 0.664653
731 0.665823
742 0.666854
744 0.666895
746 0.667241
748 0.668753
752 0.668891
757 0.669543
758 0.670123
765 0.670867
777 0.671096
788 0.672378
801 0.672508
814 0.672663
836 0.673277
912 0.673417
920 0.67367
931 0.674008
935 0.674314
939 0.674582
976 0.67562
1000 0.677009
1014 0.678824
1023 0.678856
1028 0.67887
1029 0.679251
1038 0.679902
1055 0.679982
1094 0.680229
1119 0.681883
1142 0.681963
1145 0.682179
1148 0.682995
1173 0.682999
1193 0.683064
1208 0.683291
1215 0.684033
1224 0.684512
1242 0.685971
1258 0.687156
1309 0.687174
1342 0.687597
1345 0.687632
1350 0.688327
1397 0.689642
1412 0.689782
1422 0.68982
1432 0.690022
1436 0.690212
1437 0.690464
1440 0.690563
1466 0.690781
1487 0.691865
1489 0.692488
1496 0.692852
1532 0.693347
1603 0.6939
1604 0.694571
1610 0.695237
1611 0.695807
1613 0.697933
1617 0.699203
1630 0.700297
1643 0.700303
1713 0.700834
1823 0.701259
1835 0.701285
1866 0.701355
1878 0.70161
1941 0.702147
1976 0.702462
1979 0.702743
2005 0.703299
2019 0.703832
2040 0.704683
2124 0.705501
2262 0.706276
2416 0.706379
2494 0.707176
2531 0.707272
2737 0.707412
2761 0.708494
2796 0.708596
2878 0.708847
2956 0.709022
2964 0.710271
3025 0.710332
3310 0.71089
3425 0.711013
3501 0.711698
