0 0.506503
2 0.507408
6 0.510027
7 0.510315
12 0.511081
13 0.512671
15 0.514013
16 0.515077
20 0.515576
21 0.516791
23 0.518092
28 0.520042
29 0.520304
33 0.520511
39 0.52099
41 0.523475
42 0.523934
43 0.525177
45 0.525225
51 0.525557
52 0.526189
54 0.526295
55 0.527395
57 0.528892
58 0.529291
60 0.530685
62 0.532016
67 0.532039
68 0.534524
72 0.535202
78 0.53662
79 0.537671
80 0.539282
81 0.540746
82 0.541623
83 0.541947
86 0.542213
87 0.543738
91 0.545744
94 0.547174
95 0.547348
97 0.547703
100 0.548206
101 0.54852
105 0.548801
106 0.548976
109 0.550328
112 0.550354
115 0.550622
118 0.552476
121 0.552491
126 0.553396
127 0.55367
129 0.554948
130 0.55589
134 0.558231
135 0.558579
136 0.559726
137 0.561007
141 0.561702
142 0.562097
144 0.563809
147 0.566872
150 0.567951
152 0.568395
155 0.568858
162 0.570332
166 0.572364
168 0.572372
169 0.573903
176 0.574667
178 0.575314
179 0.575806
180 0.575852
181 0.576383
190 0.577713
195 0.578388
198 0.578967
204 0.579912
214 0.580238
215 0.581201
221 0.581274
238 0.58308
246 0.583924
252 0.584517
256 0.585358
268 0.587488
272 0.589218
274 0.589435
277 0.589578
292 0.58966
294 0.59043
301 0.591183
303 0.593014
304 0.594558
309 0.594991
322 0.596231
323 0.596923
324 0.597239
328 0.597776
334 0.599017
335 0.601059
336 0.60232
350 0.603551
354 0.605107
366 0.605649
368 0.60691
372 0.608266
374 0.608532
383 0.6088
389 0.609182
393 0.609771
396 0.610433
397 0.6127
398 0.614427
399 0.61446
405 0.614466
406 0.615496
408 0.618193
410 0.620318
411 0.621615
417 0.621682
423 0.622108
435 0.622913
439 0.623667
458 0.625373
461 0.625567
462 0.625978
467 0.626292
470 0.626802
472 0.628677
476 0.62902
478 0.630777
480 0.631134
481 0.632033
483 0.632447
488 0.632726
499 0.632869
501 0.633431
502 0.634013
514 0.635021
515 0.637108
524 0.637195
530 0.637494
545 0.638396
557 0.638698
569 0.639143
576 0.640004
593 0.64039
596 0.640549
605 0.642322
620 0.642369
625 0.643537
626 0.644516
629 0.644572
646 0.644604
650 0.645293
679 0.64607
681 0.6478
692 0.64818
729 0.64985
735 0.652741
756 0.652915
797 0.652957
801 0.654027
813 0.654413
841 0.65489
842 0.655002
850 0.65549
851 0.655976
854 0.65675
859 0.656865
865 0.657983
891 0.658669
917 0.660138
928 0.662228
940 0.66429
967 0.664526
981 0.664802
987 0.665177
996 0.666264
1055 0.666713
1083 0.666751
1091 0.667599
1092 0.667739
1109 0.667957
1111 0.668328
1133 0.6698
1170 0.670998
1171 0.671415
1197 0.671778
1202 0.673568
1214 0.673621
1250 0.67485
1260 0.674968
1274 0.676244
1286 0.67754
1300 0.67913
1342 0.680255
1343 0.682408
1404 0.682691
1439 0.684008
1442 0.684048
1464 0.684459
1491 0.685924
1539 0.686854
1540 0.686923
1578 0.687267
1590 0.68749
1608 0.688916
1617 0.689712
1630 0.690502
1689 0.691158
1749 0.691763
1755 0.692772
1849 0.69527
1938 0.695519
1957 0.696461
1995 0.696887
2022 0.697394
2042 0.698293
2058 0.699496
2285 0.699512
2294 0.700056
2368 0.701101
2401 0.70121
2474 0.701345
2507 0.701504
2721 0.701964
2760 0.701978
2904 0.702066
2931 0.703611
2939 0.704424
3200 0.705189
3484 0.706754
3857 0.70719
4206 0.707504
4322 0.707701
4831 0.707763
5201 0.709898
