0 0.479815
1 0.481457
4 0.484663
8 0.484712
9 0.48627
11 0.486294
14 0.487355
17 0.487727
19 0.489896
22 0.493271
23 0.494667
25 0.495519
26 0.497398
28 0.498743
31 0.500309
32 0.501004
35 0.503518
37 0.505462
39 0.505837
40 0.507798
42 0.511463
45 0.511958
46 0.51282
47 0.513725
50 0.515433
51 0.51723
52 0.517461
53 0.519348
56 0.519809
57 0.522566
58 0.522797
59 0.523854
61 0.524798
65 0.528016
67 0.528275
70 0.528547
73 0.528874
74 0.52932
79 0.530357
81 0.53085
83 0.53086
84 0.531531
86 0.532701
89 0.533257
90 0.533557
93 0.533597
94 0.533977
95 0.534772
96 0.535284
99 0.536718
100 0.538455
101 0.538496
105 0.541138
106 0.54138
112 0.541411
116 0.541875
122 0.542025
123 0.542688
125 0.544291
127 0.545066
130 0.545838
131 0.546981
134 0.547248
135 0.549452
137 0.550735
139 0.551184
142 0.55243
144 0.552969
148 0.553783
149 0.553878
151 0.555669
154 0.558055
155 0.5582
157 0.561462
158 0.562856
159 0.563074
166 0.564366
173 0.565959
176 0.5671
177 0.567919
178 0.568747
180 0.570464
181 0.572072
182 0.572274
189 0.572542
190 0.575049
192 0.577441
195 0.578352
196 0.57937
207 0.579639
209 0.579705
210 0.579757
211 0.580722
216 0.580843
218 0.581944
219 0.584356
221 0.584663
226 0.585509
227 0.585899
234 0.586464
236 0.586527
239 0.587343
245 0.587932
248 0.588125
249 0.588551
252 0.589081
260 0.589333
263 0.590767
270 0.591743
271 0.593281
275 0.593497
283 0.593561
287 0.593866
289 0.594228
297 0.59469
305 0.595827
317 0.59762
321 0.598764
324 0.600403
329 0.602211
330 0.603116
332 0.603251
337 0.604337
339 0.608512
349 0.610177
368 0.61128
373 0.611408
376 0.612098
382 0.612297
385 0.612917
392 0.613991
395 0.614148
402 0.614306
404 0.614786
409 0.616304
412 0.616551
416 0.617646
419 0.61883
426 0.619071
429 0.620293
433 0.621656
445 0.621713
449 0.622317
459 0.623289
468 0.623549
474 0.623981
475 0.625367
478 0.62559
485 0.625912
490 0.626299
494 0.626492
522 0.626536
526 0.626969
527 0.627879
534 0.628776
535 0.629306
548 0.629718
555 0.630398
558 0.630874
564 0.631761
567 0.633082
585 0.633336
599 0.634996
606 0.636265
607 0.637224
609 0.638096
619 0.639316
634 0.640805
635 0.642601
636 0.644511
648 0.645367
688 0.645525
692 0.645923
694 0.646823
695 0.647841
696 0.649498
697 0.650184
708 0.650662
711 0.650945
728 0.652513
732 0.652923
748 0.653931
751 0.654174
770 0.655577
776 0.655579
777 0.656694
779 0.656813
820 0.657085
825 0.657202
843 0.6573
859 0.65812
860 0.659267
863 0.659356
895 0.659847
899 0.660262
903 0.660582
920 0.660855
923 0.661829
946 0.66223
947 0.662905
957 0.663182
968 0.664061
978 0.664309
984 0.664894
988 0.665431
1017 0.667093
1030 0.668839
1039 0.66989
1040 0.670022
1060 0.670213
1072 0.670333
1075 0.670877
1091 0.671353
1099 0.672754
1147 0.673379
1159 0.673789
1162 0.673793
1170 0.675088
1188 0.676297
1198 0.678907
1203 0.679372
1217 0.679415
1243 0.679441
1246 0.681765
1261 0.681961
1268 0.682328
1287 0.682565
1288 0.682839
1299 0.683698
1300 0.683827
1340 0.683849
1349 0.684669
1367 0.685211
1420 0.685626
1431 0.685798
1466 0.686512
1472 0.687331
1478 0.687376
1479 0.688035
1496 0.689144
1514 0.690029
1564 0.690045
1569 0.691002
1599 0.691015
1612 0.692568
1641 0.693086
1715 0.693839
1724 0.694978
1727 0.696077
1793 0.69676
1813 0.69786
1851 0.698343
1877 0.699973
1892 0.700227
1901 0.701984
1942 0.702158
2023 0.703411
2037 0.703836
2043 0.704118
2090 0.704277
2138 0.704374
2157 0.7045
2223 0.705143
2241 0.705572
2270 0.705874
2394 0.705924
2440 0.706947
2445 0.707668
2513 0.708337
2682 0.708974
2696 0.709109
2851 0.71034
3069 0.710457
3253 0.711964
3416 0.71276
3529 0.713844
3541 0.714486
3705 0.714559
3842 0.714993
4104 0.715735
4216 0.715818
4383 0.716246
4481 0.717243
4557 0.717264
