0 0.499128
1 0.502898
4 0.50526
9 0.50911
10 0.510499
11 0.512599
16 0.5137
17 0.514562
19 0.514733
20 0.515215
21 0.5157
24 0.516027
25 0.517109
26 0.518685
28 0.518883
32 0.519044
34 0.520296
36 0.520629
38 0.521148
44 0.521581
47 0.522505
51 0.524071
53 0.524167
55 0.524429
56 0.525545
59 0.526005
60 0.52613
64 0.526711
65 0.528116
68 0.528359
69 0.529296
70 0.529642
74 0.531488
77 0.531596
78 0.533313
79 0.534605
83 0.534869
86 0.534978
87 0.536824
88 0.538589
92 0.541299
94 0.543142
98 0.543969
100 0.544503
101 0.545153
102 0.546648
108 0.547107
109 0.547172
112 0.548812
113 0.549504
115 0.550039
116 0.551309
118 0.552985
119 0.553618
120 0.554014
121 0.554366
122 0.555279
124 0.557681
125 0.558323
126 0.560327
127 0.560928
129 0.561012
136 0.562017
139 0.562241
140 0.562796
141 0.564526
143 0.564832
146 0.565731
147 0.566761
150 0.568118
151 0.568832
152 0.569266
156 0.572069
160 0.573214
163 0.573674
168 0.576474
173 0.57721
175 0.578687
176 0.579059
181 0.579731
182 0.580634
185 0.582541
186 0.582551
190 0.58329
191 0.583755
195 0.584231
196 0.584931
197 0.585299
200 0.586012
202 0.587362
211 0.587466
212 0.587473
215 0.587908
220 0.591058
223 0.592089
226 0.592344
235 0.593102
241 0.596799
243 0.599819
244 0.600595
245 0.602345
246 0.603004
249 0.604195
256 0.604559
260 0.604858
263 0.605555
265 0.607412
272 0.607592
273 0.608253
277 0.609679
279 0.610602
282 0.612379
283 0.615239
309 0.615272
313 0.615301
318 0.616766
326 0.617946
328 0.618187
330 0.618961
333 0.618967
336 0.619705
337 0.620194
339 0.620508
349 0.622189
350 0.622737
371 0.622891
377 0.623753
387 0.624499
393 0.625276
395 0.625893
400 0.627347
404 0.627668
406 0.62795
411 0.629507
414 0.630735
422 0.631679
432 0.63235
434 0.633037
439 0.634645
447 0.635415
455 0.637586
456 0.638258
458 0.638286
463 0.639545
481 0.64196
494 0.643237
502 0.643301
510 0.645412
513 0.64713
517 0.648617
524 0.649313
533 0.649484
546 0.6508
548 0.651016
563 0.651517
569 0.652208
581 0.653123
605 0.653723
615 0.654764
616 0.655116
617 0.656783
619 0.657467
625 0.657758
626 0.658107
627 0.658798
630 0.660468
631 0.661227
636 0.662235
644 0.662498
648 0.66312
652 0.663703
654 0.664782
664 0.665483
665 0.665996
668 0.666121
671 0.666504
695 0.666678
698 0.666932
700 0.667367
708 0.668716
709 0.668935
722 0.669235
731 0.66967
750 0.670127
761 0.670409
778 0.671439
783 0.671865
798 0.67319
811 0.673964
818 0.673968
823 0.67479
870 0.674963
879 0.675017
901 0.676047
909 0.677525
911 0.678233
944 0.678299
972 0.679523
980 0.680113
1002 0.680963
1006 0.681774
1007 0.681974
1040 0.682078
1042 0.682469
1047 0.685566
1055 0.686231
1066 0.687189
1086 0.68807
1092 0.688742
1093 0.688782
1106 0.689611
1112 0.689721
1119 0.690691
1122 0.690814
1138 0.690897
1140 0.69114
1146 0.691218
1148 0.691362
1155 0.69143
1168 0.691831
1171 0.69252
1173 0.693316
1192 0.693495
1194 0.695149
1232 0.695205
1263 0.696292
1310 0.697372
1311 0.697407
1315 0.698251
1317 0.69941
1327 0.700749
1336 0.700934
1430 0.701315
1436 0.70143
1457 0.702058
1485 0.702402
1491 0.702547
1517 0.702834
1557 0.702904
1591 0.703174
1620 0.703973
1646 0.704535
1687 0.704599
1710 0.704645
1716 0.705206
1725 0.705733
1816 0.706357
1849 0.706469
1855 0.706993
1885 0.70734
1894 0.707812
1896 0.707982
2022 0.708581
2036 0.708591
2054 0.708975
2078 0.709122
2206 0.709655
2331 0.70975
2375 0.710899
2465 0.711176
2574 0.712291
2622 0.712871
2871 0.713124
2999 0.713204
3141 0.713402
3187 0.714211
3257 0.714297
