0 0.495361
2 0.497191
4 0.498347
7 0.49906
14 0.500112
17 0.503864
18 0.504444
22 0.505346
25 0.505553
28 0.506193
29 0.508499
31 0.50951
37 0.511022
38 0.511789
39 0.511939
42 0.513268
45 0.515789
47 0.518072
48 0.520252
51 0.522387
52 0.524927
53 0.526987
54 0.52812
55 0.528519
59 0.529741
61 0.531017
62 0.532168
63 0.533508
64 0.535308
65 0.536069
70 0.536214
74 0.537757
75 0.537856
77 0.537919
79 0.538638
82 0.541242
83 0.542073
89 0.542983
91 0.543913
92 0.544563
97 0.546263
110 0.546312
115 0.547624
116 0.551632
120 0.552959
121 0.553672
122 0.554272
123 0.554621
128 0.55474
129 0.555672
134 0.558386
135 0.55861
136 0.558941
138 0.560143
143 0.560987
146 0.561123
148 0.561412
150 0.562335
152 0.56341
154 0.563866
155 0.56402
165 0.564296
168 0.565903
169 0.566723
171 0.566999
172 0.567408
176 0.567512
184 0.568882
187 0.571006
188 0.571011
189 0.57284
203 0.574497
204 0.576469
207 0.579079
215 0.579526
216 0.579557
222 0.580341
226 0.580733
232 0.582319
234 0.583938
235 0.585678
238 0.586385
239 0.587022
242 0.588626
243 0.589686
246 0.590541
247 0.591043
254 0.592099
267 0.593138
268 0.593724
271 0.596388
273 0.597894
279 0.597939
281 0.5982
285 0.599943
294 0.600052
300 0.60073
301 0.600766
319 0.600808
323 0.604632
328 0.605813
330 0.606948
332 0.609132
336 0.611266
343 0.612008
344 0.612434
345 0.612863
352 0.613486
357 0.615544
360 0.616338
365 0.617785
372 0.618044
373 0.618604
376 0.619846
380 0.621787
381 0.622477
383 0.622597
384 0.623494
388 0.625196
389 0.625503
391 0.62582
392 0.62742
396 0.628388
402 0.628464
410 0.629105
416 0.629242
421 0.630342
445 0.630825
453 0.631446
455 0.633061
456 0.633859
459 0.63416
462 0.634403
468 0.634411
481 0.635252
497 0.63747
506 0.637712
508 0.637794
510 0.637907
511 0.639393
514 0.639524
516 0.64032
520 0.640982
528 0.641447
540 0.641643
541 0.644289
556 0.644374
559 0.64632
566 0.646979
582 0.647113
584 0.647193
596 0.647835
606 0.648381
613 0.65118
616 0.651451
621 0.652002
624 0.652864
640 0.653563
642 0.65626
643 0.657276
665 0.657986
694 0.658515
695 0.660872
705 0.6615
709 0.662129
714 0.662757
718 0.66278
735 0.663222
739 0.665571
751 0.66645
764 0.667383
775 0.668415
799 0.668952
806 0.669772
826 0.66979
841 0.67018
859 0.670421
861 0.670977
863 0.673092
876 0.675197
879 0.676714
881 0.67969
901 0.680304
907 0.680365
910 0.680633
916 0.680713
919 0.68112
929 0.682508
957 0.68279
959 0.685369
989 0.686059
995 0.686978
1009 0.687753
1010 0.688012
1014 0.688135
1020 0.69017
1022 0.690615
1029 0.690638
1038 0.691463
1069 0.692097
1105 0.692134
1111 0.692349
1150 0.693251
1190 0.693562
1199 0.69363
1247 0.693646
1265 0.693679
1321 0.693819
1326 0.693908
1344 0.693992
1427 0.694492
1446 0.694834
1453 0.696129
1460 0.696849
1517 0.696865
1520 0.698035
1570 0.698852
1574 0.698976
1586 0.699017
1625 0.700418
1648 0.700878
1669 0.70134
1692 0.702197
1743 0.702312
1744 0.7024
1766 0.702865
1802 0.703128
1843 0.704002
1859 0.704831
1901 0.70499
1915 0.706555
1955 0.706981
2069 0.708033
2245 0.708921
2310 0.709425
2443 0.709595
2640 0.709866
2942 0.710659
3223 0.712377
