0 0.481581
1 0.481998
2 0.482252
7 0.482267
8 0.484567
10 0.485438
12 0.486774
13 0.486998
14 0.488051
15 0.490717
18 0.490768
19 0.493519
20 0.493801
21 0.493803
22 0.494156
23 0.49432
25 0.498021
27 0.498038
29 0.49946
30 0.501552
31 0.502684
34 0.50471
41 0.505956
44 0.507296
45 0.507359
50 0.508666
56 0.510124
58 0.510747
59 0.511017
62 0.511375
63 0.512526
65 0.512601
69 0.512857
73 0.518067
75 0.519579
79 0.521444
80 0.523009
83 0.523503
87 0.524365
88 0.524641
91 0.525754
94 0.52592
97 0.526064
99 0.526975
100 0.53073
101 0.53126
103 0.531491
106 0.532245
111 0.532625
112 0.533256
117 0.534102
125 0.536767
132 0.538498
134 0.541572
135 0.542797
136 0.548216
137 0.548414
139 0.55333
142 0.553928
143 0.555284
145 0.55753
147 0.557558
152 0.557785
157 0.559162
158 0.560461
160 0.561426
162 0.561557
163 0.562019
165 0.562362
167 0.564001
169 0.564497
177 0.564958
180 0.565802
183 0.567446
192 0.568604
200 0.568685
201 0.570372
202 0.571068
203 0.572151
207 0.572871
210 0.574477
211 0.576279
216 0.577449
217 0.577717
220 0.578112
221 0.578182
230 0.579387
233 0.580414
240 0.580712
242 0.581094
244 0.581164
247 0.581551
256 0.582228
257 0.583295
261 0.585015
265 0.585405
275 0.585603
278 0.586386
284 0.586594
290 0.586677
291 0.587882
293 0.588397
298 0.588477
301 0.591081
302 0.594036
303 0.594361
304 0.595899
305 0.596116
306 0.600866
308 0.601244
311 0.602338
316 0.602827
321 0.602947
326 0.603689
328 0.604604
332 0.606628
333 0.607063
337 0.607077
339 0.607246
343 0.607505
344 0.608042
346 0.608756
352 0.609774
358 0.611293
360 0.6117
363 0.612048
372 0.612685
373 0.613591
374 0.615659
389 0.616932
391 0.61879
407 0.618897
409 0.619293
410 0.619634
421 0.620401
427 0.620966
428 0.623602
430 0.624883
443 0.626025
444 0.628423
470 0.628638
473 0.629052
479 0.629322
481 0.629971
483 0.630514
491 0.630969
494 0.631197
499 0.631413
504 0.632511
506 0.633004
509 0.634015
512 0.635763
513 0.63739
521 0.638012
527 0.638641
528 0.639856
533 0.640343
539 0.64149
543 0.642663
552 0.643373
554 0.64617
555 0.647194
560 0.647471
568 0.648389
573 0.648413
578 0.648728
596 0.649997
597 0.653474
600 0.654066
602 0.655456
603 0.655604
612 0.656121
617 0.656168
618 0.657085
620 0.657435
625 0.658246
648 0.658405
650 0.659268
652 0.659695
656 0.659849
659 0.66054
660 0.662448
661 0.662977
679 0.664292
706 0.664565
710 0.666356
717 0.667041
725 0.667812
739 0.668513
760 0.668629
767 0.669394
782 0.672823
795 0.673283
802 0.673496
813 0.674066
814 0.675
831 0.675009
834 0.67616
837 0.676802
843 0.677546
855 0.677861
863 0.677911
866 0.67828
867 0.678354
872 0.678637
873 0.680115
875 0.680869
889 0.682132
890 0.6824
891 0.682538
893 0.683495
896 0.68359
899 0.684264
911 0.684479
922 0.684539
923 0.685914
950 0.687013
968 0.687807
973 0.688893
979 0.690136
1001 0.690733
1043 0.692394
1047 0.6928
1060 0.694408
1062 0.69489
1064 0.695238
1072 0.695316
1089 0.69541
1107 0.696526
1119 0.697464
1132 0.698053
1137 0.699591
1138 0.700505
1151 0.700637
1158 0.701542
1239 0.701957
1266 0.702307
1281 0.702972
1296 0.703885
1301 0.704407
1324 0.704561
1334 0.704717
1397 0.705161
1404 0.705256
1478 0.705365
1525 0.705668
1545 0.705973
1550 0.7062
1575 0.706204
1639 0.706618
1694 0.706741
1752 0.706982
1775 0.707444
1796 0.709017
1874 0.710429
1938 0.711072
1963 0.71156
2094 0.712381
2104 0.71303
2124 0.71371
2145 0.714454
2222 0.714627
2251 0.714773
2376 0.715875
2442 0.717047
2656 0.717198
2704 0.718254
2727 0.718541
2802 0.719125
2970 0.719466
3089 0.71964
3153 0.720688
3211 0.721029
3454 0.721359
3507 0.72161
3737 0.722233
4215 0.722461
