0 0.514545
4 0.516994
6 0.518524
9 0.519698
12 0.523146
18 0.524219
19 0.525649
23 0.527006
25 0.529075
26 0.531385
29 0.532554
34 0.533351
35 0.535763
36 0.53583
38 0.536155
39 0.53637
42 0.540377
43 0.542126
44 0.543999
46 0.544996
47 0.545942
48 0.546739
50 0.546955
53 0.548036
56 0.548417
59 0.548947
61 0.549732
69 0.552036
72 0.552333
73 0.553801
75 0.554434
79 0.556555
82 0.558029
84 0.558842
85 0.56025
87 0.561256
89 0.561801
92 0.562488
93 0.563332
95 0.564906
97 0.565291
99 0.565537
100 0.567079
104 0.567708
105 0.567828
107 0.56881
111 0.569116
114 0.57023
115 0.571109
116 0.571907
118 0.571998
119 0.572577
120 0.57514
130 0.576671
132 0.576749
136 0.577954
140 0.579556
145 0.580706
147 0.581534
150 0.582037
152 0.583938
160 0.585461
162 0.587774
165 0.587891
168 0.588281
172 0.590312
178 0.591868
179 0.591973
182 0.593352
187 0.593676
191 0.595147
195 0.595894
198 0.596938
200 0.598972
201 0.599551
202 0.600025
203 0.600893
205 0.60105
206 0.602214
215 0.603657
216 0.604381
227 0.604644
229 0.604704
231 0.604877
232 0.606738
244 0.607119
245 0.607416
246 0.607511
247 0.607798
252 0.608109
254 0.608853
257 0.609094
260 0.609304
261 0.610028
277 0.610321
281 0.610461
286 0.611173
298 0.611824
300 0.613194
302 0.613375
303 0.616438
307 0.617659
310 0.618147
322 0.619265
327 0.619285
329 0.619314
330 0.620551
331 0.623375
337 0.623928
338 0.62449
339 0.624781
348 0.626311
351 0.626807
357 0.628425
361 0.62988
372 0.631176
378 0.63154
379 0.631682
382 0.632944
385 0.634099
387 0.635708
389 0.636381
395 0.63769
407 0.637814
411 0.638231
425 0.638818
428 0.642856
432 0.64293
440 0.64308
471 0.6448
478 0.644946
483 0.645071
485 0.645831
501 0.646115
519 0.646607
520 0.646651
523 0.648359
534 0.64865
544 0.650672
548 0.651219
552 0.651546
559 0.651578
593 0.65269
596 0.653086
598 0.653632
609 0.655535
617 0.655755
629 0.656304
633 0.65693
635 0.656998
636 0.657039
637 0.657155
645 0.658196
651 0.659281
657 0.659363
661 0.659531
662 0.66064
681 0.661042
695 0.662159
710 0.662823
712 0.664631
728 0.665503
729 0.666359
730 0.667929
743 0.668236
746 0.668909
747 0.671972
753 0.672001
760 0.672218
763 0.673255
776 0.67405
778 0.674848
780 0.67639
782 0.67657
795 0.67766
796 0.678234
798 0.678758
822 0.679808
834 0.680488
848 0.682613
888 0.682634
897 0.682841
921 0.683078
956 0.684213
962 0.684228
984 0.68602
985 0.686844
1012 0.689412
1014 0.689612
1020 0.690355
1056 0.691017
1064 0.691144
1065 0.691443
1083 0.692804
1096 0.693682
1110 0.694188
1154 0.695046
1162 0.695154
1167 0.695408
1230 0.695426
1272 0.695621
1277 0.695708
1295 0.695862
1305 0.696399
1394 0.696844
1429 0.697494
1434 0.697583
1489 0.697763
1501 0.698419
1522 0.698615
1666 0.699355
1685 0.699636
1702 0.700821
1738 0.70164
1803 0.703159
1908 0.704148
1948 0.704306
2000 0.704649
2058 0.70614
2189 0.706259
2207 0.706541
2311 0.70692
2333 0.707268
2461 0.707355
2533 0.707618
2565 0.708849
2605 0.709446
2766 0.709953
2897 0.709967
3003 0.710796
3245 0.712183
3535 0.712609
3904 0.712763
