0 0.508816
2 0.510435
4 0.510928
5 0.511698
6 0.512506
7 0.518415
10 0.51847
11 0.522425
13 0.522635
14 0.523516
15 0.523583
16 0.52574
17 0.526637
20 0.527444
23 0.528025
25 0.529682
30 0.530789
31 0.530905
33 0.533657
35 0.534075
39 0.534174
40 0.536734
41 0.537076
42 0.537581
49 0.538693
52 0.541222
53 0.541698
55 0.542132
56 0.543848
60 0.54587
63 0.546314
65 0.547032
66 0.547205
67 0.547788
72 0.550356
73 0.551515
77 0.552071
78 0.553732
83 0.554641
85 0.555027
92 0.557547
94 0.558079
96 0.559333
97 0.561225
102 0.563277
103 0.563496
104 0.565745
107 0.56575
108 0.566005
110 0.566212
113 0.566496
115 0.568106
118 0.569857
121 0.571857
123 0.572199
124 0.573351
125 0.574121
128 0.574178
133 0.574864
139 0.575575
142 0.577433
146 0.577896
148 0.578768
150 0.579972
151 0.581957
156 0.583941
163 0.583989
165 0.584632
166 0.586061
169 0.588205
179 0.589144
181 0.589874
185 0.590054
192 0.590445
197 0.591341
210 0.592279
216 0.592341
221 0.59304
228 0.59481
235 0.594859
236 0.5953
237 0.595422
245 0.598541
254 0.59939
261 0.599974
263 0.600638
264 0.601821
266 0.602856
272 0.604569
273 0.604963
276 0.607967
278 0.608008
279 0.610692
280 0.61134
282 0.611699
283 0.611819
284 0.612468
286 0.612699
292 0.614157
299 0.615114
307 0.617725
313 0.620384
315 0.621426
334 0.621746
335 0.622061
342 0.62209
355 0.623687
366 0.623965
370 0.625008
376 0.625276
382 0.626343
391 0.62804
392 0.629218
395 0.631888
410 0.632612
411 0.633138
418 0.633583
420 0.63397
423 0.633995
424 0.636088
428 0.636579
444 0.63662
445 0.637034
447 0.637605
457 0.639014
458 0.639059
460 0.639793
461 0.64094
462 0.642064
464 0.644625
488 0.645379
493 0.646534
496 0.648377
498 0.648922
503 0.649302
507 0.649431
513 0.649859
524 0.652623
526 0.652941
527 0.65342
535 0.653572
538 0.655493
565 0.656621
567 0.656938
574 0.657174
583 0.657992
586 0.658187
589 0.658561
604 0.659762
614 0.660356
619 0.66096
627 0.662365
628 0.663229
642 0.663901
646 0.663923
647 0.665409
658 0.665537
661 0.667343
665 0.668072
670 0.668373
685 0.668934
688 0.668975
692 0.669688
694 0.670257
718 0.671281
727 0.671435
740 0.672313
744 0.672745
746 0.674274
748 0.674318
751 0.674404
774 0.674551
824 0.675892
854 0.676275
864 0.676408
867 0.676522
876 0.677877
877 0.678001
889 0.678024
895 0.678104
945 0.678191
994 0.678985
1013 0.67905
1021 0.680806
1023 0.681316
1025 0.682399
1059 0.683514
1070 0.683904
1092 0.684305
1105 0.685076
1108 0.68598
1115 0.688121
1135 0.688334
1141 0.689246
1162 0.689322
1166 0.689817
1226 0.690581
1250 0.691114
1396 0.691209
1413 0.692018
1418 0.692525
1423 0.692852
1424 0.693341
1483 0.6935
1592 0.695059
1615 0.695322
1644 0.69579
1647 0.695794
1664 0.697182
1675 0.697292
1700 0.697606
1767 0.698231
1879 0.698836
1972 0.699609
1980 0.700165
1999 0.701506
2180 0.701671
2257 0.701739
2537 0.702276
2588 0.702344
2715 0.702737
2768 0.703326
2821 0.703659
2969 0.704049
2992 0.705686
3261 0.706217
3495 0.706238
3777 0.706364
3940 0.706616
