0 0.494612
3 0.497352
5 0.49813
8 0.498627
9 0.499158
10 0.500037
11 0.5017
12 0.502744
13 0.503316
16 0.505094
17 0.505243
20 0.505944
21 0.508358
22 0.508834
23 0.510353
28 0.510908
29 0.511728
30 0.512193
32 0.514395
36 0.514896
38 0.516081
44 0.516252
48 0.519929
51 0.521031
52 0.523209
54 0.525283
55 0.527665
58 0.52898
66 0.528984
67 0.529441
70 0.531005
72 0.531842
73 0.532484
76 0.533815
80 0.533879
81 0.534779
86 0.53518
88 0.535665
89 0.536442
90 0.537305
92 0.537726
96 0.539242
99 0.539571
100 0.53971
110 0.540596
113 0.541421
115 0.542444
125 0.543075
126 0.544498
130 0.544848
135 0.546225
137 0.547836
139 0.548253
140 0.550543
143 0.552154
145 0.552291
147 0.55429
149 0.554359
150 0.555354
151 0.557421
153 0.558554
155 0.559236
161 0.559842
162 0.560977
163 0.562508
164 0.562849
166 0.564295
167 0.565873
168 0.568231
170 0.56866
171 0.569505
172 0.571129
173 0.572153
175 0.573486
178 0.573831
180 0.575475
182 0.576034
186 0.576202
188 0.577388
195 0.577608
198 0.577818
200 0.578803
206 0.578836
207 0.580498
208 0.581763
213 0.581818
214 0.583368
216 0.583418
218 0.585604
220 0.586293
223 0.586489
224 0.587296
227 0.588026
230 0.588809
237 0.589554
244 0.590528
248 0.590862
249 0.591268
250 0.592384
252 0.592791
258 0.593815
260 0.596344
261 0.60001
264 0.60151
266 0.601925
274 0.602128
277 0.60308
282 0.603199
285 0.603917
289 0.605717
297 0.606427
299 0.606962
308 0.607068
309 0.608711
315 0.60907
319 0.610382
322 0.611148
328 0.612264
329 0.612724
335 0.614361
345 0.614884
347 0.616423
349 0.617103
351 0.617333
352 0.618318
357 0.621047
359 0.622035
366 0.623418
368 0.624139
376 0.624264
377 0.625953
381 0.626955
383 0.628087
387 0.628463
388 0.629227
396 0.629332
401 0.629344
404 0.629494
409 0.630202
414 0.630992
415 0.631527
423 0.631987
427 0.632831
430 0.633034
432 0.633524
437 0.634029
442 0.634059
446 0.635161
455 0.63517
460 0.636026
492 0.63603
494 0.639789
497 0.639876
500 0.640131
501 0.641868
518 0.64241
519 0.642853
530 0.643656
538 0.644837
540 0.645693
543 0.64639
545 0.646829
552 0.647767
555 0.64885
576 0.649546
582 0.651531
585 0.652886
589 0.65315
594 0.655274
596 0.655445
599 0.655755
604 0.655762
606 0.656592
609 0.657004
618 0.657061
641 0.657409
659 0.659056
660 0.659061
682 0.660363
688 0.66124
707 0.662425
721 0.663179
730 0.664236
734 0.666454
736 0.66817
742 0.66874
744 0.669453
759 0.670738
765 0.670959
770 0.672903
775 0.674089
777 0.67497
803 0.675282
813 0.675616
820 0.675708
856 0.677057
887 0.677074
893 0.678454
895 0.678821
942 0.679281
967 0.679666
1014 0.681114
1029 0.681829
1031 0.684464
1037 0.684909
1041 0.685005
1084 0.685041
1092 0.686232
1118 0.687498
1130 0.688372
1134 0.68844
1140 0.688522
1165 0.68937
1246 0.689706
1281 0.689934
1284 0.690048
1288 0.690671
1325 0.691376
1329 0.691777
1332 0.691921
1351 0.692335
1360 0.69283
1373 0.693068
1403 0.693673
1434 0.694332
1524 0.695302
1531 0.695342
1547 0.696013
1550 0.696275
1565 0.69682
1568 0.697195
1577 0.697338
1589 0.697755
1649 0.698198
1769 0.698558
1918 0.700095
1959 0.700394
1974 0.700462
2081 0.700796
2096 0.701564
2124 0.702443
2157 0.702496
2192 0.703657
2254 0.70447
2286 0.7055
2308 0.706161
2349 0.706776
2394 0.707311
2407 0.708311
2414 0.709782
2518 0.710363
2659 0.711135
2663 0.712226
2755 0.712743
2869 0.712983
2916 0.713479
3037 0.71404
3070 0.714731
3182 0.71511
3261 0.716165
3439 0.716555
3664 0.717111
