0 0.470828
5 0.472574
6 0.473201
10 0.473263
11 0.474
12 0.475393
14 0.477193
15 0.477488
16 0.478432
18 0.478926
19 0.479416
22 0.480547
26 0.481598
28 0.481731
29 0.481766
33 0.484208
34 0.486201
40 0.486616
43 0.486751
44 0.489135
47 0.492912
48 0.494053
50 0.494704
51 0.496115
53 0.497138
54 0.497512
55 0.49888
56 0.499562
61 0.500518
65 0.501238
66 0.501811
67 0.502135
70 0.502782
71 0.503464
73 0.505779
75 0.507829
77 0.510257
79 0.510779
80 0.511224
84 0.511577
85 0.512184
91 0.51249
92 0.51531
93 0.516835
94 0.517133
98 0.517194
104 0.519059
105 0.519409
106 0.519414
107 0.521031
108 0.522207
114 0.525932
116 0.526831
117 0.528399
118 0.529916
119 0.530713
120 0.532078
121 0.533579
127 0.537458
129 0.53961
130 0.540649
131 0.541116
132 0.542785
133 0.543594
135 0.545007
137 0.546321
139 0.547064
140 0.547884
142 0.548241
149 0.54836
152 0.548856
153 0.548977
156 0.549358
162 0.549999
168 0.551301
169 0.55178
170 0.552452
172 0.552706
173 0.554158
174 0.554221
175 0.554479
180 0.555427
192 0.557025
195 0.55707
198 0.558769
199 0.55926
202 0.562862
203 0.563136
204 0.56318
205 0.5647
210 0.565421
211 0.565934
213 0.566121
217 0.567161
222 0.567958
223 0.56914
226 0.570557
227 0.570646
233 0.571832
234 0.572971
236 0.573844
240 0.574292
251 0.574936
259 0.575507
261 0.576382
264 0.57654
265 0.576906
267 0.577217
272 0.577779
273 0.578337
278 0.578881
283 0.580447
287 0.581732
293 0.583017
294 0.583211
298 0.585149
299 0.585857
302 0.586767
304 0.587748
312 0.587879
317 0.588951
320 0.589415
323 0.589757
325 0.592786
329 0.593373
330 0.593756
332 0.5945
338 0.595604
339 0.596116
341 0.596225
347 0.596338
357 0.597287
361 0.597816
363 0.598444
364 0.598752
368 0.599357
373 0.599571
378 0.600036
386 0.601402
387 0.601536
389 0.601687
399 0.602154
402 0.60346
406 0.604007
407 0.604262
409 0.604389
412 0.605747
429 0.607241
436 0.609704
439 0.610424
440 0.611061
459 0.612814
460 0.613402
462 0.613674
464 0.614741
471 0.616568
475 0.617302
483 0.617945
490 0.620462
500 0.622571
502 0.623743
503 0.624032
509 0.62478
512 0.624933
516 0.625655
525 0.625778
532 0.626492
534 0.628177
535 0.628273
540 0.628662
542 0.629055
545 0.629375
547 0.631157
551 0.631344
561 0.632315
562 0.6329
565 0.633164
567 0.635072
576 0.635637
578 0.636237
587 0.636377
591 0.637357
602 0.639477
605 0.6406
624 0.640702
628 0.641415
629 0.641807
631 0.643053
636 0.644713
642 0.645432
653 0.645864
656 0.646641
664 0.648249
679 0.650126
714 0.651456
734 0.652043
735 0.652577
751 0.653246
752 0.654068
762 0.654339
771 0.654376
775 0.65481
777 0.655625
778 0.656155
787 0.65667
788 0.657088
790 0.657225
798 0.658224
800 0.658251
807 0.659213
813 0.659258
819 0.660067
820 0.660929
829 0.661084
835 0.661197
836 0.663288
868 0.663966
924 0.665562
929 0.666772
942 0.668347
944 0.669078
951 0.669314
968 0.670097
972 0.672198
982 0.672599
984 0.672635
989 0.673722
1054 0.674696
1059 0.674783
1062 0.675538
1068 0.676571
1095 0.678161
1119 0.678466
1123 0.67879
1133 0.679346
1145 0.679596
1152 0.680453
1155 0.680851
1165 0.681727
1197 0.68269
1206 0.683793
1214 0.685258
1219 0.68693
1229 0.686932
1241 0.687044
1316 0.687285
1348 0.688316
1370 0.688402
1375 0.688718
1381 0.688759
1428 0.688924
1510 0.688944
1538 0.690373
1547 0.692129
1548 0.692688
1549 0.692994
1565 0.694061
1670 0.694143
1721 0.695719
1728 0.696225
1763 0.696859
1780 0.696899
1782 0.697255
1799 0.698197
1841 0.698293
1878 0.698646
1895 0.69865
1901 0.699727
1930 0.700471
1950 0.700881
1960 0.701172
2052 0.70256
2074 0.70383
2075 0.704536
2077 0.706065
2079 0.707007
2128 0.707482
2158 0.708036
2218 0.708202
2234 0.708277
2343 0.708704
2522 0.70893
2590 0.709729
2717 0.711574
2734 0.712306
2913 0.712716
