0 0.47753
1 0.477942
2 0.478048
3 0.478138
4 0.478447
6 0.478713
8 0.479267
9 0.479786
14 0.48011
15 0.480901
20 0.482915
21 0.483097
25 0.483953
28 0.484912
29 0.48567
30 0.485734
32 0.487045
33 0.487078
34 0.488453
35 0.48875
39 0.489743
40 0.490416
41 0.492041
44 0.494656
45 0.495524
49 0.49595
50 0.496421
51 0.497113
53 0.498782
54 0.498982
55 0.500632
60 0.502455
62 0.50383
65 0.505342
69 0.506043
71 0.506505
72 0.506782
74 0.507242
76 0.508672
78 0.508886
80 0.510122
82 0.511718
83 0.511947
85 0.512346
89 0.513223
90 0.514506
92 0.515605
94 0.517139
101 0.518264
104 0.518296
106 0.521488
108 0.523227
111 0.525733
112 0.526241
115 0.527284
116 0.531057
119 0.531421
123 0.531977
124 0.533487
132 0.533829
133 0.536672
137 0.53677
138 0.536997
140 0.538303
143 0.539909
145 0.540282
147 0.540884
153 0.542375
157 0.542944
158 0.544363
163 0.544911
166 0.546102
168 0.54614
173 0.547176
174 0.547483
175 0.549253
184 0.551692
185 0.552307
187 0.55487
188 0.556324
191 0.557286
193 0.558985
196 0.559193
199 0.560312
201 0.561701
202 0.564218
203 0.565184
204 0.567246
210 0.56839
213 0.56915
216 0.570301
218 0.570579
220 0.571784
223 0.572028
229 0.572457
231 0.572513
232 0.574096
239 0.574742
240 0.575934
242 0.577136
243 0.577927
245 0.578422
247 0.579027
255 0.579617
262 0.582608
265 0.583264
275 0.58381
276 0.584305
281 0.587703
285 0.588061
291 0.58844
292 0.590492
293 0.590666
294 0.590883
295 0.591977
297 0.592938
307 0.59417
310 0.595527
316 0.596113
326 0.598033
329 0.599928
330 0.600125
333 0.600286
335 0.601373
337 0.602062
341 0.603372
342 0.604904
343 0.605572
345 0.606293
360 0.607903
361 0.609361
365 0.609805
372 0.610558
374 0.612493
376 0.612839
377 0.613299
379 0.613374
381 0.614744
382 0.616781
386 0.617141
388 0.619617
395 0.619697
405 0.620003
413 0.620745
419 0.621898
421 0.622399
433 0.6239
437 0.624951
445 0.626102
448 0.626529
456 0.62714
458 0.627463
462 0.628732
478 0.629677
487 0.630555
496 0.632296
498 0.632419
509 0.634791
510 0.635341
533 0.635959
535 0.636026
542 0.637325
543 0.637688
553 0.640075
564 0.641714
567 0.642337
571 0.644442
578 0.644451
583 0.645534
585 0.646655
599 0.648371
603 0.648999
610 0.649178
614 0.649569
623 0.650333
627 0.650437
633 0.650692
696 0.65074
706 0.651217
707 0.653954
708 0.654093
710 0.654236
711 0.654646
720 0.655369
724 0.655943
737 0.656611
748 0.656808
753 0.658132
755 0.658488
765 0.658561
767 0.66055
777 0.660645
799 0.661174
803 0.661426
816 0.661869
829 0.662985
842 0.664149
854 0.665327
857 0.66646
872 0.666539
878 0.668683
891 0.669527
905 0.669617
918 0.669974
919 0.671313
925 0.672213
938 0.6739
939 0.674319
941 0.674645
942 0.67637
960 0.676611
971 0.676775
990 0.678494
1003 0.679405
1017 0.679894
1035 0.680381
1042 0.682392
1058 0.682467
1075 0.682695
1087 0.683203
1123 0.68367
1134 0.683676
1163 0.683773
1180 0.684714
1183 0.685282
1184 0.685924
1251 0.686248
1269 0.686623
1305 0.687266
1327 0.687422
1383 0.688484
1398 0.689302
1505 0.689783
1597 0.689878
1717 0.691088
1845 0.691174
1855 0.691511
1884 0.691575
1895 0.692171
1971 0.692285
2019 0.693414
2134 0.693755
2173 0.694103
2188 0.694191
2216 0.694301
2347 0.696279
2577 0.697517
2772 0.698782
2917 0.699848
2934 0.700225
3152 0.701305
3153 0.70152
3173 0.702057
3295 0.702327
