0 0.508907
1 0.513437
5 0.513752
6 0.515193
7 0.517099
8 0.518438
10 0.519194
11 0.519645
13 0.520426
18 0.522943
19 0.52446
22 0.525181
27 0.526535
28 0.527133
30 0.529261
33 0.529308
41 0.529728
42 0.529967
43 0.530495
44 0.532049
49 0.532423
52 0.533542
53 0.534299
54 0.535998
55 0.537757
58 0.538268
63 0.538807
67 0.539771
69 0.541768
70 0.543062
71 0.543834
73 0.544334
74 0.547841
76 0.548159
81 0.549125
84 0.551689
87 0.553011
89 0.553392
92 0.554509
93 0.555233
96 0.555256
100 0.555923
101 0.555938
103 0.557125
106 0.55797
108 0.559077
109 0.560118
110 0.561107
112 0.561554
114 0.563944
117 0.56438
119 0.564441
120 0.564925
121 0.565947
125 0.567328
126 0.56791
130 0.56905
131 0.569391
132 0.569947
134 0.571782
135 0.572899
137 0.573684
140 0.57438
141 0.575158
146 0.575215
151 0.576061
154 0.577686
159 0.57826
161 0.579316
162 0.57942
168 0.579555
171 0.579764
176 0.580056
177 0.580203
178 0.582354
183 0.583588
186 0.584862
188 0.587773
192 0.588179
196 0.588552
197 0.589315
204 0.589598
219 0.590477
226 0.59222
228 0.592356
231 0.59357
237 0.594018
240 0.594345
241 0.594564
242 0.594603
243 0.595441
244 0.59602
248 0.59608
262 0.597282
265 0.597565
266 0.598916
268 0.598924
272 0.599503
280 0.601543
290 0.602098
302 0.603594
304 0.604871
305 0.606019
308 0.606147
313 0.606943
325 0.607619
333 0.608024
334 0.609902
335 0.61106
351 0.61187
354 0.612716
355 0.613009
365 0.613281
366 0.614217
368 0.616312
371 0.61651
373 0.617293
375 0.617714
381 0.6191
382 0.619711
387 0.620725
391 0.621957
393 0.622265
415 0.624361
420 0.624495
434 0.625505
441 0.626833
447 0.627097
450 0.627104
453 0.628485
459 0.630123
468 0.630319
487 0.63254
488 0.633591
493 0.634969
494 0.635588
503 0.636147
508 0.637501
535 0.637808
540 0.638467
549 0.638797
555 0.639926
556 0.640383
560 0.641615
565 0.642819
566 0.642975
568 0.643426
569 0.644148
579 0.644199
585 0.645016
591 0.645532
603 0.645873
607 0.64674
636 0.646804
640 0.646905
646 0.647844
648 0.648543
649 0.649344
652 0.649899
658 0.649996
660 0.651556
662 0.651897
668 0.652254
680 0.652563
681 0.653992
694 0.655134
695 0.655638
706 0.657414
713 0.657988
722 0.658387
732 0.65921
740 0.660507
759 0.660798
775 0.660924
778 0.662436
788 0.66295
804 0.663975
814 0.664423
829 0.664786
836 0.665282
842 0.665716
844 0.666207
851 0.668203
857 0.668331
866 0.670665
879 0.671934
881 0.672882
888 0.673041
901 0.674505
903 0.675171
910 0.675493
917 0.676616
944 0.67789
947 0.678553
949 0.679156
950 0.679618
956 0.680438
987 0.681763
1003 0.682957
1012 0.682971
1048 0.683185
1057 0.683739
1074 0.685041
1087 0.686025
1101 0.687802
1106 0.68805
1118 0.688129
1123 0.688444
1132 0.689205
1135 0.689941
1172 0.690348
1196 0.691924
1214 0.692954
1230 0.692995
1236 0.694823
1253 0.695414
1259 0.696097
1260 0.696396
1280 0.69702
1296 0.697024
1329 0.697383
1399 0.69815
1407 0.698949
1419 0.699629
1555 0.699698
1561 0.700045
1571 0.700632
1598 0.700641
1601 0.701289
1635 0.701339
1672 0.703024
1690 0.703221
1711 0.703249
1830 0.703689
1860 0.704545
1901 0.704688
1999 0.706881
2000 0.707369
2217 0.707502
2272 0.70862
2402 0.7087
2408 0.708874
2426 0.708944
2443 0.709146
2497 0.709429
2594 0.70982
2635 0.710298
2707 0.710604
2792 0.710619
2982 0.710651
3013 0.711477
3262 0.712035
3529 0.712745
3544 0.713861
3661 0.71455
