0 0.496309
2 0.497241
3 0.497549
6 0.497747
7 0.499284
8 0.500823
14 0.50137
16 0.502687
17 0.504533
18 0.504714
19 0.505345
20 0.505647
21 0.505972
22 0.508126
23 0.508975
24 0.509614
30 0.510346
33 0.510689
37 0.511122
38 0.514886
40 0.51503
44 0.516465
45 0.517249
46 0.519735
49 0.520714
51 0.521224
53 0.522197
54 0.522599
55 0.523058
56 0.524567
59 0.526892
60 0.527088
61 0.52767
63 0.5288
64 0.52935
68 0.530627
69 0.531022
70 0.532581
72 0.53286
75 0.533503
76 0.533613
77 0.534378
78 0.535491
80 0.536377
84 0.538095
87 0.539613
88 0.540521
92 0.541917
93 0.542545
94 0.543153
95 0.544133
98 0.54593
99 0.54613
100 0.547512
110 0.549068
114 0.549637
117 0.550362
118 0.551441
123 0.554023
125 0.555214
128 0.555949
130 0.556629
135 0.55984
136 0.561458
137 0.56193
141 0.562112
142 0.563237
143 0.564805
144 0.564877
145 0.566606
146 0.569255
158 0.571071
159 0.571088
170 0.571283
172 0.572452
173 0.572535
175 0.575286
177 0.576538
178 0.578821
182 0.580135
183 0.581405
187 0.581475
188 0.584025
201 0.5849
202 0.585656
205 0.586788
206 0.587423
209 0.589671
211 0.590707
214 0.592028
222 0.592442
224 0.594869
226 0.595385
228 0.59601
230 0.596249
235 0.596705
237 0.597037
239 0.597078
240 0.597631
241 0.597899
243 0.598911
249 0.599675
251 0.59974
253 0.600274
256 0.602154
267 0.603878
282 0.604524
290 0.606332
291 0.608966
299 0.609333
302 0.609369
306 0.610769
311 0.610787
313 0.611708
322 0.61344
325 0.6159
334 0.61655
337 0.618155
343 0.620185
345 0.620678
358 0.620917
359 0.621184
375 0.622539
376 0.622733
378 0.623485
380 0.62401
388 0.624469
392 0.625158
395 0.625497
399 0.626095
400 0.62613
405 0.62655
415 0.628932
419 0.630127
421 0.631858
427 0.632553
430 0.632752
432 0.633841
458 0.635063
460 0.635714
462 0.635933
463 0.636066
465 0.636624
477 0.638397
481 0.639095
484 0.639302
489 0.639776
490 0.642116
497 0.643814
502 0.644811
503 0.646151
505 0.646916
506 0.647905
519 0.648312
529 0.648479
539 0.649187
554 0.64939
561 0.649679
562 0.65221
565 0.653722
571 0.654519
582 0.654644
583 0.654921
595 0.655302
597 0.655572
600 0.655987
608 0.656334
610 0.656665
615 0.658079
622 0.658705
629 0.659229
633 0.659349
637 0.65941
643 0.660282
654 0.660553
655 0.661811
659 0.662228
666 0.663126
668 0.663866
674 0.664074
685 0.664082
706 0.664492
714 0.666834
720 0.668659
722 0.66887
733 0.669629
741 0.670618
742 0.671791
743 0.672481
756 0.672641
760 0.672882
765 0.673051
790 0.673186
821 0.673389
840 0.674208
842 0.675215
849 0.678113
856 0.67932
887 0.679745
897 0.679751
919 0.680502
940 0.680835
952 0.682364
970 0.682526
1000 0.682753
1010 0.683139
1011 0.684682
1029 0.684737
1056 0.684934
1061 0.686418
1063 0.687345
1067 0.688099
1068 0.688587
1071 0.688929
1134 0.688962
1162 0.689572
1170 0.689594
1176 0.690217
1177 0.690447
1179 0.692219
1188 0.693377
1219 0.695866
1336 0.696373
1364 0.696418
1435 0.697145
1447 0.697408
1473 0.697606
1482 0.698179
1564 0.698284
1591 0.698459
1638 0.698523
1721 0.698646
1855 0.699366
2010 0.699997
2040 0.700076
2048 0.700086
2158 0.701106
2257 0.701323
2271 0.701794
2352 0.702564
2367 0.70294
2449 0.703285
2566 0.70371
2611 0.70385
2820 0.704681
2827 0.705815
2899 0.707839
2996 0.70808
3316 0.708783
