0 0.488128
2 0.489326
3 0.490963
7 0.492778
12 0.493042
16 0.493396
18 0.495219
19 0.49708
24 0.497083
26 0.497827
32 0.500074
33 0.501031
35 0.503141
36 0.503856
39 0.506051
47 0.507807
48 0.507854
49 0.508472
52 0.511275
53 0.513677
56 0.514947
58 0.515549
59 0.516359
61 0.51717
62 0.51752
65 0.518439
68 0.518588
70 0.521755
72 0.522317
73 0.523602
75 0.523932
76 0.524041
77 0.524461
78 0.525652
79 0.526297
81 0.526454
82 0.527663
86 0.527774
87 0.528618
88 0.52882
90 0.530218
93 0.530305
94 0.531793
95 0.533095
96 0.534138
98 0.535023
99 0.537252
102 0.538906
103 0.541973
104 0.543118
105 0.54427
108 0.544871
112 0.546621
113 0.5472
119 0.547984
123 0.549438
131 0.549455
139 0.550387
140 0.552414
143 0.553527
147 0.554023
153 0.554658
154 0.556624
163 0.556951
167 0.557008
169 0.557585
174 0.558109
175 0.560262
176 0.560757
178 0.56121
181 0.564018
187 0.566684
210 0.567672
214 0.567715
220 0.569526
228 0.571775
231 0.572227
237 0.573696
239 0.574369
243 0.575474
244 0.576538
248 0.576679
250 0.577773
253 0.580199
256 0.582353
263 0.582897
264 0.583362
265 0.586562
284 0.586679
285 0.587413
286 0.588103
290 0.590178
304 0.591234
309 0.59127
316 0.591608
318 0.592603
320 0.594048
323 0.595094
338 0.595523
339 0.595667
342 0.596817
345 0.596826
361 0.599849
364 0.600967
367 0.601069
369 0.601754
371 0.602126
376 0.602255
379 0.603665
380 0.604052
384 0.604642
385 0.60526
387 0.606072
397 0.607905
400 0.609839
409 0.611862
417 0.612042
420 0.612735
421 0.612953
422 0.615496
425 0.615591
436 0.615868
437 0.616441
445 0.617025
448 0.617785
449 0.618276
450 0.619315
452 0.619806
454 0.621329
461 0.622462
469 0.623608
470 0.623832
473 0.624008
485 0.62415
490 0.626648
497 0.628346
500 0.628391
517 0.629596
541 0.630052
545 0.630414
556 0.630437
561 0.631939
564 0.632455
568 0.632691
570 0.633108
578 0.636209
584 0.636633
587 0.636781
588 0.638688
593 0.639131
609 0.640696
610 0.641276
612 0.642975
614 0.643221
615 0.643804
621 0.643866
625 0.64503
629 0.645097
634 0.646628
636 0.646985
648 0.648155
649 0.648845
670 0.649138
673 0.650029
681 0.650329
685 0.651345
688 0.651772
696 0.653861
715 0.654737
736 0.655429
749 0.656338
758 0.65721
768 0.657474
794 0.6579
795 0.659727
813 0.660149
817 0.661508
835 0.662147
855 0.662609
856 0.662808
891 0.663621
910 0.664597
945 0.665634
979 0.666024
983 0.666936
984 0.66733
1006 0.668865
1014 0.669515
1020 0.669843
1022 0.669994
1062 0.670807
1099 0.671059
1107 0.671856
1141 0.67249
1142 0.673375
1165 0.673416
1186 0.673946
1190 0.674079
1196 0.674448
1200 0.675322
1206 0.676969
1216 0.6774
1232 0.679011
1233 0.679492
1249 0.680821
1270 0.682266
1291 0.683
1320 0.683745
1347 0.684051
1357 0.684269
1372 0.684299
1389 0.685275
1403 0.685556
1406 0.685679
1407 0.687145
1441 0.687295
1447 0.688119
1450 0.688346
1455 0.688472
1481 0.688588
1506 0.689373
1518 0.68958
1534 0.689785
1593 0.690166
1597 0.690356
1687 0.691598
1703 0.69337
1705 0.693465
1803 0.693642
1807 0.695348
1838 0.696318
1839 0.696493
1876 0.696647
1915 0.69678
1918 0.69696
1972 0.697894
2040 0.697998
2069 0.698239
2138 0.698348
2168 0.698622
2182 0.699471
2221 0.699969
2223 0.700068
2234 0.700072
2267 0.700752
2348 0.701662
2356 0.701674
2603 0.702966
2621 0.703248
2759 0.704993
