0 0.500253
1 0.501081
7 0.50301
11 0.50411
13 0.50425
16 0.504973
18 0.506794
19 0.507812
22 0.508527
24 0.50934
27 0.510066
28 0.511281
30 0.512812
38 0.513953
43 0.515144
44 0.516262
49 0.51697
50 0.51865
51 0.520063
52 0.521199
53 0.521654
56 0.521873
58 0.522424
61 0.524386
62 0.525596
65 0.527803
69 0.529147
71 0.530534
72 0.531622
74 0.53227
76 0.53355
77 0.534224
78 0.534647
79 0.535291
82 0.537217
85 0.537676
88 0.538063
89 0.538872
91 0.540181
92 0.541008
96 0.542262
97 0.544507
100 0.544543
103 0.545473
109 0.546188
111 0.546937
112 0.547773
113 0.549277
114 0.550949
121 0.552455
122 0.553071
130 0.55347
132 0.55364
135 0.553839
138 0.554318
140 0.554604
145 0.5547
148 0.555288
149 0.556168
151 0.558217
152 0.560069
153 0.560926
154 0.562334
156 0.562714
162 0.562893
163 0.563692
165 0.565893
166 0.567137
167 0.567207
168 0.567219
171 0.567642
172 0.569726
176 0.571288
177 0.572892
178 0.573821
180 0.575311
182 0.575326
187 0.575443
188 0.576283
198 0.577231
199 0.577863
200 0.579812
208 0.581217
212 0.583219
213 0.58488
216 0.585258
217 0.586304
221 0.590472
224 0.592028
228 0.59313
229 0.593353
230 0.594524
236 0.596481
244 0.596527
245 0.59898
247 0.599376
248 0.600957
252 0.601976
253 0.603032
258 0.604527
260 0.604836
261 0.608719
264 0.609453
266 0.611421
269 0.613325
271 0.613346
274 0.613646
279 0.614926
287 0.616056
301 0.617156
306 0.617936
307 0.618237
310 0.619929
319 0.620633
324 0.621874
325 0.622785
326 0.622807
344 0.623411
346 0.624058
387 0.624218
388 0.625295
390 0.626859
392 0.628804
394 0.628808
396 0.629437
406 0.629843
408 0.63082
417 0.630937
421 0.63245
422 0.632777
433 0.633211
435 0.63521
437 0.636743
440 0.637576
443 0.637921
444 0.638956
449 0.640038
465 0.640406
472 0.640572
485 0.641753
492 0.642354
497 0.643089
501 0.644029
511 0.644713
519 0.645832
532 0.645947
534 0.645988
563 0.646517
575 0.647197
586 0.649833
606 0.650328
609 0.651538
620 0.652062
624 0.652251
628 0.652946
651 0.653808
659 0.655437
688 0.656367
689 0.657607
690 0.657613
691 0.658923
694 0.658962
695 0.659689
699 0.659861
705 0.660171
710 0.660291
712 0.661203
715 0.663684
716 0.664602
736 0.664971
754 0.665094
758 0.666191
766 0.668335
772 0.668768
783 0.669066
800 0.669148
818 0.670708
823 0.671445
828 0.671636
860 0.673232
874 0.673309
882 0.673463
906 0.675644
942 0.67693
958 0.677108
977 0.677713
983 0.678084
1007 0.678193
1012 0.67939
1014 0.679971
1016 0.680693
1021 0.681359
1029 0.682485
1045 0.683114
1049 0.683184
1069 0.684002
1095 0.684232
1096 0.684304
1098 0.686686
1128 0.687493
1130 0.687849
1139 0.687947
1183 0.689003
1186 0.690179
1192 0.691644
1205 0.691994
1244 0.692215
1281 0.692768
1294 0.694259
1336 0.696871
1337 0.697624
1384 0.69774
1409 0.698856
1499 0.699315
1507 0.699505
1520 0.699891
1527 0.700015
1579 0.700548
1620 0.701166
1626 0.701917
1628 0.701923
1673 0.7026
1723 0.702641
1790 0.703032
1916 0.703728
1946 0.704096
2005 0.704122
2160 0.705354
2186 0.706689
2305 0.707484
2308 0.707523
2342 0.707775
2417 0.70855
2843 0.709194
3009 0.709586
3390 0.710352
3723 0.710659
