0 0.507399
1 0.509038
4 0.51125
5 0.513359
7 0.514788
9 0.515525
10 0.515996
13 0.519867
14 0.521074
17 0.521228
18 0.521255
22 0.523018
24 0.523911
30 0.524056
34 0.524436
36 0.52566
38 0.526134
41 0.527379
43 0.528665
46 0.528852
59 0.528991
63 0.529161
66 0.530366
71 0.531721
72 0.532026
74 0.533411
76 0.536858
78 0.537763
80 0.539286
81 0.540734
84 0.541277
85 0.542676
86 0.543236
88 0.543435
93 0.5449
97 0.545566
98 0.546655
99 0.546868
100 0.547708
105 0.547892
106 0.548665
108 0.549434
112 0.550218
114 0.55131
118 0.55142
121 0.553271
123 0.553621
130 0.555133
133 0.555502
141 0.557207
145 0.558012
154 0.560716
156 0.561257
157 0.561919
158 0.563182
160 0.564998
164 0.565358
166 0.566549
169 0.566884
172 0.567709
174 0.567779
175 0.569546
179 0.570192
180 0.572294
183 0.573847
186 0.573951
189 0.574174
190 0.57627
193 0.57669
194 0.578908
196 0.580303
197 0.581381
201 0.582804
204 0.58371
209 0.584964
214 0.586761
217 0.587978
218 0.589044
221 0.589238
224 0.589866
228 0.590654
232 0.592323
233 0.592626
234 0.593921
236 0.594789
242 0.595589
251 0.596325
259 0.596589
260 0.596624
262 0.597493
264 0.59918
265 0.600191
267 0.600559
274 0.600736
277 0.602301
279 0.60249
282 0.603122
290 0.603549
294 0.604951
297 0.605488
298 0.605671
303 0.60682
304 0.608426
307 0.610569
320 0.611333
322 0.611797
323 0.613178
324 0.613369
327 0.613412
330 0.614783
348 0.617036
349 0.618038
352 0.619154
355 0.619649
357 0.620007
368 0.621201
375 0.622135
378 0.622526
379 0.62394
380 0.624305
392 0.625349
393 0.626008
395 0.62698
414 0.628244
415 0.628248
418 0.629364
422 0.629487
424 0.63034
442 0.630923
445 0.630969
450 0.632234
453 0.632991
455 0.633726
459 0.634742
460 0.635616
463 0.637087
465 0.637469
466 0.638934
471 0.640164
476 0.640335
478 0.641416
480 0.642428
489 0.642594
490 0.643485
492 0.644109
497 0.644329
506 0.645018
508 0.645149
518 0.646124
528 0.647232
529 0.648542
532 0.649431
534 0.64954
539 0.649603
574 0.65013
587 0.650589
590 0.650665
612 0.651335
613 0.652197
629 0.653042
637 0.65381
679 0.654585
690 0.655314
709 0.65536
725 0.656629
728 0.65714
743 0.657898
747 0.657931
750 0.658065
755 0.659616
762 0.660652
764 0.663209
770 0.663464
777 0.663494
779 0.664471
785 0.666011
788 0.666381
791 0.666577
802 0.667744
816 0.668063
835 0.669145
859 0.669459
860 0.670382
876 0.670691
882 0.671362
887 0.671368
948 0.671535
955 0.671574
964 0.673068
989 0.673465
1019 0.674409
1022 0.675089
1067 0.675986
1078 0.676807
1081 0.677474
1099 0.678662
1115 0.678872
1125 0.679386
1140 0.679623
1172 0.680276
1182 0.68072
1189 0.681943
1206 0.684513
1219 0.684795
1230 0.684925
1231 0.687016
1239 0.68799
1258 0.688619
1260 0.689628
1276 0.690052
1297 0.690258
1302 0.690747
1340 0.691291
1361 0.692932
1365 0.694497
1491 0.694738
1503 0.695885
1504 0.696428
1527 0.699495
1551 0.699942
1579 0.700095
1587 0.700732
1589 0.701972
1604 0.702615
1667 0.703064
1733 0.70351
1765 0.70365
1797 0.704227
1801 0.704601
1826 0.704841
1850 0.705537
1876 0.706769
1955 0.707739
2117 0.708977
2133 0.709581
2190 0.709954
2195 0.710603
2281 0.711379
2439 0.71196
2464 0.712317
2480 0.712624
2598 0.713273
2655 0.713972
2672 0.714386
2759 0.71503
3001 0.717035
