0 0.487628
1 0.487759
3 0.488242
4 0.488424
5 0.490519
8 0.492967
10 0.493255
12 0.493369
13 0.493486
14 0.495061
19 0.496773
21 0.498176
22 0.498941
23 0.500679
24 0.501196
26 0.502078
27 0.502342
28 0.502833
32 0.504182
33 0.504303
35 0.505024
36 0.506341
37 0.506431
41 0.507728
47 0.509139
50 0.50977
52 0.510624
53 0.510913
56 0.510937
58 0.513219
59 0.514413
61 0.517842
63 0.518215
64 0.518671
69 0.520328
70 0.521386
71 0.521762
72 0.522052
74 0.522722
78 0.523434
81 0.524395
83 0.524683
90 0.527451
91 0.528308
92 0.530794
93 0.531131
94 0.531453
95 0.532794
98 0.534846
99 0.535547
102 0.535763
105 0.536082
107 0.536266
108 0.538608
112 0.539477
114 0.540276
116 0.542787
117 0.545018
121 0.546453
122 0.546761
124 0.546853
125 0.547498
128 0.547979
129 0.548798
130 0.549882
132 0.55036
133 0.550858
135 0.55236
136 0.552481
137 0.552574
138 0.554444
144 0.555563
145 0.55923
156 0.561369
157 0.561718
159 0.562066
164 0.563382
171 0.564005
177 0.56597
179 0.567013
182 0.567458
183 0.568287
185 0.568356
188 0.568868
190 0.56899
192 0.570328
193 0.570599
195 0.571812
196 0.572476
197 0.572884
198 0.574436
199 0.576311
200 0.576995
201 0.577865
203 0.580501
214 0.58106
221 0.58179
222 0.583094
224 0.584609
226 0.585508
231 0.586407
237 0.588397
242 0.590741
245 0.59101
250 0.591269
254 0.591462
256 0.59265
258 0.593512
260 0.594492
269 0.595302
270 0.59579
278 0.595961
279 0.596554
287 0.596568
289 0.596692
292 0.5969
294 0.600119
295 0.601084
298 0.602107
305 0.604269
328 0.604308
335 0.605503
336 0.606985
339 0.607436
340 0.608086
341 0.609278
344 0.609956
346 0.612332
356 0.613012
359 0.613429
361 0.614255
366 0.615186
367 0.615427
370 0.615567
376 0.615992
377 0.617873
389 0.618433
391 0.618585
393 0.619011
396 0.621514
399 0.622826
408 0.624835
411 0.62604
417 0.626441
421 0.626746
422 0.627436
427 0.630154
432 0.631385
438 0.631571
440 0.632014
449 0.632158
455 0.634027
456 0.635019
464 0.637277
467 0.638681
469 0.639886
472 0.64068
486 0.641319
496 0.64315
499 0.643995
504 0.64495
507 0.645938
509 0.646471
517 0.647741
528 0.647921
529 0.649601
547 0.650705
560 0.651178
562 0.651562
575 0.652382
576 0.65252
579 0.653015
590 0.653016
605 0.653111
618 0.653199
626 0.653233
639 0.653343
642 0.654773
649 0.654885
664 0.655874
667 0.657242
676 0.658216
677 0.658905
679 0.658969
680 0.660068
686 0.660108
689 0.660184
706 0.661464
712 0.663217
714 0.663313
729 0.663422
731 0.664643
740 0.665441
745 0.667234
759 0.667831
772 0.669166
779 0.670065
783 0.670372
790 0.670531
803 0.670783
813 0.671178
833 0.671633
852 0.672187
854 0.672735
867 0.673141
873 0.673532
876 0.673805
877 0.673806
893 0.673998
898 0.674696
903 0.675026
909 0.676822
911 0.677542
912 0.679039
918 0.679431
923 0.680196
945 0.680225
946 0.68252
949 0.683307
965 0.683315
980 0.683438
992 0.683629
1010 0.68446
1017 0.684469
1042 0.685596
1046 0.686577
1056 0.686578
1066 0.687249
1071 0.688638
1096 0.689738
1128 0.689925
1133 0.689978
1136 0.690095
1173 0.692227
1206 0.693865
1251 0.694316
1260 0.694854
1268 0.6952
1269 0.695813
1282 0.696336
1323 0.696954
1397 0.69696
1431 0.697984
1436 0.698211
1463 0.698681
1475 0.69976
1478 0.70013
1508 0.700388
1524 0.70064
1527 0.701519
1573 0.702512
1579 0.703019
1590 0.703153
1617 0.70375
1641 0.705172
1703 0.705681
1712 0.705841
1791 0.706021
1817 0.706436
1823 0.70709
1834 0.70777
1961 0.708495
1979 0.70896
2146 0.710613
2344 0.711261
2579 0.711738
2919 0.712427
2948 0.713212
3089 0.714426
