0 0.496468
2 0.49816
3 0.502092
4 0.502697
6 0.50337
7 0.503799
11 0.50386
13 0.503972
14 0.506009
16 0.506564
17 0.506998
20 0.510537
23 0.51195
24 0.513225
25 0.514591
26 0.514818
31 0.517531
34 0.519919
36 0.520126
41 0.521632
45 0.522323
46 0.522595
48 0.523124
50 0.523983
54 0.524783
59 0.526242
60 0.52731
61 0.528165
64 0.529475
65 0.53019
66 0.530498
67 0.530872
68 0.532772
70 0.533215
75 0.533698
82 0.535818
83 0.536364
87 0.537067
93 0.537264
96 0.538591
97 0.538954
99 0.540292
100 0.542526
101 0.542906
102 0.543006
106 0.543703
107 0.546727
109 0.548053
112 0.549654
115 0.550856
118 0.551563
121 0.55221
124 0.552423
129 0.552639
131 0.554847
132 0.555548
137 0.556122
140 0.55688
141 0.558572
143 0.558699
144 0.559973
146 0.561019
147 0.561584
155 0.561888
159 0.562969
164 0.564367
167 0.564755
169 0.565289
170 0.566042
171 0.567795
172 0.568122
177 0.568824
179 0.570017
183 0.571964
185 0.573265
193 0.573437
195 0.574369
197 0.575133
200 0.5755
202 0.576586
204 0.57733
207 0.578372
210 0.57974
214 0.580646
216 0.581249
219 0.581593
222 0.5818
224 0.584261
225 0.585474
228 0.586179
235 0.586838
238 0.587894
247 0.588581
259 0.589591
264 0.590377
266 0.592459
271 0.595525
273 0.59587
284 0.596322
289 0.596708
293 0.597008
299 0.599201
305 0.59923
310 0.599292
314 0.60041
325 0.602856
326 0.603041
331 0.603083
332 0.603451
334 0.604074
335 0.60442
342 0.606161
351 0.606819
358 0.607478
359 0.607692
367 0.609797
370 0.611092
373 0.611895
375 0.612355
380 0.614215
383 0.614536
389 0.615041
393 0.616201
394 0.616788
397 0.617811
403 0.618659
404 0.620679
410 0.621025
414 0.621129
415 0.62371
416 0.626587
426 0.627267
433 0.628904
434 0.629078
443 0.629093
450 0.629597
463 0.631445
467 0.631675
475 0.63214
486 0.632762
490 0.632921
500 0.632994
504 0.633181
514 0.634003
524 0.635152
532 0.637597
543 0.638315
544 0.638633
547 0.639751
552 0.640697
553 0.641026
554 0.642584
561 0.643154
575 0.644781
579 0.645917
584 0.647005
605 0.647695
606 0.64835
609 0.649127
642 0.650046
648 0.650439
649 0.652583
653 0.653245
665 0.654343
669 0.655024
672 0.655887
675 0.65673
679 0.657508
689 0.657749
704 0.658113
707 0.658622
718 0.659451
733 0.659876
734 0.660492
735 0.661601
740 0.661699
769 0.663313
774 0.663338
796 0.664005
797 0.665349
830 0.665982
840 0.667233
841 0.667909
842 0.668596
861 0.669042
863 0.669317
877 0.66932
878 0.669484
899 0.67003
900 0.671265
917 0.671985
941 0.673757
944 0.674532
949 0.675404
950 0.675691
957 0.677137
975 0.678375
984 0.678914
987 0.679053
988 0.679942
1016 0.681106
1019 0.682291
1076 0.682359
1095 0.68276
1119 0.68421
1122 0.685324
1132 0.685651
1187 0.686419
1193 0.687129
1194 0.687672
1199 0.687714
1218 0.687815
1239 0.688279
1269 0.688706
1292 0.689187
1314 0.689971
1316 0.69063
1344 0.690816
1347 0.690958
1446 0.691112
1469 0.691957
1473 0.69223
1480 0.692605
1486 0.694824
1498 0.694833
1538 0.695156
1581 0.695336
1593 0.695913
1621 0.696165
1658 0.698426
1668 0.698679
1730 0.698789
1739 0.698872
1764 0.699287
1781 0.699857
1819 0.70046
1856 0.700767
1894 0.700816
1919 0.701311
1931 0.702055
1969 0.702285
1989 0.702382
1995 0.702717
2080 0.70279
2145 0.702924
2232 0.70327
2246 0.70351
2280 0.703834
2467 0.703871
2471 0.704911
2525 0.706222
2546 0.706851
2565 0.707338
2587 0.707478
2694 0.707793
2789 0.708473
2897 0.70883
2953 0.709259
2987 0.710526
3330 0.710928
