0 0.500505
3 0.500649
6 0.502278
7 0.502833
14 0.503696
17 0.505293
20 0.508383
21 0.50839
28 0.50974
29 0.510488
31 0.514356
32 0.517442
35 0.519032
36 0.521696
38 0.522895
39 0.523203
43 0.523736
44 0.524811
48 0.526348
50 0.526414
51 0.529234
52 0.530721
53 0.532043
54 0.532329
55 0.532898
62 0.534253
64 0.53441
66 0.536158
68 0.536784
74 0.538433
77 0.538633
78 0.539634
81 0.539736
82 0.540552
83 0.540762
95 0.542222
105 0.544016
108 0.544292
109 0.545938
114 0.547321
115 0.547995
116 0.549975
119 0.550613
120 0.551655
125 0.551831
126 0.552685
129 0.553072
131 0.553453
135 0.553679
136 0.554181
137 0.554307
148 0.554777
151 0.556696
154 0.557778
157 0.558281
159 0.558862
163 0.559417
165 0.560476
168 0.560485
170 0.561573
172 0.562787
179 0.563443
181 0.565007
192 0.565985
194 0.567833
196 0.567854
210 0.568737
211 0.570022
218 0.571304
219 0.571696
220 0.572933
223 0.573764
224 0.574338
226 0.57459
232 0.574706
234 0.574715
235 0.575559
236 0.575937
239 0.578032
246 0.578396
248 0.580409
254 0.582026
255 0.5826
259 0.582912
260 0.584092
261 0.585537
263 0.585587
273 0.58736
285 0.58885
286 0.58991
287 0.590416
288 0.590515
295 0.591775
299 0.592246
301 0.592275
304 0.593758
306 0.594519
310 0.594646
316 0.5967
317 0.598057
318 0.598848
320 0.599306
334 0.600404
344 0.602131
345 0.604095
349 0.604892
351 0.6052
353 0.605286
354 0.605483
360 0.605508
361 0.606266
363 0.606625
372 0.606791
375 0.606934
387 0.608761
393 0.609413
394 0.609949
396 0.61023
400 0.611677
403 0.612974
407 0.615174
411 0.61584
418 0.617338
427 0.619355
428 0.620306
433 0.620337
439 0.620355
441 0.621102
442 0.621351
454 0.621479
456 0.62154
458 0.624142
463 0.62526
466 0.625558
470 0.626533
485 0.627411
487 0.629094
496 0.629245
498 0.62975
499 0.630741
506 0.631734
543 0.63217
550 0.633243
551 0.634983
572 0.635834
579 0.63672
580 0.638233
582 0.63832
585 0.639935
587 0.640148
593 0.640272
599 0.640375
602 0.641059
612 0.642459
613 0.643525
616 0.643548
617 0.644473
642 0.645324
645 0.645851
652 0.645934
667 0.646334
673 0.646867
675 0.647238
676 0.649404
684 0.649422
686 0.649851
690 0.651969
694 0.654018
699 0.654483
703 0.655143
719 0.655847
721 0.65643
738 0.656432
739 0.657479
753 0.657574
761 0.65795
778 0.659112
789 0.66088
794 0.664009
795 0.664847
802 0.666471
803 0.666562
805 0.668328
812 0.669408
818 0.671052
858 0.671186
860 0.671239
872 0.671587
883 0.671632
897 0.671916
924 0.674663
928 0.675253
940 0.675316
941 0.677171
948 0.677375
966 0.677378
987 0.677496
1008 0.678595
1024 0.67901
1082 0.679669
1104 0.679766
1144 0.681439
1191 0.682028
1209 0.682638
1217 0.682773
1229 0.683237
1259 0.683333
1310 0.68352
1321 0.683655
1330 0.683809
1374 0.684548
1399 0.685484
1449 0.68604
1485 0.687244
1506 0.690247
1555 0.69049
1566 0.690491
1588 0.690849
1613 0.691131
1615 0.691762
1620 0.692077
1621 0.692131
1689 0.692195
1699 0.692662
1702 0.693165
1720 0.694169
1729 0.696342
1759 0.696389
1762 0.697505
1783 0.697759
1811 0.697918
1904 0.697956
2030 0.697997
2031 0.698576
2118 0.699367
2229 0.699606
2363 0.699766
2499 0.700551
2575 0.700899
2637 0.701432
2831 0.701543
2898 0.70218
3197 0.702823
