0 0.49161
1 0.492329
2 0.49267
3 0.493424
4 0.494258
5 0.494948
10 0.495105
13 0.495305
14 0.496485
15 0.4987
18 0.501725
24 0.501898
29 0.502079
30 0.502782
31 0.505629
33 0.506289
34 0.507503
37 0.509321
38 0.509678
41 0.509714
42 0.509887
43 0.510869
46 0.515638
47 0.515829
48 0.518826
49 0.519144
51 0.520546
53 0.521993
54 0.523216
56 0.523814
58 0.525342
64 0.525932
65 0.527601
67 0.529945
68 0.533099
69 0.5338
70 0.534597
71 0.53537
73 0.536626
75 0.536852
76 0.53764
77 0.539055
80 0.541051
87 0.542657
90 0.543957
96 0.544412
97 0.544799
98 0.545293
100 0.545308
105 0.545369
113 0.545562
114 0.548951
115 0.549013
116 0.549199
117 0.550369
126 0.55181
129 0.553173
131 0.553398
134 0.554068
135 0.555627
142 0.555898
155 0.558271
160 0.558558
166 0.558903
168 0.561652
170 0.561986
176 0.562818
177 0.563602
188 0.5638
190 0.563915
193 0.564857
196 0.56574
197 0.566167
199 0.567443
204 0.569242
208 0.572504
215 0.573859
217 0.574215
219 0.574658
221 0.575394
226 0.576144
228 0.576922
229 0.578267
231 0.578874
232 0.578896
236 0.58018
238 0.580462
250 0.584531
257 0.584629
259 0.584935
264 0.585747
266 0.586814
267 0.587719
269 0.587764
272 0.5895
277 0.592533
286 0.593633
288 0.593938
290 0.594085
296 0.594475
298 0.596045
299 0.597339
303 0.597624
306 0.600679
311 0.601698
313 0.602287
314 0.6031
318 0.603159
322 0.60357
331 0.603972
332 0.604047
338 0.604356
346 0.604601
348 0.605021
353 0.605941
359 0.606316
362 0.609095
375 0.609398
379 0.610044
383 0.610948
394 0.611732
398 0.611855
400 0.613244
404 0.61438
406 0.614772
409 0.61482
416 0.615871
417 0.616859
427 0.618041
429 0.618682
436 0.618799
438 0.619346
452 0.619441
462 0.620944
476 0.621504
479 0.621803
481 0.621879
493 0.622221
505 0.622513
508 0.622704
511 0.624018
516 0.624845
517 0.626949
519 0.627241
522 0.628397
541 0.629627
545 0.632596
547 0.633544
551 0.634131
557 0.63477
558 0.634838
560 0.634844
582 0.636266
589 0.63704
591 0.637044
603 0.637322
619 0.637942
625 0.638498
630 0.639101
638 0.639642
647 0.640009
648 0.640758
663 0.6409
671 0.641619
676 0.643238
679 0.64382
701 0.644293
705 0.645367
718 0.645607
731 0.645617
737 0.64764
738 0.647719
751 0.649124
752 0.649162
754 0.649507
758 0.650686
760 0.650767
761 0.653154
786 0.654747
789 0.654917
791 0.655968
793 0.656332
794 0.656489
802 0.658026
806 0.658157
833 0.659126
848 0.66022
877 0.661201
879 0.661888
884 0.663031
893 0.664049
906 0.664503
917 0.665162
983 0.667678
1006 0.668915
1016 0.669495
1018 0.670099
1067 0.671434
1099 0.671972
1144 0.672582
1150 0.674413
1160 0.675418
1186 0.676807
1187 0.67748
1219 0.678563
1234 0.679194
1237 0.67957
1243 0.680254
1248 0.683436
1270 0.683788
1283 0.684214
1295 0.684802
1312 0.687094
1315 0.687321
1352 0.688166
1411 0.688704
1412 0.68937
1436 0.690304
1448 0.691024
1459 0.692454
1465 0.692804
1527 0.693209
1555 0.69385
1613 0.695506
1633 0.695631
1668 0.695805
1672 0.695875
1711 0.697607
1763 0.697995
1773 0.698237
1789 0.698612
1791 0.69943
1840 0.701009
1855 0.701598
1919 0.701733
1964 0.702498
1990 0.705371
1992 0.705425
2055 0.707559
2098 0.708343
2215 0.708879
2260 0.709956
2308 0.710244
2311 0.711154
2441 0.711579
2688 0.71178
2759 0.712557
2803 0.712905
2893 0.713119
3187 0.713154
3283 0.713313
3722 0.713734
4038 0.713852
4088 0.714043
