0 0.478741
1 0.481123
2 0.482184
6 0.484113
7 0.484804
8 0.485858
9 0.486633
10 0.486957
11 0.488388
14 0.489072
16 0.489263
17 0.490273
20 0.490692
22 0.492544
23 0.496562
28 0.498269
31 0.49928
34 0.499345
35 0.500602
36 0.500681
37 0.501209
39 0.501721
41 0.501915
43 0.502759
44 0.504566
46 0.505031
47 0.505095
48 0.505635
49 0.506773
57 0.508049
58 0.510313
61 0.510894
62 0.511073
66 0.514153
69 0.516099
71 0.517697
74 0.520562
75 0.52158
78 0.52393
80 0.526637
81 0.527407
82 0.528009
84 0.529464
89 0.532221
94 0.532375
95 0.532684
96 0.532719
98 0.532741
100 0.533908
104 0.534295
106 0.535531
107 0.536251
110 0.53758
112 0.53779
113 0.538735
114 0.538891
121 0.538997
124 0.541241
126 0.543974
130 0.544149
131 0.544211
133 0.544969
135 0.546603
146 0.547568
147 0.548071
148 0.550961
155 0.55212
159 0.554396
166 0.556153
168 0.558377
179 0.561389
192 0.562354
193 0.56342
194 0.563657
200 0.564372
204 0.565444
209 0.566264
212 0.569007
213 0.570243
214 0.571614
215 0.57326
217 0.573763
219 0.574698
220 0.575001
223 0.575348
224 0.57621
226 0.576995
233 0.577126
238 0.578026
244 0.578614
246 0.579955
247 0.580567
248 0.5809
252 0.58255
256 0.5839
258 0.584243
261 0.585066
270 0.586297
274 0.587595
275 0.588241
280 0.589512
281 0.590827
285 0.591023
295 0.592601
300 0.593158
307 0.593304
308 0.594902
309 0.597303
310 0.598753
317 0.59958
318 0.600206
319 0.600661
325 0.60093
334 0.601407
340 0.602227
343 0.603435
345 0.60488
346 0.605055
350 0.606515
354 0.609996
359 0.610305
361 0.610569
364 0.610869
367 0.613227
378 0.613478
383 0.613618
384 0.613712
393 0.614966
395 0.615337
400 0.617441
402 0.618358
403 0.620204
404 0.621403
412 0.622563
416 0.622705
427 0.624533
428 0.625153
442 0.626878
445 0.627397
457 0.629044
459 0.629422
464 0.629636
467 0.630353
469 0.631599
470 0.631881
474 0.631986
477 0.633487
486 0.636659
489 0.63722
497 0.637323
498 0.638555
510 0.638846
515 0.641338
516 0.643363
519 0.644524
541 0.64509
555 0.646709
558 0.647059
565 0.648268
566 0.64875
575 0.64907
576 0.649801
585 0.649917
601 0.650088
603 0.650515
613 0.650731
624 0.650864
625 0.650997
626 0.652145
627 0.652185
635 0.652599
637 0.652806
642 0.652929
645 0.653322
647 0.654498
664 0.655151
670 0.656532
674 0.656856
686 0.657962
687 0.658255
698 0.659881
699 0.660521
707 0.660555
716 0.661923
730 0.664592
738 0.66472
744 0.665127
746 0.665325
755 0.66602
759 0.667584
766 0.66849
774 0.668642
782 0.66921
787 0.669481
789 0.669639
793 0.671333
823 0.674096
827 0.674304
884 0.674839
898 0.676209
917 0.676693
925 0.677083
933 0.6777
942 0.67779
953 0.6782
957 0.678213
974 0.678723
1038 0.679609
1061 0.679749
1068 0.680118
1094 0.680265
1118 0.680993
1204 0.68111
1205 0.68218
1257 0.68271
1261 0.683472
1268 0.684437
1278 0.684485
1293 0.684591
1337 0.684659
1338 0.684909
1368 0.686124
1385 0.686557
1394 0.687158
1399 0.687266
1403 0.688682
1420 0.689112
1471 0.689278
1489 0.689295
1493 0.689666
1503 0.689984
1517 0.690894
1537 0.691311
1542 0.691322
1576 0.692187
1578 0.692263
1586 0.69309
1618 0.693536
1639 0.694249
1651 0.694339
1656 0.696451
1705 0.697474
1711 0.698192
1715 0.698244
1725 0.69988
1744 0.700684
1814 0.701438
1841 0.701997
1842 0.702717
1863 0.703605
1942 0.703901
1963 0.704714
1972 0.704802
2030 0.70546
2035 0.706581
2057 0.707008
2153 0.708005
2208 0.708664
2404 0.709556
2463 0.710205
2480 0.710286
2586 0.711778
2625 0.712218
2674 0.712526
2676 0.713373
2698 0.713394
2940 0.713621
3160 0.714229
3182 0.714766
3480 0.716422
3736 0.716517
