0 0.502139
1 0.502522
3 0.504153
8 0.506051
11 0.50659
12 0.507509
16 0.509566
18 0.510702
20 0.510798
22 0.512013
25 0.513322
26 0.513526
29 0.514887
30 0.516314
31 0.51735
32 0.518554
35 0.520126
36 0.521163
38 0.522078
39 0.525262
40 0.525769
45 0.52716
46 0.527175
49 0.52728
50 0.528093
51 0.529047
53 0.531038
54 0.532387
58 0.533748
59 0.534768
60 0.534971
68 0.535466
72 0.537048
73 0.538682
74 0.539554
78 0.540021
80 0.540807
86 0.541236
87 0.541906
89 0.542725
90 0.543902
92 0.544205
95 0.544422
97 0.544484
98 0.544734
102 0.545847
104 0.54592
108 0.546496
111 0.54701
113 0.54803
114 0.548684
115 0.549184
117 0.550192
119 0.551357
121 0.553499
123 0.554035
124 0.554976
127 0.558867
128 0.559767
132 0.56127
133 0.561633
134 0.562528
140 0.56403
147 0.564387
149 0.565365
150 0.567288
155 0.567526
160 0.568941
162 0.569971
163 0.571371
164 0.573694
167 0.574535
169 0.575811
172 0.577113
173 0.577901
174 0.578408
177 0.57854
178 0.580295
180 0.581131
182 0.582013
183 0.582239
185 0.582368
188 0.584001
191 0.584399
192 0.585197
198 0.585211
200 0.585622
208 0.586079
209 0.586195
213 0.586543
214 0.586835
216 0.58842
231 0.589226
239 0.590051
240 0.590066
242 0.591033
246 0.591114
255 0.59243
259 0.593444
270 0.594257
280 0.595396
284 0.596589
288 0.597209
289 0.597699
291 0.600163
293 0.600934
303 0.601703
304 0.602934
308 0.603156
319 0.603745
321 0.60509
322 0.605835
323 0.60618
335 0.607029
337 0.608961
340 0.609665
346 0.611478
351 0.612649
352 0.613705
354 0.614083
356 0.614585
359 0.615275
362 0.621229
377 0.621399
382 0.622523
384 0.622724
386 0.622899
387 0.62382
389 0.623895
394 0.626239
400 0.627654
414 0.62815
421 0.628596
425 0.630785
435 0.631817
438 0.632065
445 0.632477
464 0.633807
474 0.633825
480 0.633832
505 0.634666
507 0.637015
515 0.637886
517 0.638312
523 0.638879
524 0.638997
554 0.640237
557 0.640646
568 0.64124
590 0.6418
600 0.642554
613 0.64275
619 0.643018
634 0.644252
644 0.644982
647 0.646129
657 0.647391
658 0.647533
666 0.647993
680 0.648778
682 0.649557
684 0.650249
686 0.650393
694 0.650419
697 0.65193
698 0.655009
701 0.655901
705 0.657048
718 0.657603
730 0.657993
736 0.659821
747 0.660871
775 0.661272
779 0.661831
798 0.662741
799 0.662907
808 0.663179
829 0.663269
853 0.664054
871 0.664916
898 0.665351
904 0.665793
906 0.667573
913 0.669931
917 0.670204
935 0.67021
943 0.671395
947 0.671737
969 0.672085
977 0.672197
986 0.672393
987 0.673689
991 0.674232
1000 0.67552
1025 0.676317
1026 0.676387
1031 0.676972
1033 0.677048
1039 0.678259
1072 0.67828
1077 0.678329
1167 0.680233
1195 0.680477
1208 0.680612
1209 0.682318
1213 0.68244
1225 0.683725
1248 0.683802
1249 0.68436
1250 0.685134
1281 0.68525
1294 0.685539
1387 0.68589
1410 0.687656
1437 0.688474
1454 0.689031
1458 0.689065
1529 0.689809
1544 0.689812
1554 0.690234
1636 0.690348
1668 0.690645
1671 0.690789
1774 0.692318
1793 0.692469
1800 0.693493
1825 0.693511
1848 0.69543
1930 0.695796
1941 0.69656
2050 0.697654
2104 0.697917
2205 0.697927
2213 0.698021
2239 0.699582
2250 0.700098
2341 0.700178
2387 0.700711
2403 0.701249
2419 0.701422
2486 0.701503
2564 0.701721
2637 0.70283
2682 0.70536
2685 0.705735
2691 0.705819
2848 0.705896
2919 0.706203
3048 0.708301
3079 0.708528
3089 0.70961
3134 0.71042
3260 0.710579
3503 0.711043
3791 0.711723
