0 0.505658
1 0.508985
4 0.509118
6 0.510368
7 0.511497
11 0.513485
12 0.515886
14 0.518229
15 0.519503
17 0.519729
19 0.521607
22 0.523047
27 0.525314
31 0.527456
33 0.529775
34 0.531075
35 0.531417
42 0.531627
48 0.531681
50 0.531742
51 0.532792
52 0.533885
57 0.535445
66 0.536663
67 0.537432
70 0.538118
71 0.539409
79 0.540233
80 0.540435
84 0.540794
87 0.541383
89 0.543186
90 0.543288
91 0.543786
92 0.545665
95 0.546641
96 0.54694
100 0.549373
102 0.550613
104 0.550922
106 0.552298
109 0.554087
115 0.55412
123 0.554809
124 0.557044
125 0.557174
126 0.557822
127 0.558011
129 0.560034
134 0.561392
141 0.561608
143 0.561823
146 0.56213
147 0.563332
148 0.565466
150 0.566501
156 0.566625
157 0.567868
159 0.569007
160 0.570799
162 0.570822
163 0.572779
164 0.573867
166 0.574284
172 0.574356
174 0.575992
175 0.577238
177 0.578332
179 0.580105
180 0.580197
187 0.580802
191 0.580906
196 0.582142
198 0.583455
203 0.585157
211 0.587571
214 0.588466
216 0.588622
223 0.590151
227 0.590456
235 0.590948
236 0.592433
245 0.593174
250 0.593914
252 0.594107
254 0.594624
255 0.595811
261 0.596019
265 0.596559
268 0.597461
276 0.598715
284 0.599187
286 0.599966
293 0.601816
297 0.605406
298 0.606914
304 0.607031
313 0.60945
314 0.609808
319 0.610408
322 0.610752
328 0.611427
329 0.612581
339 0.612635
343 0.614046
357 0.616234
358 0.617321
359 0.61776
361 0.61871
365 0.618994
366 0.619143
373 0.619643
375 0.620759
378 0.621542
381 0.622527
391 0.623053
395 0.623096
402 0.623456
405 0.624172
410 0.625077
415 0.625805
419 0.627801
421 0.628789
428 0.629008
436 0.630262
458 0.630603
468 0.630972
470 0.632492
478 0.633507
482 0.636734
483 0.637105
485 0.637199
491 0.637922
493 0.638567
498 0.640523
502 0.641725
506 0.642917
509 0.643655
516 0.644814
522 0.647146
523 0.647943
529 0.648062
534 0.64945
535 0.650659
557 0.652785
559 0.654308
560 0.655244
561 0.655444
571 0.655457
577 0.65574
597 0.65641
620 0.656505
635 0.656514
637 0.656741
639 0.656816
644 0.658458
656 0.658506
659 0.659147
670 0.65928
681 0.659522
691 0.659573
695 0.660158
698 0.660709
701 0.661809
713 0.662522
716 0.662794
723 0.663273
726 0.664537
739 0.665442
742 0.665646
766 0.666232
808 0.667518
811 0.667885
822 0.668164
829 0.669324
836 0.66948
840 0.669634
849 0.670547
859 0.671113
877 0.672112
892 0.672116
895 0.672249
907 0.672439
914 0.674326
920 0.674857
925 0.676039
933 0.676346
935 0.676523
937 0.676677
938 0.678422
974 0.679459
986 0.679722
997 0.680036
1027 0.680898
1028 0.681471
1042 0.683036
1043 0.683042
1049 0.683357
1051 0.683367
1073 0.683376
1087 0.684669
1098 0.685238
1100 0.685401
1128 0.686536
1140 0.687089
1145 0.687177
1158 0.687788
1186 0.688041
1187 0.688213
1229 0.689313
1235 0.689335
1327 0.690555
1376 0.690676
1377 0.690687
1399 0.692442
1433 0.693012
1470 0.69484
1499 0.696733
1508 0.697125
1515 0.698464
1523 0.699137
1538 0.699861
1616 0.70026
1618 0.701597
1666 0.702141
1679 0.702489
1703 0.702933
1704 0.703489
1747 0.704828
1773 0.705008
1779 0.70526
1787 0.705863
1799 0.707007
1924 0.707157
1956 0.708685
1960 0.709181
1978 0.709383
2085 0.710621
2102 0.71093
2164 0.710993
2196 0.711885
2260 0.712349
2275 0.712484
2358 0.71334
2771 0.714419
2910 0.714701
3187 0.715644
