0 0.479518
4 0.481196
6 0.481355
8 0.481984
9 0.484734
17 0.485839
18 0.488843
19 0.489409
25 0.490956
26 0.491063
28 0.493902
30 0.495862
31 0.496368
32 0.497932
33 0.500295
39 0.500463
42 0.501028
43 0.502994
44 0.504159
45 0.505659
46 0.506284
48 0.507006
54 0.508527
55 0.508974
60 0.51116
61 0.511275
63 0.511687
66 0.513874
67 0.516596
68 0.517452
70 0.517987
75 0.518607
78 0.518698
81 0.519443
84 0.519735
86 0.520829
89 0.521036
90 0.521141
91 0.521309
92 0.523337
93 0.525112
101 0.526418
102 0.52649
107 0.526618
109 0.526709
113 0.528895
115 0.531731
117 0.532092
119 0.534651
121 0.535218
123 0.539539
125 0.539999
127 0.540098
129 0.540128
130 0.541663
132 0.543054
135 0.544478
138 0.544638
142 0.544677
145 0.546287
148 0.547222
151 0.54802
156 0.549782
165 0.551456
167 0.5527
168 0.553887
169 0.553889
173 0.555183
174 0.556382
176 0.556974
180 0.55803
181 0.55983
183 0.561964
188 0.56252
189 0.562862
190 0.563032
191 0.56541
193 0.567846
194 0.56814
196 0.568647
198 0.56881
200 0.569901
201 0.570714
203 0.571877
209 0.57415
210 0.574674
213 0.57541
214 0.576993
220 0.57794
222 0.578293
225 0.579286
226 0.579398
227 0.580305
230 0.580462
231 0.580785
232 0.581227
233 0.58222
237 0.583276
239 0.583501
240 0.584044
241 0.584379
242 0.58502
245 0.585536
247 0.58641
252 0.588515
259 0.589984
265 0.590634
270 0.590832
272 0.591481
273 0.593625
279 0.593846
285 0.595155
286 0.596347
287 0.596921
289 0.597767
292 0.597785
297 0.598565
303 0.600942
304 0.60152
305 0.601525
308 0.602726
314 0.60317
319 0.604916
320 0.606773
327 0.607679
330 0.608573
340 0.609347
343 0.609858
345 0.610208
346 0.610424
348 0.610867
350 0.615117
351 0.615683
353 0.615799
360 0.617411
362 0.618205
368 0.619102
373 0.619244
378 0.619332
380 0.619384
382 0.620538
383 0.620606
393 0.621205
398 0.621332
407 0.621754
410 0.622113
411 0.623055
417 0.623209
418 0.623523
431 0.626572
432 0.627727
453 0.627788
460 0.628095
464 0.629384
465 0.629782
486 0.629925
491 0.630874
492 0.630882
503 0.631016
508 0.631402
511 0.631408
521 0.63199
530 0.632166
540 0.633663
554 0.634436
559 0.635934
568 0.637001
600 0.637402
602 0.637891
604 0.639115
607 0.63982
620 0.641728
625 0.642685
654 0.643282
661 0.643545
664 0.643719
668 0.644748
671 0.64626
673 0.648215
674 0.648279
676 0.64856
691 0.648918
695 0.650444
698 0.651654
701 0.651792
704 0.653342
724 0.654627
732 0.654988
737 0.655356
738 0.656168
741 0.657453
745 0.657571
748 0.658552
752 0.65918
759 0.65924
765 0.659548
767 0.660361
769 0.661749
780 0.662363
785 0.662414
789 0.663636
804 0.664158
812 0.664228
821 0.664944
828 0.665371
839 0.666592
843 0.666728
853 0.667528
854 0.667984
856 0.668999
857 0.669016
883 0.669077
886 0.669173
895 0.669427
911 0.670327
912 0.670969
930 0.67098
932 0.671403
935 0.672378
959 0.672548
962 0.672665
967 0.673213
968 0.674477
993 0.674974
996 0.676141
1020 0.677273
1032 0.67756
1049 0.678149
1052 0.679017
1054 0.681365
1056 0.681838
1067 0.681932
1086 0.683019
1108 0.6841
1171 0.685706
1172 0.685977
1179 0.68603
1192 0.686567
1196 0.688248
1202 0.688774
1204 0.689143
1207 0.689524
1212 0.689831
1229 0.69174
1230 0.692879
1231 0.693187
1234 0.693602
1251 0.694871
1263 0.695926
1277 0.696041
1281 0.696116
1327 0.696233
1344 0.696729
1345 0.697498
1349 0.699569
1359 0.700518
1371 0.700762
1373 0.701136
1416 0.702159
1474 0.702223
1498 0.70264
1504 0.703268
1511 0.703695
1518 0.704649
1557 0.70489
1579 0.704938
1633 0.705877
1661 0.70594
1708 0.706851
1724 0.70701
1744 0.707083
1749 0.708699
1763 0.709084
1810 0.709441
1871 0.710245
1880 0.711844
2002 0.712755
2050 0.712909
2070 0.714265
2260 0.714325
2403 0.714593
2422 0.715692
2459 0.715696
2674 0.715978
2724 0.716085
2769 0.716315
2938 0.71649
3279 0.716554
3635 0.716878
3698 0.71713
