0 0.491414
2 0.49258
3 0.493203
4 0.49605
7 0.496343
9 0.497765
10 0.49792
11 0.499667
12 0.500165
13 0.500885
17 0.501034
20 0.50306
23 0.508297
26 0.51075
27 0.512453
29 0.512651
31 0.51363
33 0.515138
36 0.516264
37 0.516506
42 0.516587
45 0.518555
46 0.519964
48 0.521208
49 0.522149
50 0.522556
51 0.523544
52 0.52374
57 0.524429
60 0.524636
61 0.526646
67 0.527667
68 0.528643
73 0.528786
79 0.528908
81 0.529022
83 0.529141
88 0.529308
89 0.529997
91 0.53
92 0.5301
93 0.531714
94 0.534318
98 0.534457
99 0.536094
105 0.536655
108 0.539144
113 0.539501
116 0.5416
121 0.541793
130 0.542471
132 0.545189
134 0.547096
135 0.548227
136 0.549673
138 0.550869
144 0.551726
147 0.554548
153 0.555664
154 0.556031
156 0.556092
158 0.556987
162 0.557853
163 0.561641
164 0.563557
166 0.564035
169 0.564233
172 0.564931
173 0.565564
177 0.566527
178 0.567474
182 0.568825
188 0.56958
190 0.570363
191 0.572067
197 0.573523
201 0.573913
202 0.574966
203 0.57509
204 0.575585
206 0.577414
210 0.579241
211 0.581889
212 0.583406
214 0.584943
215 0.586733
218 0.58769
220 0.588423
221 0.589333
226 0.589449
228 0.589498
234 0.589711
236 0.589752
239 0.590687
240 0.593172
246 0.593388
247 0.595509
251 0.595592
255 0.597772
259 0.597775
263 0.597885
264 0.598262
265 0.601605
274 0.601749
276 0.601879
285 0.602283
286 0.60398
287 0.604439
288 0.604468
297 0.604608
303 0.605119
309 0.606315
311 0.607529
313 0.607917
323 0.609974
325 0.612919
351 0.615984
357 0.617816
365 0.61839
367 0.618492
383 0.619061
395 0.619835
397 0.620059
400 0.620642
408 0.620821
416 0.620862
435 0.620976
436 0.622731
438 0.623174
443 0.623363
445 0.623867
448 0.624344
455 0.625202
457 0.625409
466 0.625798
467 0.628819
479 0.63057
480 0.630746
493 0.631997
496 0.633159
500 0.634037
504 0.634868
505 0.63522
506 0.636243
508 0.636591
510 0.637205
514 0.638658
517 0.639961
519 0.640269
522 0.641325
524 0.643906
528 0.644681
536 0.645176
559 0.64572
564 0.645936
568 0.646915
572 0.647111
576 0.647441
584 0.647463
588 0.64765
589 0.6493
590 0.650328
591 0.651916
595 0.653733
604 0.65521
605 0.655282
613 0.656917
618 0.656965
621 0.657366
633 0.657536
648 0.658209
653 0.659392
686 0.659974
704 0.660018
714 0.660357
730 0.661194
731 0.662037
760 0.663302
778 0.664335
779 0.664505
787 0.664786
798 0.665316
799 0.665901
806 0.666562
808 0.667128
812 0.668007
819 0.668892
821 0.670492
822 0.670713
831 0.671283
832 0.672121
877 0.672889
899 0.674352
915 0.676472
923 0.677095
930 0.678014
935 0.678359
939 0.678425
945 0.679082
950 0.679135
965 0.679498
979 0.680703
992 0.680744
999 0.680943
1024 0.680973
1028 0.682019
1045 0.682141
1046 0.683371
1049 0.683509
1053 0.683591
1112 0.683763
1115 0.683839
1153 0.684921
1158 0.685332
1166 0.685539
1231 0.686654
1240 0.686655
1284 0.686781
1289 0.688572
1297 0.690062
1302 0.690615
1303 0.690749
1310 0.691898
1317 0.692525
1332 0.693797
1395 0.693995
1419 0.694287
1451 0.69503
1455 0.69577
1479 0.695944
1480 0.696831
1481 0.697788
1515 0.69917
1517 0.699328
1522 0.700336
1541 0.700905
1547 0.701025
1563 0.701414
1567 0.701602
1573 0.702321
1576 0.702734
1577 0.703523
1592 0.703988
1614 0.70443
1668 0.704973
1877 0.705785
1899 0.707279
1924 0.707506
1925 0.708304
1937 0.70861
1953 0.70879
1997 0.709148
2095 0.709522
2106 0.709688
2247 0.711694
2258 0.712321
2332 0.713114
2343 0.71328
2344 0.713487
2431 0.714645
2810 0.715228
