0 0.512202
1 0.512602
8 0.513832
9 0.516155
11 0.516713
12 0.518462
15 0.520406
17 0.520829
18 0.523723
19 0.524366
20 0.525087
21 0.527254
23 0.527318
24 0.527887
25 0.528129
26 0.529605
31 0.529801
35 0.530779
36 0.531426
37 0.532297
40 0.533473
41 0.53369
44 0.533904
49 0.534034
52 0.53616
55 0.536166
60 0.536483
63 0.537635
65 0.538143
70 0.539155
71 0.540431
72 0.540772
74 0.543537
75 0.54414
78 0.545307
81 0.546012
82 0.546166
84 0.546183
85 0.546391
86 0.546732
90 0.547301
100 0.54891
109 0.549018
110 0.549689
111 0.551279
112 0.552128
114 0.554735
117 0.555817
118 0.557134
119 0.557699
120 0.558753
121 0.558859
123 0.559122
124 0.561554
127 0.561558
129 0.564618
132 0.565379
136 0.565959
139 0.566053
148 0.566867
151 0.568296
154 0.568713
156 0.569173
159 0.569816
164 0.571096
165 0.571313
166 0.571386
171 0.572143
183 0.572313
193 0.57282
194 0.57424
198 0.575287
204 0.577954
205 0.579625
207 0.580156
208 0.580279
215 0.580982
218 0.581162
219 0.581539
221 0.581691
222 0.584035
224 0.584792
230 0.587171
239 0.59076
241 0.590862
243 0.590979
246 0.592878
249 0.592954
253 0.593892
255 0.594937
257 0.594998
259 0.595947
261 0.598377
262 0.598465
263 0.59943
266 0.601559
271 0.601973
274 0.602597
275 0.603829
276 0.60392
278 0.605151
284 0.606185
290 0.606383
291 0.607501
292 0.609328
297 0.609389
301 0.611422
305 0.612401
313 0.613033
314 0.613898
318 0.613962
320 0.614607
321 0.614646
323 0.614948
325 0.615973
327 0.616065
329 0.616333
330 0.618225
333 0.618877
334 0.618891
352 0.619155
363 0.619325
367 0.620723
382 0.621086
383 0.62232
384 0.622494
386 0.622547
393 0.623328
406 0.624772
407 0.625378
413 0.626529
415 0.626662
420 0.627243
421 0.627676
433 0.627842
441 0.628264
451 0.630407
456 0.630422
457 0.630436
458 0.632293
459 0.632651
464 0.63302
466 0.633495
468 0.633575
472 0.634068
483 0.634556
491 0.635033
498 0.635615
499 0.63611
500 0.636243
503 0.636376
504 0.637475
506 0.637558
516 0.638288
517 0.638305
518 0.639739
521 0.64015
526 0.640266
530 0.640467
539 0.640809
559 0.641702
564 0.6419
572 0.642327
602 0.642806
611 0.643708
629 0.64552
633 0.647292
659 0.649928
667 0.650334
669 0.651167
670 0.651559
675 0.653186
678 0.653397
683 0.65505
684 0.655689
688 0.656443
689 0.659291
693 0.659931
702 0.660715
704 0.661305
716 0.66225
722 0.662902
730 0.66402
750 0.664054
758 0.664905
771 0.665675
775 0.665844
784 0.666634
792 0.666684
801 0.667368
802 0.66811
811 0.670039
812 0.670307
818 0.67057
826 0.670654
832 0.671774
842 0.6718
857 0.673005
865 0.673602
868 0.674026
874 0.675343
890 0.675582
894 0.675788
924 0.677672
963 0.677724
978 0.677883
987 0.679315
997 0.681677
1026 0.681797
1033 0.681883
1044 0.684065
1055 0.684336
1072 0.684665
1085 0.684669
1093 0.684762
1116 0.685601
1146 0.686145
1147 0.686291
1158 0.686543
1159 0.686807
1174 0.688002
1205 0.690606
1210 0.691938
1250 0.692046
1266 0.692181
1286 0.692716
1305 0.693832
1316 0.693838
1318 0.693914
1332 0.694423
1333 0.694557
1361 0.696373
1362 0.696415
1369 0.69783
1422 0.697924
1434 0.699757
1478 0.70017
1535 0.700561
1546 0.702287
1612 0.702496
1617 0.703718
1619 0.703768
1637 0.703911
1768 0.705989
1787 0.70603
1836 0.706134
1882 0.706347
1893 0.706482
1912 0.707424
1942 0.707685
1947 0.707697
1956 0.707969
1999 0.708988
2057 0.709329
2122 0.709488
2180 0.709729
2184 0.710871
2193 0.711644
2253 0.712109
2267 0.71251
2271 0.712637
2478 0.712939
2487 0.715066
2668 0.715182
2710 0.715191
2774 0.715844
3065 0.716381
3483 0.716572
