0 0.477593
3 0.478081
4 0.47853
6 0.479434
8 0.48227
10 0.483831
12 0.485995
14 0.486691
20 0.490029
23 0.491742
25 0.493246
26 0.4945
29 0.495735
30 0.496005
31 0.496841
32 0.497656
35 0.498067
36 0.499213
42 0.501338
43 0.501645
44 0.502769
46 0.503571
49 0.504077
59 0.50484
61 0.504849
62 0.505645
64 0.506752
66 0.510456
67 0.510458
68 0.51149
69 0.512113
70 0.512797
71 0.513903
72 0.514244
74 0.515907
77 0.516386
79 0.516948
81 0.519009
87 0.522025
88 0.523462
90 0.523934
92 0.524992
93 0.526021
94 0.526196
96 0.527305
108 0.52731
109 0.527504
110 0.529783
112 0.530527
113 0.531508
114 0.532003
117 0.532087
118 0.53447
125 0.536033
126 0.537503
127 0.537748
128 0.539521
130 0.539562
133 0.540506
136 0.541167
140 0.541242
141 0.54412
142 0.544211
147 0.545429
148 0.548012
150 0.548147
152 0.548224
159 0.548975
160 0.548998
163 0.549984
165 0.550171
170 0.55187
173 0.552222
174 0.553019
178 0.553196
185 0.555541
186 0.559838
190 0.56158
193 0.561909
194 0.56477
196 0.56647
207 0.566974
214 0.567838
219 0.568212
221 0.568594
222 0.570443
223 0.571322
225 0.571329
228 0.57282
229 0.573772
230 0.574508
232 0.575633
234 0.579022
240 0.579803
242 0.581315
245 0.585702
247 0.586548
248 0.587188
249 0.588684
252 0.588955
257 0.589656
259 0.590633
276 0.591112
282 0.591364
283 0.591813
284 0.592879
292 0.594631
299 0.598063
301 0.599907
315 0.600692
317 0.601491
321 0.603044
327 0.607152
328 0.60746
330 0.607913
341 0.607974
351 0.609142
359 0.610165
362 0.610379
366 0.611325
368 0.611541
372 0.612251
379 0.612266
392 0.613368
398 0.617024
401 0.617893
403 0.619704
407 0.620974
415 0.621522
425 0.622028
431 0.623833
435 0.624561
440 0.625058
445 0.62528
448 0.626179
449 0.628003
450 0.62843
459 0.62998
470 0.631062
474 0.631238
479 0.632478
488 0.633426
499 0.63459
503 0.636109
505 0.637692
523 0.63805
526 0.638179
534 0.638681
539 0.640355
541 0.640556
570 0.640678
581 0.642749
584 0.645414
589 0.645512
598 0.64622
602 0.647319
603 0.648471
619 0.64865
620 0.649027
624 0.650348
632 0.650759
657 0.651718
677 0.65182
681 0.653518
682 0.653612
691 0.653969
692 0.654078
713 0.655125
736 0.655795
745 0.656058
755 0.656554
763 0.657228
765 0.657274
783 0.657766
792 0.658442
799 0.659813
805 0.66197
813 0.663146
815 0.664388
821 0.665256
824 0.665882
838 0.666211
839 0.667629
842 0.668228
855 0.668698
876 0.66941
885 0.671244
890 0.672286
924 0.673094
933 0.674579
934 0.675634
938 0.676357
951 0.676971
988 0.677252
995 0.678303
997 0.678372
1032 0.679088
1044 0.679658
1046 0.679838
1076 0.680262
1085 0.681162
1104 0.68162
1130 0.682007
1131 0.682563
1157 0.683019
1160 0.684335
1169 0.684806
1199 0.685016
1249 0.685891
1262 0.686571
1329 0.686829
1342 0.687071
1345 0.687517
1346 0.68827
1378 0.688703
1379 0.68893
1384 0.689835
1455 0.689844
1486 0.690132
1496 0.691211
1555 0.69158
1567 0.691773
1586 0.691922
1609 0.693297
1746 0.693711
1751 0.694303
1795 0.694662
1797 0.695338
1862 0.695421
1870 0.696101
1873 0.696189
1915 0.696356
1948 0.69644
2037 0.697725
2038 0.697899
2046 0.698429
2149 0.699889
2242 0.700048
2342 0.702435
2391 0.702449
2509 0.702486
2534 0.70255
2627 0.703072
2656 0.703122
2832 0.703513
2933 0.704317
2991 0.704432
3032 0.704574
3119 0.705197
3209 0.705241
3270 0.705821
3419 0.706028
3571 0.707183
3615 0.70931
3658 0.709923
3801 0.710228
3941 0.711437
4085 0.711852
4342 0.713138
