0 0.4989
4 0.499937
5 0.499967
7 0.500558
8 0.501364
9 0.501488
12 0.502221
17 0.504748
18 0.505298
20 0.505729
21 0.507245
29 0.509585
30 0.511189
36 0.511675
37 0.512272
39 0.51323
40 0.513991
42 0.514101
43 0.515463
45 0.515861
47 0.516928
52 0.519241
57 0.520644
59 0.523038
60 0.524423
63 0.524517
65 0.526306
71 0.526529
74 0.526871
77 0.527346
78 0.528311
79 0.528659
82 0.530722
88 0.530766
89 0.53089
92 0.532205
93 0.532227
94 0.535397
96 0.536856
98 0.538423
99 0.539065
100 0.539323
104 0.540439
108 0.540641
110 0.540921
114 0.542725
119 0.544183
120 0.544774
121 0.547133
122 0.547873
127 0.548595
128 0.54988
129 0.550306
130 0.551678
136 0.552484
137 0.553988
138 0.554516
141 0.555302
143 0.556314
144 0.55783
145 0.55898
146 0.561164
153 0.563004
154 0.563782
158 0.564485
161 0.565977
162 0.566906
166 0.569217
168 0.570818
169 0.572598
174 0.572927
179 0.574646
187 0.575403
192 0.576793
199 0.576941
200 0.578433
201 0.578968
202 0.579355
203 0.582052
209 0.583185
211 0.584367
213 0.584948
214 0.585575
215 0.585943
216 0.588602
219 0.589246
228 0.590452
236 0.590469
237 0.591432
239 0.591603
242 0.591858
249 0.592486
255 0.593291
257 0.593326
277 0.59377
281 0.594239
284 0.594429
285 0.595317
287 0.595331
293 0.595365
295 0.595376
296 0.596973
298 0.596995
301 0.600806
302 0.601537
304 0.602791
306 0.604103
314 0.604755
315 0.604956
316 0.605154
317 0.605201
318 0.606134
319 0.607212
323 0.608876
328 0.609272
332 0.610319
346 0.610602
348 0.610803
353 0.611548
361 0.61199
367 0.613195
376 0.613733
380 0.614645
386 0.61505
387 0.615701
389 0.616486
397 0.617521
399 0.618753
401 0.619994
412 0.620575
424 0.620625
425 0.623262
429 0.623413
436 0.62518
438 0.626416
441 0.626611
452 0.626867
454 0.627208
458 0.627666
461 0.628962
471 0.629712
488 0.630205
489 0.630816
498 0.6318
502 0.631988
520 0.633049
521 0.634405
529 0.635177
536 0.635386
537 0.635881
538 0.636993
545 0.63763
560 0.638492
570 0.639753
586 0.640674
589 0.641045
591 0.642372
594 0.642958
601 0.64344
632 0.643881
635 0.644462
653 0.644479
670 0.64492
671 0.645741
685 0.645982
689 0.647276
693 0.648292
695 0.648616
708 0.649759
711 0.650519
714 0.650708
715 0.651251
732 0.652659
741 0.653302
744 0.653729
759 0.654588
781 0.655285
789 0.655684
796 0.656624
815 0.657788
818 0.658091
825 0.659502
852 0.659677
859 0.659788
860 0.660929
882 0.661152
894 0.66164
909 0.661895
922 0.664275
926 0.664845
930 0.666392
939 0.666445
950 0.666525
951 0.666958
954 0.666967
960 0.667687
961 0.668954
972 0.669919
974 0.670546
985 0.670569
1005 0.671461
1007 0.671717
1016 0.672031
1063 0.672893
1076 0.673155
1077 0.673693
1110 0.67622
1128 0.676904
1138 0.676909
1140 0.680499
1150 0.6811
1152 0.68124
1158 0.681614
1178 0.682773
1225 0.683592
1284 0.685366
1329 0.686137
1391 0.686876
1407 0.688382
1410 0.689156
1427 0.689914
1429 0.691421
1476 0.691517
1518 0.693029
1573 0.693819
1575 0.693921
1604 0.694056
1664 0.695086
1711 0.696732
1754 0.698291
1812 0.701161
1876 0.702038
1889 0.703865
1941 0.704449
1984 0.704517
2065 0.704629
2239 0.706556
2304 0.706843
2316 0.70753
2403 0.708016
2535 0.708364
2660 0.708381
2764 0.709063
2769 0.709222
2855 0.70995
2860 0.71041
2894 0.710846
2912 0.711332
3107 0.711464
3235 0.712034
3252 0.712061
3324 0.712123
3338 0.712708
3531 0.713071
3629 0.713653
3704 0.714632
