0 0.508288
5 0.509066
7 0.510586
11 0.511091
12 0.512266
17 0.512671
18 0.513548
20 0.513611
21 0.514564
22 0.515556
30 0.516687
32 0.517805
34 0.518292
35 0.519254
44 0.519546
47 0.519589
49 0.521046
52 0.521638
58 0.522543
59 0.524008
61 0.524017
62 0.527069
64 0.528659
65 0.529619
66 0.531823
67 0.532417
70 0.533477
71 0.533772
72 0.535754
73 0.535832
74 0.537172
78 0.53764
80 0.537964
81 0.538958
84 0.539181
91 0.539368
97 0.541433
100 0.541694
104 0.542552
106 0.542977
107 0.544381
108 0.545024
110 0.545251
113 0.54704
116 0.54733
118 0.548365
119 0.54958
120 0.551423
123 0.551613
125 0.552807
128 0.553129
129 0.553687
130 0.554506
131 0.554992
132 0.555441
133 0.559859
135 0.560572
137 0.56207
138 0.56513
141 0.566007
148 0.56635
149 0.566384
152 0.567681
154 0.569641
155 0.570712
157 0.572249
158 0.572863
159 0.574774
167 0.576204
170 0.576881
171 0.5784
174 0.579039
179 0.57908
182 0.581759
185 0.583638
189 0.583699
206 0.583816
214 0.584524
215 0.585444
217 0.586306
221 0.587393
223 0.589296
225 0.589439
231 0.589655
233 0.589997
235 0.592566
239 0.59352
241 0.594303
242 0.595773
246 0.597062
250 0.597153
251 0.597634
253 0.597804
255 0.599811
259 0.60088
266 0.601006
268 0.601451
272 0.601977
273 0.603086
275 0.603469
278 0.603891
282 0.604853
285 0.606002
288 0.608173
295 0.60914
300 0.609509
304 0.609771
311 0.611621
314 0.611855
329 0.611986
336 0.612624
342 0.61298
344 0.613206
345 0.614083
346 0.615168
353 0.615585
360 0.61574
361 0.617073
363 0.619554
364 0.620629
374 0.620935
380 0.621818
388 0.622874
399 0.622996
400 0.62375
403 0.625541
416 0.627591
420 0.629618
421 0.629651
423 0.63003
437 0.630573
442 0.630666
451 0.631008
454 0.631554
458 0.632028
460 0.632163
461 0.633322
463 0.633928
468 0.634399
483 0.636754
485 0.637333
511 0.639341
517 0.639784
522 0.640168
524 0.640777
525 0.641876
535 0.642268
556 0.644263
559 0.644473
560 0.644546
565 0.644896
568 0.645574
570 0.646253
585 0.646643
588 0.648134
603 0.650039
607 0.650061
615 0.651246
622 0.652139
634 0.65328
644 0.654172
648 0.65454
649 0.654946
654 0.654982
656 0.656562
671 0.657202
688 0.659338
697 0.660106
699 0.660743
719 0.660785
738 0.662297
743 0.662765
745 0.664277
747 0.665175
754 0.666342
756 0.667398
759 0.667969
761 0.668324
763 0.669594
769 0.673173
791 0.673746
795 0.674834
799 0.675023
814 0.675042
836 0.676416
837 0.677058
839 0.677145
867 0.677295
872 0.677846
881 0.678234
904 0.678536
909 0.680294
927 0.680565
943 0.680939
952 0.683199
953 0.685716
976 0.686117
988 0.686561
995 0.687044
1012 0.688747
1032 0.688935
1043 0.689048
1047 0.689378
1054 0.69009
1083 0.690154
1084 0.69082
1103 0.691021
1112 0.693101
1123 0.693866
1124 0.693894
1137 0.694241
1167 0.694417
1171 0.694656
1184 0.69553
1199 0.695684
1207 0.696111
1210 0.697191
1258 0.697217
1297 0.698529
1310 0.69886
1320 0.69891
1357 0.699332
1400 0.699381
1418 0.701152
1457 0.701832
1489 0.703446
1495 0.703598
1513 0.703693
1521 0.703873
1595 0.704768
1670 0.705493
1674 0.70649
1703 0.707249
1705 0.707324
1713 0.708025
1750 0.708107
1793 0.708936
1963 0.709525
2051 0.709989
2256 0.710197
2313 0.710331
2426 0.710921
2433 0.711335
2522 0.712157
2551 0.712225
2655 0.712349
2830 0.713268
2958 0.713338
2963 0.714885
3107 0.714965
3214 0.716163
3544 0.716206
