0 0.511766
1 0.512753
2 0.513743
3 0.516312
6 0.517101
8 0.518249
10 0.520196
11 0.521752
12 0.523496
14 0.524956
19 0.526862
22 0.527767
23 0.530023
24 0.530883
25 0.531308
27 0.53454
28 0.534995
31 0.53656
32 0.538331
33 0.539585
34 0.539704
35 0.540699
36 0.541217
42 0.542528
44 0.543184
47 0.54451
51 0.545147
52 0.545347
56 0.546147
59 0.547352
60 0.549091
61 0.550423
62 0.55052
64 0.552054
66 0.552659
68 0.553606
69 0.55377
73 0.555416
74 0.557684
75 0.559862
77 0.560353
79 0.561625
83 0.562964
85 0.564913
87 0.566621
92 0.567962
97 0.568719
100 0.569129
102 0.570109
105 0.572502
108 0.574157
110 0.576284
111 0.577192
114 0.578231
115 0.578842
118 0.578975
121 0.579077
126 0.580412
128 0.581093
129 0.582084
136 0.58368
138 0.584847
141 0.585445
146 0.586002
150 0.586034
157 0.587236
158 0.587882
163 0.588049
166 0.588335
167 0.589224
174 0.589245
179 0.589294
180 0.590904
185 0.592047
187 0.592712
188 0.592961
191 0.59515
194 0.596207
198 0.596628
200 0.597358
202 0.597367
207 0.598289
210 0.599218
211 0.599662
218 0.600813
221 0.600893
223 0.602009
225 0.602949
230 0.603339
234 0.603436
238 0.603785
241 0.604399
253 0.605095
254 0.606076
271 0.606235
273 0.607766
276 0.608587
278 0.609464
281 0.60962
283 0.609863
294 0.610538
296 0.61126
299 0.612065
301 0.612373
302 0.61291
305 0.613847
308 0.61414
309 0.616011
333 0.616515
337 0.617464
339 0.618802
343 0.619921
352 0.620131
360 0.621105
361 0.622923
365 0.623677
369 0.624407
378 0.625421
389 0.628502
408 0.629081
410 0.629491
411 0.629534
412 0.629774
420 0.630746
447 0.631495
448 0.632623
453 0.633265
461 0.635306
476 0.635583
477 0.635782
483 0.635834
484 0.636014
492 0.636039
493 0.636983
497 0.637884
512 0.639075
519 0.640359
522 0.642187
526 0.643369
557 0.643404
560 0.643504
576 0.64441
588 0.64448
605 0.644897
614 0.646694
616 0.648026
647 0.64846
657 0.649687
661 0.650225
669 0.650718
675 0.651137
690 0.651463
703 0.651518
710 0.652255
711 0.653052
714 0.65515
718 0.655288
733 0.656464
738 0.656547
743 0.658571
753 0.659186
759 0.661237
795 0.663381
802 0.663896
817 0.663993
826 0.664939
840 0.664943
849 0.665438
852 0.665975
857 0.667705
865 0.670075
870 0.671018
891 0.671758
899 0.672432
931 0.673721
942 0.674036
949 0.675066
961 0.675068
998 0.675234
1023 0.676761
1043 0.677543
1062 0.678677
1077 0.679908
1079 0.680109
1084 0.68145
1094 0.682443
1098 0.683505
1106 0.683906
1110 0.683935
1130 0.684395
1134 0.684758
1142 0.685357
1172 0.685862
1184 0.686447
1198 0.686676
1210 0.686928
1215 0.687672
1222 0.687844
1231 0.688342
1252 0.689015
1292 0.689224
1295 0.689275
1323 0.689534
1363 0.690184
1367 0.690517
1438 0.690788
1442 0.691018
1462 0.691333
1463 0.691638
1481 0.693404
1503 0.693713
1507 0.693917
1511 0.694293
1520 0.695085
1523 0.695356
1572 0.695892
1588 0.696966
1613 0.698545
1644 0.699952
1684 0.700309
1691 0.701552
1716 0.702095
1721 0.70307
1728 0.703374
1768 0.703489
1806 0.703614
1839 0.704829
1873 0.705236
1877 0.705276
1918 0.705514
1928 0.706309
1981 0.70754
2065 0.707846
2092 0.707927
2101 0.708906
2115 0.709066
2157 0.710352
2160 0.710726
2270 0.711501
2295 0.712274
2299 0.713256
2303 0.713643
2310 0.713851
2358 0.713992
2375 0.714386
2584 0.714649
2605 0.714711
2633 0.715642
2652 0.7169
2686 0.717022
2754 0.718221
2899 0.71881
3224 0.719109
