0 0.512605
1 0.513631
6 0.514271
8 0.514967
11 0.515612
14 0.518448
17 0.519522
20 0.520559
24 0.522
26 0.523334
28 0.524139
32 0.524228
34 0.524635
36 0.52558
37 0.526984
38 0.52793
40 0.530363
41 0.531015
44 0.531469
45 0.532769
48 0.533887
51 0.53464
55 0.535368
56 0.53688
57 0.537161
58 0.538451
61 0.539182
62 0.539763
64 0.539877
66 0.540467
67 0.5405
68 0.542333
72 0.542392
74 0.542981
76 0.543285
79 0.543752
82 0.546275
83 0.548187
84 0.549734
85 0.552086
88 0.552623
90 0.552973
91 0.553447
92 0.553704
94 0.555864
97 0.556489
99 0.557748
100 0.558939
101 0.559612
105 0.560779
106 0.561009
116 0.561888
117 0.562816
118 0.563072
120 0.563832
122 0.566364
123 0.566554
130 0.567046
142 0.567389
144 0.567461
145 0.568808
152 0.568836
153 0.569599
156 0.569837
160 0.570678
164 0.572983
165 0.573406
167 0.575126
170 0.577033
171 0.577124
172 0.57832
174 0.579088
175 0.579467
178 0.580235
181 0.580341
184 0.580706
189 0.582386
190 0.583648
192 0.585505
195 0.586837
198 0.587857
200 0.589971
211 0.590815
223 0.59099
227 0.592081
229 0.592724
240 0.593382
247 0.59418
250 0.594621
255 0.598128
256 0.599022
258 0.59956
259 0.600479
261 0.601769
273 0.602582
275 0.602639
279 0.602874
281 0.603564
282 0.606244
284 0.606915
287 0.608046
290 0.608555
295 0.608771
296 0.610613
297 0.611653
305 0.611938
311 0.613003
320 0.613623
322 0.613646
324 0.617212
338 0.617284
343 0.617395
345 0.618689
348 0.619327
355 0.619627
361 0.619807
363 0.619986
364 0.622141
366 0.624409
367 0.625747
372 0.628176
376 0.628726
377 0.629614
380 0.629629
383 0.631098
385 0.631725
386 0.631995
387 0.632454
396 0.632695
409 0.632977
413 0.633481
419 0.633683
440 0.633848
441 0.634668
445 0.635844
463 0.63635
464 0.637453
468 0.638488
474 0.640632
482 0.642496
487 0.643039
497 0.645972
499 0.646187
502 0.646647
504 0.647671
505 0.648412
506 0.650306
512 0.651014
515 0.65301
523 0.653245
524 0.65413
527 0.654748
540 0.655089
545 0.655885
557 0.656092
559 0.656969
572 0.657607
576 0.658911
599 0.658952
615 0.659047
626 0.659229
633 0.660599
637 0.661206
640 0.66199
641 0.662828
645 0.662892
657 0.66296
662 0.663209
663 0.663851
671 0.665135
682 0.665253
689 0.665436
703 0.665999
704 0.666569
713 0.666602
714 0.667861
727 0.668783
733 0.670534
763 0.672018
768 0.672222
796 0.67279
799 0.672826
810 0.673102
813 0.673687
816 0.673995
819 0.674139
832 0.674569
846 0.674581
849 0.675046
861 0.676622
869 0.677395
891 0.67839
911 0.67963
914 0.679993
937 0.680076
964 0.68085
991 0.680965
1003 0.681098
1015 0.682359
1018 0.68297
1028 0.683017
1066 0.683211
1076 0.683875
1085 0.684007
1112 0.685444
1130 0.68651
1148 0.687153
1166 0.687204
1170 0.687254
1188 0.688379
1195 0.68849
1196 0.688753
1210 0.689351
1217 0.689356
1229 0.690485
1259 0.690627
1260 0.690714
1276 0.690723
1278 0.691394
1327 0.691911
1339 0.69226
1347 0.692797
1375 0.693069
1383 0.695593
1407 0.695641
1476 0.696445
1505 0.697118
1518 0.699378
1520 0.699617
1558 0.699635
1598 0.699926
1618 0.700413
1837 0.70236
1851 0.702778
1929 0.703846
1968 0.703854
1998 0.705013
2019 0.706009
2043 0.706035
2093 0.706749
2204 0.707222
2226 0.708781
2231 0.709231
2258 0.709313
2303 0.709699
2432 0.710817
2497 0.711612
2708 0.711653
2735 0.712309
3012 0.712521
