0 0.501857
2 0.505188
3 0.505651
4 0.50629
5 0.506489
7 0.506817
10 0.507817
15 0.509593
16 0.512514
18 0.51366
20 0.514441
24 0.517243
28 0.517828
29 0.519231
31 0.519494
32 0.520239
34 0.522341
35 0.524344
36 0.527011
37 0.530277
45 0.53073
48 0.533069
50 0.533361
51 0.534862
53 0.536267
54 0.537795
56 0.538684
58 0.539133
61 0.539666
63 0.540135
65 0.540504
66 0.541674
72 0.541851
74 0.542608
76 0.543347
78 0.545318
82 0.545393
86 0.54544
87 0.545951
88 0.547337
89 0.547415
91 0.548022
92 0.548128
93 0.548395
96 0.548847
106 0.550132
114 0.55037
115 0.551559
117 0.551597
118 0.551791
119 0.551815
145 0.553884
147 0.555048
148 0.555391
151 0.557696
157 0.557879
161 0.559777
165 0.560357
166 0.56107
167 0.561601
168 0.562352
169 0.562933
174 0.563643
177 0.564168
179 0.565637
182 0.565706
183 0.567773
184 0.572284
185 0.57231
186 0.575237
193 0.575258
195 0.576128
198 0.577781
202 0.577796
204 0.578728
206 0.580724
207 0.581352
208 0.582301
213 0.582368
216 0.582625
221 0.583174
223 0.586131
224 0.587105
232 0.5873
233 0.587729
243 0.587734
245 0.588945
247 0.590109
252 0.590249
261 0.59106
265 0.593695
267 0.595306
268 0.596448
270 0.597207
271 0.599374
273 0.600242
276 0.600511
278 0.602173
290 0.602353
300 0.602901
303 0.604258
306 0.606492
310 0.607297
314 0.607677
315 0.609255
327 0.609904
328 0.610467
332 0.610637
334 0.611159
339 0.611359
342 0.61175
343 0.613724
349 0.614352
350 0.615317
352 0.615755
359 0.615912
379 0.617476
380 0.617532
390 0.617937
391 0.618306
400 0.61914
403 0.619579
411 0.621388
419 0.621866
423 0.622767
424 0.624502
438 0.625707
439 0.626505
445 0.627751
451 0.627772
460 0.62796
464 0.628286
468 0.628864
479 0.629017
505 0.629822
507 0.630534
519 0.631891
520 0.632996
524 0.634501
531 0.634893
535 0.635437
548 0.637108
549 0.637893
550 0.638444
556 0.638981
558 0.639369
579 0.642621
580 0.64454
582 0.645465
593 0.646284
597 0.646455
610 0.646464
622 0.647956
629 0.649567
635 0.650447
643 0.650814
664 0.650983
671 0.651022
688 0.651631
700 0.652392
706 0.653256
707 0.65332
716 0.654647
718 0.658623
723 0.659449
746 0.659982
757 0.66116
760 0.661796
764 0.663981
765 0.665431
767 0.665462
773 0.666596
778 0.666669
788 0.667654
794 0.668143
801 0.66853
809 0.668879
823 0.670075
835 0.671781
839 0.671876
883 0.67214
888 0.673327
906 0.67386
929 0.674541
942 0.675022
951 0.676116
970 0.676782
978 0.677169
983 0.677493
996 0.678078
1002 0.678345
1005 0.678384
1011 0.678657
1014 0.678911
1027 0.679182
1035 0.679574
1054 0.679844
1055 0.680024
1070 0.680178
1078 0.680474
1085 0.6806
1117 0.680766
1118 0.681322
1153 0.682898
1169 0.682978
1174 0.68306
1176 0.683308
1196 0.684048
1199 0.684845
1201 0.684929
1204 0.685733
1206 0.685956
1208 0.686085
1257 0.686244
1260 0.686825
1268 0.687453
1269 0.688645
1280 0.688709
1291 0.688954
1295 0.68928
1315 0.689309
1337 0.689685
1338 0.690112
1355 0.691103
1386 0.692055
1392 0.692179
1425 0.693312
1433 0.693356
1434 0.694822
1495 0.695379
1641 0.695397
1645 0.695429
1665 0.695657
1741 0.696126
1745 0.696715
1775 0.696758
1801 0.697646
1854 0.697928
1861 0.698509
1891 0.698551
1905 0.698681
2031 0.700387
2040 0.701043
2079 0.701113
2191 0.701506
2465 0.703725
2496 0.703766
2540 0.703781
2546 0.704234
2650 0.704977
2668 0.705307
2776 0.706262
2904 0.706915
3027 0.70741
3040 0.707815
3177 0.70789
3215 0.709455
3392 0.709653
3766 0.70975
3922 0.710369
3953 0.711802
4300 0.712238
4467 0.712241
4929 0.712415
