0 0.48869
1 0.488837
4 0.491306
5 0.491602
7 0.493102
9 0.494859
13 0.495183
16 0.497785
17 0.49861
20 0.49964
21 0.500104
22 0.500728
23 0.501573
24 0.501748
27 0.502272
29 0.503187
31 0.503738
32 0.504341
34 0.50468
38 0.505386
39 0.505443
40 0.505468
41 0.505811
42 0.506269
43 0.506649
44 0.507073
47 0.508298
49 0.509513
50 0.51117
53 0.511558
54 0.512429
55 0.512513
56 0.514107
61 0.516818
62 0.517197
63 0.518029
65 0.520744
67 0.523815
69 0.524888
74 0.525666
78 0.526767
79 0.529581
80 0.530098
83 0.531197
84 0.532379
87 0.532526
88 0.533722
91 0.534062
96 0.53508
100 0.53581
103 0.538683
105 0.540629
106 0.540841
107 0.541997
110 0.544117
113 0.544485
115 0.545255
117 0.545517
123 0.546411
124 0.547727
127 0.550535
131 0.550866
133 0.551617
134 0.552002
135 0.552281
139 0.552582
141 0.55341
142 0.553735
143 0.554279
147 0.554937
152 0.558824
158 0.560496
160 0.560669
164 0.562324
165 0.563058
167 0.563903
168 0.565501
171 0.568356
173 0.568436
175 0.56851
176 0.570317
177 0.570393
179 0.571298
182 0.57199
188 0.573291
191 0.574522
195 0.576355
197 0.577589
200 0.578921
201 0.579817
203 0.581046
206 0.58233
207 0.582816
209 0.585325
210 0.587349
213 0.588737
214 0.58896
230 0.589578
233 0.590956
235 0.591584
240 0.59192
244 0.59272
246 0.593549
248 0.594636
249 0.595924
272 0.596985
275 0.596994
277 0.59739
279 0.5979
281 0.598257
284 0.600399
287 0.600519
291 0.60196
293 0.602597
294 0.602669
299 0.603362
300 0.604839
310 0.605967
314 0.606531
316 0.607396
317 0.607965
321 0.608848
323 0.609375
328 0.610058
332 0.61036
341 0.611245
343 0.611318
344 0.612855
347 0.613425
349 0.613491
366 0.613995
372 0.615162
375 0.61765
386 0.618129
388 0.620004
391 0.620795
394 0.621033
399 0.621706
408 0.622999
409 0.623081
421 0.623383
439 0.623927
443 0.624612
454 0.625022
456 0.625922
461 0.62748
462 0.628756
469 0.628758
471 0.629286
477 0.629486
478 0.629718
483 0.629843
489 0.630959
490 0.632567
498 0.633215
511 0.634041
525 0.634664
544 0.635165
545 0.63657
557 0.636653
561 0.63685
570 0.638081
584 0.638333
587 0.639367
592 0.64036
597 0.640364
603 0.640721
604 0.641059
612 0.641816
627 0.64213
634 0.642304
642 0.645004
649 0.645361
659 0.646801
686 0.64692
696 0.647074
699 0.647978
702 0.648226
705 0.649112
718 0.649873
727 0.651228
730 0.653572
735 0.653575
739 0.654327
741 0.654958
754 0.654964
758 0.656765
762 0.659723
776 0.660167
781 0.661348
783 0.661619
793 0.663102
801 0.664414
808 0.664615
819 0.664971
821 0.665131
822 0.665622
831 0.665902
837 0.6661
838 0.666102
844 0.667363
847 0.667873
855 0.668408
884 0.669857
886 0.670443
887 0.671154
907 0.671771
920 0.672159
924 0.672539
936 0.672972
943 0.673019
953 0.673881
954 0.675399
966 0.675717
972 0.675861
981 0.676226
987 0.67804
1006 0.678236
1012 0.678319
1017 0.678703
1024 0.678812
1032 0.679218
1078 0.679274
1079 0.67951
1080 0.68003
1088 0.682034
1089 0.682797
1094 0.684973
1099 0.685904
1117 0.686438
1120 0.686711
1122 0.686982
1147 0.687489
1157 0.687784
1160 0.688256
1174 0.689239
1196 0.689606
1220 0.689939
1221 0.690703
1232 0.690835
1252 0.691752
1262 0.692285
1275 0.692762
1294 0.692842
1324 0.69377
1393 0.695198
1424 0.695588
1452 0.695597
1475 0.696982
1487 0.698076
1488 0.69882
1508 0.699274
1536 0.700176
1546 0.701534
1548 0.701637
1626 0.702496
1637 0.702783
1679 0.702999
1717 0.703977
1748 0.704448
1758 0.705968
1761 0.706433
1766 0.706737
1792 0.707203
1871 0.707792
1877 0.707837
1879 0.708871
1917 0.709537
1976 0.709754
2154 0.709913
2289 0.711674
2510 0.711741
2672 0.712454
2803 0.712969
