0 0.497622
3 0.49928
7 0.500474
21 0.501161
22 0.502503
24 0.502652
25 0.504443
29 0.50476
31 0.505802
32 0.507484
34 0.509829
38 0.510239
40 0.513219
44 0.513755
45 0.515608
50 0.516113
53 0.516249
56 0.516689
63 0.518241
65 0.519405
67 0.5206
72 0.521185
78 0.522842
84 0.523243
85 0.523514
91 0.525331
93 0.525458
95 0.526323
97 0.526938
98 0.527278
99 0.528509
101 0.528847
104 0.52955
109 0.530905
110 0.530919
112 0.53197
117 0.535015
118 0.536281
120 0.538373
121 0.538579
126 0.538723
130 0.53925
136 0.540579
137 0.540665
140 0.542479
142 0.545277
146 0.545838
147 0.546125
151 0.546205
156 0.548291
157 0.548365
163 0.548903
164 0.55125
165 0.552315
172 0.552567
176 0.553615
179 0.55455
181 0.554725
182 0.554927
183 0.554935
185 0.557955
187 0.560925
195 0.562106
196 0.562787
197 0.563506
198 0.565233
202 0.565686
208 0.565719
211 0.566621
218 0.566877
222 0.567684
224 0.570443
225 0.571325
226 0.571996
232 0.574899
239 0.575692
242 0.577478
244 0.578143
250 0.579089
252 0.579324
256 0.580721
257 0.580865
258 0.58103
262 0.581044
263 0.58331
266 0.583694
269 0.584704
271 0.58596
274 0.587051
276 0.587184
277 0.587343
281 0.588107
284 0.588554
285 0.590604
286 0.593125
295 0.593466
299 0.593513
305 0.594548
306 0.594878
311 0.596528
312 0.596895
313 0.597353
315 0.598823
320 0.600702
333 0.601626
342 0.602197
345 0.603005
346 0.603497
351 0.603666
353 0.605341
358 0.605361
359 0.605966
362 0.606622
376 0.606636
404 0.607946
406 0.610548
410 0.611211
420 0.612247
424 0.612796
425 0.612803
427 0.613857
432 0.618099
433 0.620062
441 0.621718
447 0.621798
466 0.621814
470 0.622279
478 0.624925
480 0.62494
481 0.625498
483 0.6259
505 0.62601
508 0.62615
509 0.62701
513 0.627735
516 0.628031
524 0.628092
527 0.628112
533 0.629405
534 0.630763
535 0.631873
536 0.632453
541 0.634823
545 0.634831
550 0.63492
555 0.636203
564 0.636822
568 0.637402
584 0.638495
595 0.639033
610 0.639735
615 0.641105
625 0.641197
632 0.641471
642 0.641671
644 0.643589
649 0.64409
656 0.645247
660 0.6456
675 0.64578
677 0.646318
679 0.648949
686 0.650716
693 0.652855
698 0.65388
717 0.654118
718 0.654328
737 0.654977
741 0.655926
742 0.656234
751 0.657333
757 0.658619
763 0.660318
771 0.66199
775 0.662312
782 0.663324
785 0.663867
787 0.663953
789 0.664738
793 0.664938
798 0.665562
800 0.665709
803 0.666271
819 0.666727
823 0.667411
831 0.667412
835 0.667673
838 0.668008
847 0.670223
850 0.671781
874 0.673401
881 0.674344
891 0.674636
892 0.674916
897 0.675589
920 0.676144
951 0.676769
959 0.677648
996 0.678468
1005 0.679442
1011 0.680559
1028 0.680712
1048 0.681092
1064 0.681815
1067 0.682203
1087 0.683041
1091 0.683322
1093 0.684093
1101 0.684682
1117 0.684743
1134 0.685386
1189 0.685582
1193 0.685626
1249 0.687188
1278 0.687902
1295 0.68877
1339 0.688961
1355 0.690399
1375 0.691363
1402 0.692487
1412 0.692862
1455 0.694121
1463 0.694627
1486 0.695325
1503 0.695561
1560 0.695612
1572 0.696779
1617 0.697379
1635 0.697395
1637 0.697821
1648 0.697825
1654 0.699147
1666 0.699413
1675 0.699508
1737 0.700428
1758 0.700669
1830 0.70153
1883 0.702418
1934 0.702564
1955 0.704182
1962 0.705318
1970 0.705685
1995 0.705719
2053 0.706451
2065 0.706868
2116 0.707139
2121 0.707583
2153 0.70895
2183 0.709547
2360 0.710504
2414 0.710793
2728 0.711566
2822 0.712103
2854 0.713416
2952 0.714952
3316 0.715383
3331 0.715999
3582 0.716515
3648 0.717736
