0 0.493273
1 0.494451
3 0.495078
5 0.495449
10 0.496456
11 0.499148
16 0.500337
19 0.500582
20 0.501255
21 0.502048
22 0.503278
26 0.504871
29 0.50614
34 0.50728
35 0.507854
41 0.510501
42 0.513477
43 0.5144
45 0.515904
55 0.517276
56 0.517753
58 0.518814
59 0.518958
61 0.520039
66 0.52019
68 0.521285
73 0.521928
74 0.522223
75 0.523698
76 0.524088
80 0.524222
82 0.524605
83 0.52586
84 0.527693
85 0.528276
86 0.530195
88 0.531697
93 0.532567
94 0.53347
99 0.534341
100 0.535024
102 0.53529
106 0.538635
107 0.538732
111 0.538912
112 0.540094
119 0.541038
120 0.542575
122 0.542641
123 0.542958
126 0.544673
127 0.544742
129 0.545296
130 0.546457
133 0.547841
138 0.548544
144 0.550284
150 0.551366
154 0.552354
158 0.552644
161 0.552695
163 0.555039
165 0.556464
168 0.557875
169 0.558236
171 0.55886
173 0.559418
174 0.560583
178 0.560827
189 0.565514
195 0.567467
204 0.568024
205 0.568671
208 0.570091
214 0.571986
220 0.572944
227 0.574578
229 0.575746
244 0.576104
245 0.576381
255 0.577699
267 0.577821
268 0.579275
274 0.579709
275 0.581021
277 0.581606
278 0.582297
279 0.582735
282 0.583092
285 0.585748
288 0.586096
295 0.588401
297 0.589017
300 0.589466
302 0.590617
309 0.591211
319 0.593515
325 0.594264
337 0.595843
339 0.599939
343 0.600514
344 0.601106
346 0.601752
347 0.601838
348 0.60202
350 0.602701
353 0.602785
354 0.603384
357 0.605051
368 0.605091
370 0.60619
374 0.60675
388 0.607101
391 0.607176
400 0.608209
411 0.608477
413 0.609227
419 0.609808
420 0.610235
423 0.611291
424 0.611342
431 0.611462
433 0.611957
441 0.613477
443 0.613802
444 0.615301
446 0.616046
451 0.616155
452 0.616279
453 0.616555
465 0.61663
467 0.617214
469 0.618229
470 0.618538
475 0.62002
484 0.620704
487 0.621221
509 0.62162
522 0.622343
532 0.622357
535 0.623521
543 0.624211
559 0.624325
566 0.624557
568 0.624905
578 0.625725
593 0.626102
595 0.626393
599 0.627018
610 0.62854
613 0.628931
623 0.629345
629 0.630489
646 0.632856
649 0.633641
650 0.635182
653 0.635192
660 0.635759
663 0.636973
665 0.638713
667 0.640329
669 0.642028
687 0.642191
693 0.642403
709 0.643215
718 0.644507
722 0.645356
761 0.645541
765 0.646762
770 0.649878
772 0.650654
773 0.650699
774 0.653539
782 0.65462
787 0.654827
808 0.655195
822 0.655649
827 0.657037
840 0.657298
843 0.657361
871 0.658264
880 0.658359
906 0.65886
924 0.659071
932 0.659964
948 0.661249
961 0.662206
967 0.66297
982 0.663382
987 0.66357
1009 0.664822
1016 0.66556
1026 0.666545
1028 0.66814
1029 0.668799
1030 0.669041
1043 0.669236
1045 0.669989
1070 0.670064
1087 0.671095
1089 0.672039
1096 0.673337
1099 0.674453
1156 0.674707
1166 0.675845
1180 0.677595
1181 0.678731
1232 0.678871
1255 0.67888
1286 0.67945
1347 0.680698
1354 0.681235
1366 0.683788
1373 0.684514
1378 0.684907
1386 0.684911
1400 0.685087
1419 0.685183
1442 0.686938
1454 0.687403
1481 0.687685
1507 0.68875
1515 0.689713
1519 0.692452
1556 0.69416
1565 0.694162
1578 0.694722
1608 0.695112
1629 0.695912
1642 0.69612
1684 0.696807
1778 0.696882
1802 0.696947
1828 0.697507
1836 0.699651
1851 0.701342
1871 0.702435
1881 0.702993
1975 0.70419
2006 0.704581
2132 0.705443
2181 0.70598
2308 0.706654
2321 0.706886
2351 0.706898
2391 0.707535
2393 0.707706
2471 0.70846
2575 0.708491
2674 0.710178
2914 0.710533
3218 0.71058
3236 0.710652
3316 0.711294
