0 0.496855
1 0.497899
2 0.499196
5 0.500743
7 0.501774
9 0.502859
12 0.503862
13 0.504846
18 0.50536
19 0.506057
22 0.506225
24 0.507125
26 0.507377
28 0.508109
29 0.509359
30 0.509508
32 0.510053
33 0.510781
34 0.512456
35 0.512881
36 0.513265
38 0.513666
39 0.513674
43 0.514921
57 0.516701
63 0.517479
67 0.51767
69 0.517843
70 0.518661
71 0.520272
73 0.522314
84 0.52233
86 0.522613
89 0.52491
93 0.527061
94 0.527516
97 0.527531
101 0.52785
102 0.528671
103 0.529872
107 0.530285
109 0.531813
110 0.532962
113 0.535083
116 0.535761
117 0.53711
118 0.538232
120 0.538235
121 0.539889
122 0.540602
124 0.541146
125 0.541715
129 0.542582
131 0.546512
133 0.547087
136 0.548357
137 0.550621
138 0.551124
140 0.55192
143 0.553234
144 0.554111
148 0.554137
150 0.55578
153 0.557985
158 0.558072
159 0.558227
160 0.559102
161 0.559253
167 0.561096
172 0.561494
174 0.562079
177 0.562269
179 0.563612
188 0.56528
192 0.567896
193 0.56897
194 0.56926
195 0.570013
199 0.571069
203 0.571927
205 0.572578
210 0.573101
213 0.573382
217 0.57339
218 0.574562
227 0.574675
228 0.575968
235 0.576336
238 0.576408
239 0.577433
240 0.578312
245 0.578493
246 0.578578
250 0.578639
251 0.579126
269 0.579597
270 0.581093
276 0.582417
282 0.584171
283 0.584341
286 0.585033
288 0.585034
291 0.585359
294 0.586346
300 0.589009
301 0.590038
303 0.591214
309 0.591987
310 0.592448
313 0.593818
314 0.595587
321 0.596478
324 0.597625
326 0.599184
327 0.599562
328 0.599989
329 0.600316
330 0.601853
331 0.602252
334 0.60329
343 0.603804
347 0.603808
348 0.605648
350 0.606124
352 0.608112
364 0.608436
365 0.608565
366 0.609518
384 0.609663
391 0.610787
392 0.611116
401 0.611804
405 0.61309
406 0.614379
411 0.614492
415 0.615842
417 0.615882
422 0.616535
426 0.616634
430 0.616808
436 0.617312
440 0.618953
446 0.618979
452 0.619093
468 0.619751
492 0.619866
507 0.62127
526 0.622317
527 0.624359
530 0.62503
535 0.62606
547 0.626485
568 0.627077
580 0.631261
581 0.632826
582 0.634479
584 0.63453
595 0.634657
610 0.635541
612 0.635622
613 0.637111
615 0.637142
621 0.638052
633 0.63809
653 0.638243
655 0.638299
676 0.639267
686 0.640052
695 0.640552
704 0.640769
708 0.641317
709 0.64164
717 0.643766
723 0.645121
728 0.645917
730 0.646593
744 0.64706
760 0.648411
764 0.648461
778 0.649692
781 0.650079
784 0.650643
790 0.652031
811 0.652863
824 0.65452
830 0.65457
831 0.654888
840 0.656111
847 0.657228
863 0.657618
876 0.658579
880 0.65916
889 0.660239
894 0.660512
896 0.661498
904 0.66152
906 0.661615
925 0.662245
945 0.662482
946 0.663752
947 0.664497
968 0.664888
971 0.665517
977 0.66584
979 0.666197
996 0.66803
1025 0.66842
1074 0.672807
1083 0.673331
1098 0.67373
1111 0.674057
1120 0.675806
1127 0.676522
1175 0.677137
1179 0.677355
1190 0.678109
1223 0.678305
1226 0.680804
1239 0.681878
1268 0.682367
1271 0.683339
1275 0.683412
1278 0.684331
1288 0.684416
1293 0.684784
1311 0.686422
1313 0.686926
1314 0.687038
1331 0.688113
1334 0.688853
1369 0.689442
1381 0.690003
1393 0.690417
1414 0.690705
1440 0.690751
1445 0.691866
1481 0.692404
1490 0.693527
1499 0.694053
1500 0.694073
1502 0.694684
1545 0.694716
1576 0.69541
1592 0.695692
1631 0.695886
1668 0.696628
1680 0.696759
1690 0.696833
1767 0.699113
1811 0.699461
1814 0.700177
1821 0.700951
1864 0.701573
1876 0.70186
1891 0.70198
1935 0.702199
1947 0.702611
1981 0.703028
1991 0.703202
2028 0.7039
2051 0.703913
2169 0.704053
2226 0.704495
2303 0.704978
2358 0.705511
2399 0.706028
2458 0.706193
2530 0.707596
2594 0.708194
2691 0.708353
2702 0.708912
2766 0.708955
2834 0.709237
2876 0.709518
2890 0.710315
2960 0.710444
3157 0.711175
3210 0.711216
3338 0.711488
3498 0.711898
3518 0.712603
3519 0.713423
3597 0.713888
4001 0.714164
4148 0.714788
4249 0.715187
4290 0.715983
4332 0.716804
4359 0.717254
4722 0.717298
4752 0.719145
4946 0.720228
