0 0.481168
1 0.483452
3 0.484765
6 0.485512
7 0.485626
8 0.486293
10 0.486505
11 0.487716
13 0.487762
15 0.488279
20 0.49057
22 0.492231
24 0.493228
25 0.493964
27 0.496258
28 0.497497
29 0.498589
30 0.500512
31 0.500675
37 0.50323
38 0.503701
41 0.504112
44 0.506669
46 0.508442
47 0.510526
48 0.512898
49 0.5138
51 0.514888
55 0.516329
59 0.517563
62 0.51769
63 0.519802
65 0.521242
66 0.521603
67 0.521764
68 0.524032
70 0.525671
72 0.527235
74 0.528861
75 0.530022
76 0.530287
77 0.532259
80 0.532573
82 0.534184
83 0.535786
87 0.535881
90 0.537066
96 0.538173
99 0.538496
101 0.539475
102 0.542069
104 0.542266
107 0.542691
111 0.543906
113 0.545795
117 0.546327
118 0.546805
123 0.550187
125 0.551261
126 0.552102
132 0.552273
136 0.553724
137 0.556145
140 0.560973
144 0.561612
149 0.562404
153 0.563152
155 0.564437
160 0.567014
161 0.56854
162 0.568735
163 0.570288
165 0.573196
169 0.573376
170 0.57459
172 0.574759
173 0.575151
174 0.57564
175 0.576281
178 0.577403
181 0.578255
184 0.579174
185 0.580154
186 0.582077
187 0.582631
188 0.583207
189 0.584248
192 0.584291
198 0.585022
202 0.58678
205 0.587591
207 0.589493
208 0.589584
210 0.591119
214 0.592734
217 0.593369
219 0.59442
229 0.594617
232 0.594811
237 0.595683
246 0.595936
247 0.596181
251 0.596444
252 0.597466
257 0.597617
262 0.59996
267 0.601275
275 0.601504
281 0.602651
284 0.602774
285 0.603224
290 0.603891
302 0.60496
303 0.607142
305 0.60723
307 0.607686
310 0.608163
313 0.608454
316 0.609079
318 0.61016
319 0.610305
321 0.610541
327 0.613857
333 0.613984
335 0.614565
340 0.61457
347 0.614605
350 0.614893
353 0.61551
355 0.61891
358 0.619267
359 0.619727
361 0.62098
362 0.622219
367 0.62277
368 0.623613
372 0.624287
379 0.624834
380 0.625618
384 0.625685
393 0.626817
400 0.628313
407 0.628424
408 0.628488
411 0.628562
415 0.629661
418 0.631876
420 0.63189
422 0.632168
424 0.632646
434 0.633048
435 0.633423
443 0.635903
445 0.636149
449 0.636837
452 0.637588
454 0.638645
463 0.640349
464 0.640704
468 0.641326
470 0.642275
472 0.642604
476 0.642667
477 0.643198
483 0.644237
486 0.644897
487 0.645717
490 0.646583
500 0.648313
501 0.64939
511 0.64951
519 0.650138
521 0.651685
527 0.651865
535 0.652146
536 0.652915
549 0.653345
552 0.65444
557 0.656481
561 0.659192
563 0.659764
566 0.661218
567 0.661901
582 0.662544
588 0.663774
593 0.664224
600 0.664228
607 0.665299
609 0.665587
621 0.665598
623 0.666217
624 0.666473
627 0.666559
631 0.667055
636 0.667917
647 0.669141
649 0.669724
654 0.670188
657 0.670328
693 0.670951
701 0.671037
711 0.671464
734 0.672311
739 0.67545
753 0.675648
754 0.675803
755 0.676098
768 0.676173
781 0.676389
792 0.677048
798 0.677071
799 0.678327
820 0.678728
828 0.679501
842 0.680411
852 0.680602
874 0.681042
889 0.681582
902 0.68376
916 0.683899
923 0.684071
937 0.684229
957 0.685853
958 0.68627
959 0.686887
990 0.68702
1026 0.687058
1050 0.68885
1074 0.689702
1113 0.689787
1131 0.690776
1149 0.69088
1153 0.691034
1160 0.691645
1170 0.692705
1172 0.693919
1185 0.694499
1198 0.695001
1235 0.696152
1252 0.696623
1266 0.696674
1333 0.697085
1368 0.69709
1369 0.697782
1396 0.69845
1404 0.699089
1408 0.699234
1413 0.699357
1430 0.699883
1442 0.700042
1455 0.700126
1464 0.700195
1496 0.700421
1497 0.700885
1523 0.700933
1551 0.701416
1602 0.702006
1612 0.703165
1624 0.703324
1685 0.703404
1703 0.704426
1723 0.704629
1771 0.705442
1850 0.705585
1943 0.705975
2061 0.70632
2202 0.707468
2383 0.707975
2551 0.709641
2567 0.709781
2597 0.710319
2601 0.710887
2678 0.711169
2776 0.711397
2793 0.711863
3091 0.711902
3107 0.712423
3198 0.713015
3306 0.713083
3753 0.713147
3785 0.714015
