0 0.510195
4 0.511177
6 0.512864
7 0.514331
13 0.514887
14 0.516151
15 0.517507
19 0.519383
22 0.520562
23 0.520571
24 0.521544
25 0.521724
28 0.522959
32 0.523256
35 0.525319
36 0.525769
37 0.526634
39 0.528131
42 0.528285
45 0.528691
47 0.530214
50 0.531379
51 0.531453
53 0.532737
56 0.533342
62 0.535671
64 0.537498
67 0.539725
70 0.53974
75 0.540018
79 0.54064
80 0.541286
90 0.542031
91 0.542461
97 0.544679
99 0.545234
101 0.545351
102 0.547116
106 0.549388
108 0.551033
110 0.552936
115 0.554483
116 0.55544
118 0.556066
124 0.55829
125 0.558658
126 0.560715
128 0.560964
136 0.562908
138 0.563456
141 0.565044
142 0.566479
145 0.570313
152 0.57121
153 0.571497
166 0.572896
171 0.574073
173 0.576613
182 0.57689
187 0.577581
189 0.57823
193 0.578805
194 0.58071
199 0.583875
201 0.584541
205 0.585596
207 0.586763
212 0.586875
219 0.587009
220 0.587782
221 0.588356
222 0.589014
229 0.589342
232 0.591496
233 0.591518
240 0.591814
241 0.592733
245 0.594897
252 0.595078
256 0.595809
257 0.5964
264 0.598014
266 0.598821
272 0.601074
277 0.602561
282 0.604133
284 0.605692
286 0.605875
289 0.607398
297 0.607609
306 0.609313
310 0.612024
315 0.612665
320 0.613246
321 0.615089
326 0.615656
330 0.617322
333 0.617537
337 0.618333
339 0.618543
343 0.620621
344 0.620631
352 0.621605
357 0.622538
361 0.62287
364 0.623053
365 0.623783
369 0.624374
370 0.62438
378 0.624695
384 0.62525
385 0.626562
386 0.626735
406 0.628562
410 0.630586
416 0.630885
428 0.631568
434 0.632044
443 0.63274
444 0.635085
448 0.635128
454 0.636034
455 0.637354
459 0.63972
474 0.641247
476 0.641521
485 0.641561
500 0.642211
502 0.642582
520 0.643146
524 0.644495
526 0.645203
529 0.645301
534 0.648508
538 0.648877
555 0.649495
557 0.650192
562 0.651159
580 0.652323
581 0.654513
585 0.654621
589 0.655004
603 0.657527
606 0.658063
611 0.65865
623 0.659233
625 0.659737
627 0.65999
633 0.661609
662 0.661976
676 0.663226
678 0.663315
683 0.665051
685 0.665608
688 0.666646
694 0.668493
697 0.668823
701 0.669197
703 0.670465
709 0.671383
728 0.672164
734 0.672983
744 0.673364
750 0.673856
754 0.673967
755 0.674463
767 0.675455
780 0.676355
797 0.677221
817 0.67739
820 0.678919
835 0.679274
850 0.679583
880 0.679694
885 0.679927
887 0.680936
899 0.681363
906 0.681971
919 0.682105
944 0.682642
952 0.683463
968 0.684184
971 0.685283
998 0.685641
1029 0.686031
1060 0.686103
1085 0.686641
1098 0.687065
1105 0.687082
1106 0.687174
1117 0.687313
1133 0.687319
1135 0.687947
1136 0.688717
1148 0.689912
1179 0.690253
1181 0.690411
1185 0.690753
1201 0.690804
1219 0.692369
1221 0.692454
1234 0.693107
1236 0.693377
1248 0.693474
1250 0.693614
1259 0.694398
1270 0.695472
1273 0.696176
1276 0.696291
1298 0.696316
1311 0.697397
1318 0.699123
1321 0.699313
1353 0.69943
1361 0.699974
1379 0.700478
1406 0.700994
1412 0.701001
1427 0.701466
1428 0.701538
1444 0.701711
1460 0.701949
1551 0.703023
1561 0.70333
1591 0.704807
1594 0.706126
1604 0.707664
1631 0.708237
1635 0.710242
1673 0.710745
1720 0.710805
1776 0.710921
1821 0.711117
1872 0.712246
1923 0.712835
1927 0.712887
1930 0.713074
1956 0.71436
2055 0.714693
2100 0.71511
2223 0.717154
2430 0.717783
2493 0.718772
2594 0.718911
2633 0.720104
3077 0.720593
