0 0.510408
1 0.511297
2 0.512462
3 0.513737
6 0.513942
7 0.514341
8 0.51492
10 0.514929
11 0.516851
12 0.517555
13 0.518245
18 0.518434
19 0.519751
20 0.520656
27 0.521476
29 0.52247
30 0.523629
32 0.525845
33 0.525987
35 0.52676
36 0.527502
37 0.529307
42 0.529358
44 0.530335
45 0.531644
46 0.532465
56 0.535387
57 0.536666
59 0.538714
60 0.542013
62 0.542082
64 0.542423
65 0.543483
67 0.544173
73 0.544317
74 0.544533
75 0.545915
77 0.546759
86 0.547452
87 0.547829
89 0.547839
90 0.54814
93 0.549072
95 0.549489
98 0.549653
100 0.552009
101 0.554589
104 0.554697
105 0.555215
107 0.555593
110 0.558328
111 0.558647
113 0.559658
114 0.560008
115 0.562384
116 0.564521
119 0.565095
120 0.566648
121 0.567511
126 0.569131
129 0.570247
138 0.571222
140 0.571829
143 0.573658
145 0.575005
146 0.576426
149 0.577479
152 0.577576
153 0.580232
163 0.581698
167 0.581793
168 0.582273
170 0.582862
171 0.583026
172 0.5841
173 0.584102
175 0.584404
176 0.58479
194 0.586021
196 0.587252
198 0.587576
205 0.588438
208 0.591619
215 0.592479
216 0.5929
224 0.592986
225 0.593806
229 0.59458
233 0.594841
234 0.596246
235 0.596533
240 0.597202
247 0.599515
250 0.600267
252 0.600794
255 0.602836
260 0.604409
265 0.606155
276 0.608362
283 0.611644
289 0.611922
298 0.612363
300 0.612693
304 0.61386
305 0.614081
308 0.614195
312 0.614685
314 0.61499
320 0.615338
326 0.61748
338 0.618371
339 0.621305
352 0.621667
364 0.622451
367 0.62377
374 0.62552
375 0.62635
387 0.626552
389 0.626932
392 0.627701
408 0.627745
419 0.629558
420 0.630349
432 0.630567
437 0.630822
438 0.631838
439 0.632202
443 0.632393
453 0.633703
454 0.63405
472 0.634503
477 0.635578
496 0.636922
503 0.637002
505 0.63752
508 0.6377
519 0.637886
521 0.639026
523 0.6394
530 0.64065
534 0.641017
550 0.644634
567 0.646146
577 0.647573
578 0.647832
581 0.647954
590 0.648829
591 0.649303
593 0.650961
600 0.6519
614 0.655925
617 0.656293
627 0.656769
631 0.657339
651 0.65745
658 0.658855
661 0.659182
667 0.659335
677 0.659543
693 0.660552
696 0.661608
702 0.662182
705 0.663238
728 0.663499
737 0.663942
751 0.66429
754 0.664577
757 0.665004
759 0.665236
761 0.665762
785 0.666415
795 0.66797
799 0.669138
818 0.669571
831 0.670185
832 0.670517
834 0.67143
838 0.671454
861 0.671598
862 0.672911
875 0.67334
882 0.675838
893 0.675867
895 0.676863
896 0.676972
903 0.677542
907 0.677688
919 0.679544
931 0.679725
932 0.680615
954 0.681497
959 0.681985
974 0.682139
996 0.683577
1001 0.684345
1015 0.684497
1033 0.685326
1061 0.686259
1070 0.687854
1072 0.688631
1084 0.689173
1122 0.689186
1128 0.690347
1150 0.69067
1161 0.690869
1178 0.69098
1189 0.691378
1225 0.691867
1231 0.692234
1249 0.692339
1267 0.692544
1299 0.693039
1304 0.694593
1349 0.695018
1353 0.695699
1361 0.696765
1371 0.69712
1409 0.697134
1417 0.697355
1418 0.69796
1439 0.698187
1440 0.699209
1488 0.699343
1498 0.700361
1517 0.701444
1570 0.703388
1572 0.703746
1573 0.705323
1580 0.706045
1584 0.707751
1601 0.707926
1667 0.708231
1708 0.708405
1733 0.708527
1734 0.709281
1754 0.71027
1794 0.710508
1803 0.71055
1825 0.711324
1852 0.712673
1928 0.712706
1938 0.712779
2057 0.712783
2060 0.712942
2123 0.713713
2168 0.713904
2249 0.715039
2331 0.716002
2425 0.716488
2644 0.717069
3155 0.717433
