0 0.49532
3 0.496072
5 0.49643
6 0.496826
15 0.498904
16 0.499329
18 0.49933
22 0.500266
23 0.500883
26 0.50224
32 0.502968
35 0.503425
38 0.503644
39 0.504313
41 0.504587
43 0.505432
45 0.507207
50 0.507824
51 0.50801
53 0.508792
54 0.509051
57 0.51203
58 0.51436
59 0.515388
61 0.517932
64 0.518975
65 0.519956
67 0.520062
68 0.521581
71 0.522393
74 0.523823
76 0.525778
77 0.526402
78 0.52689
82 0.529759
88 0.530589
89 0.531187
90 0.531647
91 0.53178
94 0.532799
95 0.53371
98 0.533897
105 0.534559
106 0.536272
110 0.53734
119 0.537991
122 0.539958
123 0.541145
124 0.542471
127 0.544036
129 0.546006
132 0.54771
135 0.548728
137 0.54978
146 0.551922
148 0.552279
149 0.552586
150 0.55422
154 0.554457
157 0.554466
161 0.554588
166 0.555298
168 0.556178
170 0.557448
171 0.558205
173 0.558481
174 0.559345
176 0.5597
179 0.560337
182 0.560796
184 0.561078
185 0.561148
186 0.562259
187 0.563318
190 0.564611
193 0.565577
195 0.565823
197 0.570152
202 0.570326
203 0.571493
211 0.572554
224 0.572922
228 0.573871
229 0.575409
231 0.575496
233 0.575686
239 0.576542
241 0.576841
242 0.577861
246 0.579678
247 0.580843
248 0.581217
251 0.582956
252 0.584552
255 0.586318
261 0.586946
269 0.590362
271 0.591038
279 0.592323
280 0.594156
290 0.594968
291 0.595184
297 0.596372
310 0.596431
311 0.597813
313 0.597942
314 0.598001
320 0.600424
324 0.601406
329 0.602368
330 0.603241
331 0.603288
333 0.605268
334 0.6066
338 0.607385
351 0.608342
363 0.608615
369 0.609995
377 0.611421
379 0.613024
384 0.614749
392 0.615415
396 0.616402
402 0.617132
404 0.619523
410 0.62034
416 0.621031
423 0.623563
424 0.627026
426 0.627487
428 0.628274
430 0.62843
434 0.629662
439 0.632282
448 0.632784
460 0.633372
472 0.635398
474 0.635935
480 0.636038
481 0.638096
483 0.639123
489 0.641387
500 0.642842
503 0.643148
512 0.643156
516 0.643244
518 0.643864
519 0.645543
524 0.646149
533 0.647121
535 0.64762
544 0.649526
551 0.650483
556 0.650778
568 0.650878
572 0.651221
579 0.653426
583 0.654514
595 0.656658
605 0.656756
608 0.657792
613 0.658126
615 0.659734
625 0.660991
631 0.661891
632 0.662936
640 0.66308
645 0.663906
656 0.664365
673 0.664584
680 0.664635
682 0.665179
689 0.666488
696 0.66679
705 0.667871
708 0.66803
710 0.67038
721 0.671454
724 0.672232
742 0.673424
764 0.675239
780 0.67579
827 0.675907
839 0.67672
842 0.677872
850 0.68033
877 0.68224
891 0.682611
926 0.683828
931 0.684036
938 0.684412
939 0.684653
953 0.684724
977 0.685188
980 0.685547
1007 0.687272
1011 0.687828
1014 0.687913
1042 0.690012
1049 0.690268
1050 0.690692
1062 0.691453
1067 0.691715
1082 0.691789
1111 0.692214
1164 0.693255
1165 0.693597
1193 0.693706
1231 0.69383
1234 0.694154
1252 0.695348
1303 0.695572
1344 0.695986
1354 0.697064
1366 0.698233
1402 0.699116
1441 0.700432
1494 0.701262
1564 0.701285
1576 0.701958
1589 0.702538
1637 0.702609
1672 0.703391
1692 0.703663
1708 0.704062
1752 0.704426
1772 0.70577
1785 0.706324
1843 0.706744
1855 0.707386
1860 0.708417
1890 0.708433
1981 0.708542
1990 0.709706
2018 0.71009
2058 0.710213
2084 0.711236
2086 0.712055
2088 0.71217
2136 0.712488
2148 0.713252
2179 0.713708
2231 0.713712
2407 0.7139
2558 0.715911
2568 0.716252
2714 0.716898
2718 0.717097
2783 0.717604
3236 0.718613
3354 0.719101
3556 0.720387
4053 0.722444
