0 0.484899
1 0.485574
3 0.486517
4 0.487948
5 0.48944
6 0.491542
10 0.492156
16 0.492471
17 0.49282
18 0.493168
20 0.493285
21 0.494506
23 0.494676
24 0.495167
26 0.496188
32 0.497742
33 0.497994
34 0.500233
36 0.501095
37 0.501709
38 0.50202
39 0.503397
44 0.504882
45 0.506037
46 0.506183
49 0.507082
53 0.50736
54 0.507813
56 0.508315
57 0.509409
60 0.511441
62 0.512555
63 0.51619
66 0.516565
67 0.517719
71 0.518222
76 0.519086
79 0.520883
81 0.521642
85 0.522372
96 0.522702
98 0.525332
101 0.525994
103 0.529069
105 0.530687
107 0.531043
118 0.531705
123 0.53386
125 0.534453
126 0.534988
127 0.535211
128 0.538835
129 0.539726
136 0.540516
142 0.540692
143 0.540948
146 0.541859
147 0.54305
149 0.54457
150 0.546885
156 0.54754
159 0.549597
161 0.55146
171 0.55353
177 0.553539
181 0.555327
185 0.557857
195 0.559666
199 0.56066
206 0.56246
211 0.565062
225 0.566272
226 0.567973
227 0.568614
237 0.569135
238 0.57087
249 0.571997
258 0.572978
271 0.57344
275 0.574563
279 0.575103
282 0.575989
284 0.576817
285 0.577414
290 0.57779
291 0.578225
294 0.578764
299 0.579643
303 0.580895
306 0.581331
309 0.583033
312 0.583076
320 0.584541
324 0.585497
331 0.585993
332 0.586882
334 0.588816
339 0.588825
344 0.589743
345 0.591054
346 0.591573
351 0.592778
360 0.592993
365 0.593062
366 0.594733
368 0.595986
369 0.59725
371 0.599237
374 0.602158
387 0.604608
393 0.605723
395 0.60615
400 0.606639
402 0.609361
407 0.609535
410 0.609538
412 0.610822
414 0.611087
416 0.61192
418 0.612316
420 0.612992
421 0.615196
448 0.6157
457 0.617669
464 0.618706
478 0.619238
480 0.620917
491 0.621791
500 0.622976
502 0.623599
505 0.626362
506 0.626823
515 0.626873
542 0.628088
545 0.629145
564 0.630367
571 0.630395
575 0.631034
576 0.63301
584 0.634301
587 0.634575
591 0.634577
605 0.635692
606 0.638392
607 0.640261
608 0.640523
617 0.642036
621 0.642343
627 0.642849
635 0.644938
640 0.645429
648 0.648791
654 0.64971
655 0.649855
656 0.650764
677 0.652054
685 0.652468
686 0.654266
690 0.656653
693 0.656791
696 0.657201
712 0.657276
715 0.65745
718 0.657743
721 0.659077
729 0.660021
730 0.660794
733 0.660862
744 0.660966
747 0.66122
770 0.661519
773 0.662687
798 0.662929
799 0.663482
811 0.665047
814 0.66555
820 0.666513
825 0.668613
836 0.668646
838 0.668907
843 0.669046
849 0.669201
851 0.670014
865 0.672287
889 0.673356
912 0.673605
928 0.676022
959 0.676954
974 0.678296
976 0.678482
991 0.679152
993 0.68041
997 0.682123
1021 0.682132
1023 0.683274
1036 0.684046
1041 0.684316
1044 0.685135
1046 0.685157
1054 0.685169
1063 0.685685
1081 0.687414
1087 0.688698
1100 0.689594
1142 0.689935
1164 0.690115
1170 0.690762
1180 0.692406
1186 0.692429
1199 0.692664
1210 0.693526
1219 0.695076
1222 0.696014
1233 0.696551
1234 0.696554
1281 0.696571
1330 0.696664
1356 0.696893
1363 0.697032
1394 0.698327
1430 0.698999
1434 0.699286
1439 0.699929
1477 0.700044
1488 0.700575
1497 0.700778
1509 0.701367
1556 0.70176
1583 0.702474
1590 0.702756
1611 0.704285
1643 0.705714
1654 0.705947
1681 0.706321
1694 0.706912
1758 0.706993
1859 0.708937
1907 0.709144
1909 0.709191
1959 0.709899
1991 0.710015
2064 0.710695
2075 0.711651
2091 0.712294
2171 0.713192
2222 0.713226
2251 0.713497
2265 0.713956
2313 0.714105
2326 0.714331
2357 0.714912
2445 0.715842
2456 0.716315
2506 0.716739
2555 0.718544
2793 0.71961
2846 0.720038
2969 0.720343
3099 0.720966
3370 0.721996
3549 0.722706
3806 0.723064
4275 0.724119
