0 0.500877
1 0.501542
3 0.502983
4 0.503486
6 0.505027
8 0.505193
11 0.50667
14 0.507386
15 0.509465
18 0.510406
19 0.510769
23 0.51215
30 0.512555
31 0.513522
33 0.513936
35 0.514914
37 0.517022
41 0.51825
45 0.5186
46 0.519119
48 0.519213
51 0.521261
55 0.522275
56 0.522366
63 0.52263
69 0.524775
72 0.525982
73 0.527652
78 0.527764
80 0.527925
86 0.529771
89 0.530738
93 0.531137
95 0.531382
99 0.532042
103 0.532687
105 0.534133
106 0.534918
107 0.535485
109 0.53771
112 0.538689
113 0.538742
114 0.540896
117 0.544297
122 0.54444
127 0.544708
129 0.54546
131 0.545546
133 0.546702
135 0.549058
136 0.550181
140 0.550808
141 0.551576
142 0.551579
146 0.55195
147 0.551985
149 0.552543
151 0.552657
154 0.552673
156 0.554767
159 0.557563
160 0.558629
162 0.558875
166 0.561216
172 0.562728
176 0.563187
183 0.563288
184 0.563548
188 0.565023
191 0.565599
192 0.567061
200 0.568346
203 0.568591
211 0.569855
212 0.570817
214 0.571833
215 0.572493
217 0.573756
221 0.573932
225 0.574093
226 0.575222
227 0.575727
229 0.577432
232 0.578081
235 0.578559
246 0.57861
247 0.579066
248 0.580712
252 0.582123
261 0.583906
281 0.585427
283 0.585481
286 0.586048
290 0.586933
292 0.587151
293 0.587774
300 0.588762
308 0.589863
315 0.59015
318 0.591912
337 0.592028
339 0.592294
340 0.592359
341 0.592526
345 0.592618
359 0.593035
364 0.593745
368 0.596113
369 0.597463
372 0.598331
394 0.598447
395 0.599185
396 0.601032
397 0.601796
399 0.602928
404 0.603144
405 0.603603
407 0.604877
411 0.607226
412 0.609655
414 0.609689
421 0.610269
434 0.611025
436 0.612657
455 0.613631
462 0.615292
473 0.615567
480 0.616014
483 0.616178
485 0.616245
490 0.618831
498 0.619369
499 0.622304
507 0.623038
514 0.623153
516 0.623929
526 0.625197
531 0.625416
537 0.626434
539 0.626594
547 0.62665
556 0.626794
562 0.626866
567 0.628841
590 0.628976
591 0.629252
593 0.630852
594 0.631094
604 0.631112
608 0.631795
615 0.633468
625 0.634285
629 0.635888
631 0.636469
641 0.637252
652 0.638502
668 0.638686
691 0.639338
692 0.640767
696 0.642332
698 0.644161
703 0.645381
723 0.645799
736 0.646489
749 0.649415
785 0.649463
792 0.650446
797 0.650729
805 0.651305
823 0.652359
832 0.653282
839 0.653815
841 0.657162
847 0.657626
864 0.657894
865 0.657915
867 0.658241
871 0.658337
884 0.660169
898 0.660468
900 0.661042
903 0.661626
922 0.663636
929 0.664937
940 0.665967
946 0.667491
968 0.667978
976 0.668569
989 0.669105
990 0.669652
993 0.669667
997 0.669813
1010 0.670811
1021 0.671349
1033 0.673074
1058 0.673883
1065 0.674717
1068 0.675796
1073 0.679133
1090 0.679142
1108 0.679801
1120 0.680008
1127 0.680545
1140 0.681175
1168 0.681443
1170 0.682393
1174 0.682717
1196 0.683572
1201 0.684495
1212 0.685025
1223 0.685673
1233 0.688375
1254 0.68914
1266 0.689392
1273 0.689445
1278 0.689617
1295 0.691128
1316 0.692413
1318 0.692738
1322 0.693095
1324 0.693395
1329 0.69361
1353 0.694383
1395 0.69489
1416 0.695463
1457 0.696961
1507 0.69803
1531 0.69861
1541 0.70004
1583 0.701221
1599 0.702346
1605 0.702934
1640 0.704146
1643 0.704917
1651 0.705273
1663 0.705951
1674 0.706424
1719 0.706476
1745 0.706539
1774 0.706673
1798 0.708228
1881 0.708999
1933 0.709273
1987 0.709298
2097 0.709339
2152 0.710476
2192 0.711235
2254 0.711394
2301 0.711498
2472 0.712387
2548 0.712614
2662 0.712886
2689 0.712986
2802 0.714217
2816 0.714281
2842 0.71612
