0 0.510223
2 0.511285
4 0.512084
5 0.512121
7 0.512492
9 0.513731
12 0.518064
13 0.519125
19 0.52071
20 0.52275
21 0.523655
24 0.523846
25 0.523957
26 0.5247
28 0.526635
30 0.528364
31 0.530783
32 0.530869
35 0.532503
36 0.534037
39 0.536025
42 0.537075
44 0.537698
45 0.537942
47 0.538466
48 0.540706
49 0.543884
52 0.544321
56 0.544958
58 0.546562
66 0.548264
68 0.548339
70 0.549124
71 0.549464
77 0.549766
78 0.549887
81 0.551891
83 0.553379
84 0.55355
85 0.555333
92 0.555406
94 0.555893
96 0.556257
97 0.557583
99 0.56018
101 0.561134
103 0.561643
108 0.562802
110 0.562868
113 0.563587
114 0.56615
117 0.567787
119 0.570836
120 0.571278
124 0.573409
128 0.573796
129 0.57471
130 0.57483
131 0.576435
133 0.577608
134 0.579954
136 0.581138
140 0.581821
141 0.581957
142 0.583301
143 0.584071
144 0.585334
145 0.58722
147 0.589047
152 0.589229
153 0.589654
154 0.591045
155 0.594234
163 0.594329
165 0.595339
166 0.595616
169 0.596987
171 0.597573
174 0.598644
180 0.598853
181 0.599243
183 0.600063
184 0.60013
186 0.600205
188 0.602032
196 0.602876
199 0.603668
206 0.604764
208 0.604981
212 0.606565
214 0.606985
215 0.608181
222 0.608352
226 0.608481
227 0.608669
230 0.609401
231 0.60996
233 0.610366
239 0.610795
242 0.611352
243 0.613347
248 0.613997
249 0.615192
257 0.616473
266 0.617152
271 0.618036
273 0.61828
276 0.618829
283 0.620549
290 0.621861
291 0.622725
298 0.623124
301 0.623447
306 0.624726
312 0.624958
319 0.625895
327 0.626353
329 0.626431
332 0.627069
340 0.627208
343 0.629041
346 0.63076
360 0.630767
363 0.630952
369 0.631193
371 0.632407
372 0.63381
381 0.634638
383 0.635732
400 0.636203
403 0.636296
429 0.63707
438 0.63708
439 0.637231
441 0.637579
443 0.637678
447 0.638687
448 0.63873
450 0.63916
453 0.639424
484 0.641185
489 0.642142
493 0.643596
511 0.644405
514 0.645316
515 0.645731
518 0.646002
524 0.646035
530 0.646655
532 0.646943
551 0.647206
554 0.647434
557 0.647551
562 0.647668
564 0.648394
566 0.64999
576 0.65045
581 0.652363
604 0.652584
608 0.652605
615 0.653093
623 0.653282
625 0.654548
628 0.65482
633 0.655135
649 0.657336
664 0.657554
704 0.657788
706 0.657865
709 0.657884
740 0.657946
762 0.6587
767 0.65989
784 0.660011
790 0.660062
807 0.661531
820 0.661791
821 0.662192
837 0.663082
839 0.663608
849 0.66411
854 0.664977
862 0.665752
887 0.667019
898 0.667179
928 0.668045
963 0.668419
973 0.668837
977 0.669004
985 0.669335
1036 0.671178
1043 0.671667
1046 0.671923
1056 0.672743
1070 0.672783
1106 0.675359
1115 0.675852
1119 0.676289
1143 0.676759
1148 0.677606
1153 0.677895
1163 0.678464
1172 0.67855
1191 0.679274
1194 0.680267
1196 0.680771
1217 0.682416
1229 0.684073
1230 0.684952
1232 0.684957
1238 0.68601
1252 0.688084
1260 0.688731
1276 0.689039
1279 0.690339
1283 0.690714
1316 0.691524
1319 0.69195
1350 0.69267
1360 0.694083
1374 0.694206
1379 0.694823
1394 0.695002
1429 0.695456
1431 0.695686
1457 0.69569
1513 0.696185
1584 0.696495
1590 0.696548
1612 0.696763
1613 0.697261
1617 0.697537
1686 0.697908
1706 0.698028
1713 0.69903
1797 0.699537
1816 0.701096
1872 0.702428
1890 0.702446
1927 0.703264
1984 0.703989
1987 0.70427
2047 0.704477
2120 0.704696
2171 0.70484
2386 0.705864
2488 0.706399
2592 0.707287
2651 0.707542
2770 0.708153
2922 0.708653
3324 0.71175
3528 0.712054
3628 0.713285
