0 0.492236
3 0.493329
5 0.493393
8 0.493566
10 0.493598
12 0.494588
13 0.495397
15 0.495936
16 0.496861
17 0.497017
19 0.498159
20 0.49886
21 0.499147
22 0.500009
24 0.502288
26 0.502331
27 0.502722
29 0.505179
30 0.505586
35 0.507418
36 0.507796
39 0.508587
40 0.509952
41 0.51222
43 0.514017
44 0.514874
46 0.51555
48 0.516376
49 0.518112
54 0.520637
56 0.521053
57 0.523182
58 0.523263
59 0.524381
61 0.525096
64 0.526607
65 0.527029
66 0.528965
68 0.529265
69 0.529523
72 0.53121
74 0.532491
77 0.533369
80 0.534197
81 0.534618
83 0.535052
90 0.535157
91 0.535584
92 0.537487
94 0.537921
95 0.538692
99 0.538808
101 0.539005
106 0.539404
107 0.539816
108 0.541
110 0.541596
112 0.542549
113 0.543125
114 0.54397
116 0.545065
118 0.54515
121 0.545928
123 0.549274
128 0.549843
129 0.551169
133 0.551455
145 0.552574
151 0.552749
153 0.554414
160 0.555179
162 0.555353
167 0.556348
168 0.556842
170 0.556989
173 0.557503
174 0.558524
177 0.559213
179 0.56083
183 0.561402
187 0.562522
188 0.562598
190 0.562693
193 0.564085
202 0.564959
203 0.566213
206 0.569378
215 0.570412
220 0.570932
221 0.570946
222 0.570972
223 0.571446
228 0.571776
231 0.572334
236 0.573466
239 0.575109
240 0.575569
241 0.575657
244 0.576848
245 0.578748
247 0.579813
253 0.580648
254 0.581443
262 0.582693
264 0.584258
272 0.587597
273 0.588553
274 0.588628
280 0.589083
283 0.589735
284 0.589855
290 0.590404
294 0.591748
296 0.592134
300 0.592706
302 0.595153
304 0.596113
305 0.597157
308 0.597957
311 0.598053
312 0.598565
313 0.600118
314 0.601402
317 0.601616
319 0.603042
320 0.605636
321 0.606755
330 0.609
331 0.60945
336 0.609954
339 0.610482
341 0.612339
352 0.613213
357 0.613339
358 0.614837
365 0.615018
367 0.617794
369 0.618521
370 0.620075
371 0.620625
375 0.620758
380 0.621136
388 0.621513
389 0.622587
407 0.623346
420 0.624511
425 0.625556
426 0.625686
430 0.627989
446 0.628123
451 0.628481
456 0.631514
464 0.632632
483 0.632678
492 0.633306
493 0.634318
499 0.634567
505 0.634885
508 0.635528
509 0.635687
514 0.636705
519 0.636741
522 0.637587
525 0.638884
529 0.640031
533 0.641739
539 0.641982
548 0.642326
549 0.642874
555 0.645705
569 0.646877
574 0.646927
576 0.647198
581 0.650098
584 0.650451
590 0.650775
593 0.650828
594 0.652191
598 0.652355
620 0.652877
622 0.65412
632 0.655001
647 0.655624
649 0.656781
660 0.657314
677 0.657335
678 0.658043
689 0.658368
705 0.658952
711 0.660229
715 0.660529
729 0.660741
736 0.661097
744 0.661516
753 0.661637
762 0.661951
778 0.66239
779 0.662833
782 0.663101
787 0.663239
790 0.663287
791 0.664063
797 0.664117
798 0.664937
809 0.66669
816 0.667112
821 0.668571
834 0.669529
839 0.670302
843 0.671566
850 0.673992
853 0.674653
858 0.675591
866 0.676765
885 0.677144
889 0.677534
892 0.677714
909 0.679095
914 0.680622
926 0.681886
927 0.682772
937 0.68282
946 0.683425
956 0.683881
958 0.685109
960 0.685748
964 0.686291
976 0.686401
992 0.686432
1005 0.686812
1008 0.686925
1047 0.687255
1051 0.687454
1054 0.687621
1063 0.687995
1064 0.688087
1065 0.688174
1067 0.688979
1083 0.690271
1089 0.6903
1095 0.690676
1118 0.690724
1133 0.69128
1156 0.691618
1174 0.692698
1197 0.693141
1223 0.693516
1240 0.694572
1244 0.695692
1245 0.696086
1263 0.696905
1281 0.697121
1285 0.698148
1294 0.698506
1334 0.699207
1371 0.699553
1381 0.700819
1392 0.701354
1472 0.70185
1485 0.702433
1491 0.703218
1525 0.704077
1530 0.704709
1545 0.704713
1567 0.705181
1573 0.705939
1607 0.707424
1611 0.708721
1624 0.710404
1638 0.710444
1649 0.711301
1693 0.712163
1766 0.713094
1767 0.714246
1777 0.714716
1879 0.714944
1882 0.714974
1896 0.715633
1969 0.716552
2035 0.717702
2090 0.719003
2118 0.719747
2141 0.719845
2358 0.720794
2393 0.721093
2395 0.721393
2522 0.721397
2661 0.722181
2723 0.7244
2998 0.724769
3181 0.725322
