0 0.492605
1 0.494233
4 0.496689
5 0.497823
6 0.497869
7 0.498531
8 0.50006
10 0.500494
13 0.50127
14 0.501457
21 0.501884
24 0.503279
25 0.504362
28 0.506947
32 0.509054
33 0.510297
34 0.511614
36 0.511738
41 0.512082
45 0.51413
46 0.515256
50 0.517093
51 0.519073
52 0.520681
54 0.523364
56 0.525433
58 0.525667
59 0.52648
60 0.529126
61 0.530043
62 0.53077
63 0.533536
70 0.533658
73 0.53372
74 0.533984
77 0.534953
78 0.537081
79 0.53748
84 0.539571
86 0.540773
87 0.541283
92 0.543426
93 0.543643
94 0.543673
95 0.545759
100 0.545802
104 0.548419
106 0.548504
107 0.549778
118 0.549893
119 0.549956
122 0.551427
123 0.552347
124 0.553092
128 0.553685
130 0.554148
131 0.554737
134 0.554903
138 0.55704
139 0.558053
145 0.558224
146 0.559437
148 0.560256
153 0.561975
162 0.563031
163 0.563331
164 0.56336
165 0.565404
167 0.566974
170 0.569435
174 0.570137
176 0.570201
181 0.570262
182 0.572028
186 0.573381
187 0.573483
192 0.573986
204 0.574264
206 0.574433
209 0.574496
212 0.575794
213 0.575972
216 0.578116
226 0.578682
229 0.579053
231 0.579338
232 0.579856
234 0.58114
236 0.581346
238 0.581918
240 0.582379
242 0.584574
243 0.584962
244 0.585614
245 0.586746
247 0.587821
250 0.588264
258 0.58834
261 0.589714
271 0.591448
278 0.592474
280 0.593744
284 0.593982
285 0.59401
288 0.594286
289 0.594581
290 0.595599
291 0.595652
292 0.598523
295 0.599914
296 0.600221
300 0.600802
301 0.602476
302 0.603147
304 0.603516
309 0.606148
315 0.606162
318 0.606511
323 0.607225
325 0.607243
329 0.60725
336 0.608693
339 0.610838
354 0.61115
367 0.613538
374 0.614382
384 0.615658
386 0.61606
393 0.616579
395 0.616738
399 0.617535
413 0.619031
417 0.61968
421 0.620423
422 0.622911
437 0.624058
442 0.625005
445 0.628872
448 0.628932
459 0.629408
467 0.629948
469 0.631225
480 0.632748
483 0.632945
486 0.634872
488 0.635288
494 0.635631
497 0.636587
504 0.637125
516 0.637512
523 0.637729
532 0.638442
541 0.638531
544 0.640189
551 0.640756
560 0.641354
562 0.641389
569 0.64245
571 0.644015
575 0.644513
577 0.645601
578 0.64582
584 0.647226
597 0.648051
604 0.649089
606 0.65086
610 0.652244
611 0.653675
625 0.654065
628 0.655495
629 0.656397
631 0.656829
646 0.657541
664 0.658008
679 0.65961
690 0.659721
718 0.660107
724 0.661233
729 0.6617
761 0.662457
766 0.66255
767 0.663324
784 0.663973
787 0.664526
798 0.665009
801 0.665445
804 0.666655
816 0.667098
819 0.669012
822 0.669649
824 0.670439
844 0.670707
845 0.671158
848 0.671298
865 0.671594
875 0.671968
879 0.671992
891 0.672151
899 0.672565
904 0.673668
914 0.674489
937 0.674535
941 0.675565
950 0.675755
954 0.676014
963 0.676145
969 0.67641
972 0.67646
977 0.67696
1003 0.677712
1009 0.677892
1044 0.678144
1045 0.678845
1063 0.680077
1087 0.680933
1100 0.680953
1108 0.681476
1132 0.682928
1136 0.683135
1146 0.683177
1170 0.684057
1201 0.684102
1332 0.684519
1335 0.686028
1387 0.687405
1409 0.688042
1416 0.688747
1423 0.688808
1428 0.689286
1432 0.69017
1433 0.691273
1530 0.691482
1568 0.691562
1586 0.692421
1624 0.692811
1635 0.692833
1651 0.693773
1661 0.694498
1667 0.695211
1678 0.695256
1733 0.695587
1754 0.695741
1775 0.697447
1795 0.698004
1801 0.698206
1818 0.69867
1838 0.698962
1845 0.699221
1884 0.699744
1913 0.700086
1988 0.702143
2013 0.702197
2017 0.702662
2058 0.702916
2069 0.703221
2159 0.703414
2195 0.704388
2208 0.705249
2329 0.705897
2395 0.706553
2490 0.707797
2557 0.708043
2906 0.708418
3119 0.708845
