0 0.498117
1 0.501346
2 0.502404
3 0.50296
5 0.503982
10 0.505196
11 0.505268
13 0.50533
17 0.506061
24 0.507377
26 0.508152
29 0.508511
30 0.510369
31 0.510564
32 0.510832
35 0.511358
36 0.513249
37 0.514551
38 0.516357
39 0.516645
40 0.516655
43 0.516796
44 0.518147
45 0.520094
53 0.520642
54 0.520702
59 0.521502
60 0.522798
63 0.523966
65 0.524618
66 0.526886
75 0.526955
81 0.52766
84 0.529502
86 0.530392
87 0.531245
90 0.531786
93 0.532064
95 0.532108
98 0.532673
100 0.53363
103 0.534022
106 0.535096
108 0.535891
116 0.536128
118 0.537747
123 0.537924
124 0.539727
126 0.539802
128 0.541325
138 0.543629
140 0.54409
141 0.54685
144 0.54778
151 0.548158
155 0.548206
159 0.548755
164 0.549122
169 0.549794
170 0.551091
173 0.551164
175 0.551804
177 0.552313
180 0.553453
181 0.553695
187 0.554572
188 0.555897
190 0.557036
194 0.558469
201 0.560357
202 0.56076
204 0.560829
205 0.562405
206 0.563251
208 0.563845
217 0.564151
220 0.564751
229 0.564793
232 0.566429
234 0.567492
237 0.568181
239 0.569398
243 0.569661
247 0.570807
248 0.57122
249 0.57224
250 0.572608
257 0.573685
259 0.576135
266 0.577631
267 0.577801
271 0.578016
274 0.578282
280 0.580363
283 0.58065
291 0.580998
298 0.581595
299 0.581976
304 0.582546
306 0.58314
310 0.583483
321 0.584853
322 0.585531
323 0.585647
327 0.586667
328 0.588154
330 0.588395
335 0.588468
336 0.588761
346 0.590232
347 0.591366
351 0.592177
352 0.593539
355 0.59357
357 0.594017
372 0.597278
381 0.597816
390 0.598369
401 0.598444
403 0.598984
406 0.600702
410 0.6011
412 0.602665
427 0.603617
429 0.603887
442 0.604851
443 0.605809
449 0.605884
452 0.607354
453 0.607436
457 0.609221
471 0.610217
472 0.610386
473 0.611404
474 0.612548
481 0.613119
490 0.613792
495 0.613814
500 0.614482
508 0.614552
512 0.614617
517 0.614907
526 0.615181
531 0.615443
538 0.616227
541 0.616381
542 0.616471
543 0.619336
556 0.619501
559 0.619605
562 0.621056
565 0.622839
567 0.624458
579 0.625214
581 0.625225
585 0.625806
587 0.626673
588 0.626806
597 0.627039
599 0.628158
610 0.628589
612 0.628936
620 0.630401
629 0.630682
641 0.631494
657 0.631583
664 0.632639
666 0.633014
676 0.633037
677 0.634566
682 0.634951
685 0.635387
691 0.637667
693 0.6377
694 0.638206
695 0.639492
700 0.639637
703 0.639685
706 0.640877
726 0.641046
728 0.64157
755 0.643318
759 0.643327
762 0.64444
773 0.645154
775 0.64554
795 0.64562
799 0.645694
813 0.647424
819 0.64785
832 0.648241
835 0.648514
844 0.649187
846 0.651192
861 0.651308
868 0.653054
877 0.654958
882 0.655842
884 0.656094
897 0.656836
905 0.65685
914 0.657213
915 0.657782
918 0.660755
927 0.661138
935 0.661829
940 0.662455
949 0.662977
953 0.663436
973 0.663603
975 0.663698
984 0.663701
999 0.664448
1001 0.664494
1021 0.664585
1023 0.665652
1039 0.665805
1052 0.665904
1053 0.666062
1065 0.669247
1081 0.669576
1083 0.670035
1091 0.67053
1096 0.670882
1101 0.672109
1105 0.673569
1118 0.674127
1130 0.675781
1154 0.676195
1156 0.677248
1160 0.677355
1163 0.679182
1184 0.680709
1190 0.681163
1193 0.68155
1223 0.681556
1233 0.681597
1293 0.683388
1322 0.683657
1354 0.683744
1384 0.684012
1387 0.684413
1435 0.686486
1447 0.687392
1462 0.687405
1487 0.687409
1489 0.688366
1508 0.689837
1511 0.689942
1563 0.691454
1565 0.693013
1590 0.693078
1593 0.69335
1671 0.693403
1692 0.693577
1717 0.693699
1722 0.694894
1738 0.695073
1759 0.695551
1806 0.696219
1829 0.69756
1849 0.69838
1877 0.699009
1976 0.699529
2003 0.699836
2028 0.700324
2051 0.702468
2099 0.703513
2110 0.704081
2136 0.705023
2171 0.705139
2205 0.705438
2260 0.705645
2263 0.706046
2266 0.706644
2270 0.706937
2291 0.707096
2313 0.707744
2315 0.707803
2335 0.708919
2370 0.708955
2376 0.709338
2419 0.709513
2452 0.710485
2473 0.71102
2512 0.712098
2691 0.712682
2853 0.713706
2870 0.714426
3143 0.715203
3221 0.715777
3346 0.716151
