0 0.498591
7 0.49936
9 0.499869
10 0.500474
11 0.500531
12 0.500819
14 0.501952
16 0.502658
17 0.503388
18 0.504829
19 0.505317
22 0.506949
25 0.507947
31 0.509735
32 0.511483
33 0.512522
34 0.512678
36 0.513387
39 0.516127
40 0.517285
41 0.518207
43 0.518827
48 0.521239
49 0.523426
52 0.523796
54 0.524517
57 0.524933
60 0.526372
61 0.527113
62 0.527224
65 0.527355
66 0.527692
67 0.527907
68 0.528993
69 0.53047
71 0.531754
73 0.533848
75 0.53538
78 0.535467
79 0.536159
80 0.536572
85 0.537308
96 0.540161
103 0.540875
104 0.54102
105 0.542177
106 0.543115
111 0.544734
113 0.544794
118 0.546168
120 0.546202
121 0.547311
126 0.547566
130 0.547952
133 0.548429
138 0.550372
141 0.551594
146 0.552777
149 0.553279
150 0.55386
151 0.554768
152 0.556075
156 0.559191
157 0.560544
158 0.560636
160 0.561171
161 0.562072
164 0.562577
166 0.562885
169 0.563412
170 0.563836
172 0.563941
173 0.564089
175 0.56821
176 0.56852
184 0.569301
185 0.570192
186 0.571501
188 0.57307
189 0.57307
190 0.5741
191 0.57479
192 0.574922
195 0.576446
196 0.576738
197 0.577141
200 0.577695
201 0.578648
204 0.580255
207 0.58241
209 0.58319
212 0.58353
215 0.584794
216 0.585736
218 0.588544
220 0.588617
223 0.589078
227 0.589247
234 0.590366
240 0.591836
241 0.592156
243 0.59217
244 0.592288
245 0.592882
246 0.593771
247 0.594483
250 0.595588
251 0.596079
254 0.596442
255 0.59782
265 0.599379
277 0.600468
280 0.600989
284 0.601947
291 0.602141
292 0.602287
297 0.60282
301 0.603454
314 0.603625
315 0.60393
318 0.604463
326 0.604986
332 0.605583
335 0.607011
337 0.607134
344 0.609835
355 0.611578
358 0.612755
375 0.613061
377 0.61397
381 0.614652
384 0.614906
393 0.616744
395 0.617159
398 0.617706
413 0.618453
415 0.619186
418 0.61968
422 0.619857
423 0.620438
425 0.620561
428 0.622721
429 0.623512
434 0.626594
452 0.62679
453 0.627161
455 0.627336
478 0.628972
482 0.629347
492 0.630131
494 0.63128
497 0.631357
498 0.632094
529 0.633068
537 0.6335
539 0.637693
549 0.638656
552 0.639226
554 0.641675
557 0.642815
563 0.643871
564 0.646065
569 0.646288
572 0.647462
578 0.647822
599 0.648164
606 0.648279
611 0.64889
626 0.650627
647 0.650635
649 0.652452
651 0.653532
653 0.654064
663 0.654126
670 0.656483
682 0.656857
684 0.657101
689 0.658089
692 0.659601
697 0.660106
712 0.661963
716 0.661969
724 0.662326
742 0.663002
743 0.663907
754 0.664903
769 0.66513
776 0.665526
778 0.665544
779 0.665627
793 0.666808
823 0.668073
829 0.66899
831 0.670403
838 0.670449
858 0.672324
876 0.675602
884 0.675948
902 0.676311
907 0.676415
911 0.677806
912 0.679892
921 0.680119
930 0.680536
932 0.680963
940 0.681546
953 0.682185
963 0.683399
1013 0.683741
1032 0.68419
1041 0.685254
1050 0.685945
1071 0.686695
1096 0.686902
1102 0.68694
1110 0.689556
1119 0.689681
1144 0.690623
1163 0.692291
1168 0.692361
1174 0.692762
1217 0.693168
1268 0.693229
1269 0.693384
1281 0.694332
1323 0.694854
1327 0.695497
1332 0.695779
1349 0.696317
1354 0.696633
1379 0.696701
1433 0.697579
1435 0.698553
1441 0.699671
1445 0.701419
1480 0.701586
1498 0.702868
1501 0.704328
1557 0.704407
1630 0.704411
1645 0.707147
1695 0.707971
1704 0.708407
1707 0.70883
1764 0.70901
1829 0.709629
1858 0.710529
1875 0.71077
1899 0.711554
1916 0.713501
1942 0.714002
1994 0.7141
2058 0.714155
2176 0.714547
2290 0.714689
2306 0.715184
2358 0.715332
2442 0.717484
2447 0.717664
2508 0.717966
2719 0.718174
2738 0.718384
3154 0.718543
3594 0.719658
3976 0.720193
4225 0.720234
4239 0.721029
