0 0.506427
1 0.506905
9 0.50735
10 0.507884
13 0.508489
14 0.509019
15 0.511036
16 0.514348
17 0.516791
21 0.517782
23 0.518656
28 0.519541
34 0.520214
35 0.5224
41 0.525563
42 0.528365
45 0.531598
46 0.531703
47 0.533459
50 0.533959
52 0.536198
53 0.537082
56 0.538669
58 0.539147
60 0.539521
67 0.540275
70 0.541341
72 0.541587
74 0.543907
75 0.544339
77 0.544714
81 0.54787
82 0.547885
84 0.548596
89 0.548765
90 0.549308
91 0.54948
92 0.551013
93 0.552187
94 0.55338
98 0.55384
99 0.554337
100 0.55457
104 0.556911
108 0.557171
110 0.557181
113 0.557563
115 0.557579
116 0.558385
117 0.55915
122 0.560159
128 0.561789
134 0.562005
138 0.562678
145 0.56421
148 0.564491
150 0.56491
152 0.565539
154 0.567329
155 0.569731
156 0.570066
165 0.571105
171 0.57121
175 0.571253
177 0.572765
181 0.573427
182 0.574366
185 0.577516
190 0.578294
194 0.57845
195 0.579322
199 0.580371
204 0.58143
205 0.5831
214 0.584083
222 0.585139
226 0.585493
228 0.586568
230 0.586751
232 0.587416
234 0.588659
236 0.589609
245 0.590136
251 0.591241
265 0.591668
276 0.591909
278 0.593198
282 0.594239
283 0.594472
284 0.595738
285 0.596716
290 0.597087
292 0.597784
296 0.597938
298 0.6006
301 0.600891
309 0.60105
313 0.603199
322 0.603815
326 0.604842
329 0.606128
333 0.606555
336 0.60739
338 0.607757
340 0.608416
347 0.608483
350 0.608614
354 0.611313
357 0.614376
363 0.614655
379 0.615989
380 0.616127
385 0.616634
387 0.617298
390 0.619717
391 0.619816
392 0.620405
395 0.620805
402 0.620981
404 0.622806
411 0.622902
412 0.623575
419 0.624486
424 0.624628
429 0.625481
430 0.625574
436 0.625923
437 0.628227
440 0.62837
444 0.629242
448 0.630409
455 0.631882
457 0.632572
465 0.633121
466 0.635585
470 0.637075
475 0.637107
489 0.637134
495 0.640471
496 0.641409
498 0.641489
502 0.643127
506 0.643583
510 0.644151
514 0.645123
520 0.64578
523 0.646313
534 0.646754
560 0.646777
562 0.64703
569 0.647759
570 0.650097
579 0.651039
581 0.652069
586 0.652085
590 0.652667
591 0.65318
602 0.654524
619 0.655976
621 0.656178
630 0.657169
633 0.657974
652 0.658829
688 0.662084
691 0.662164
695 0.662441
706 0.66356
709 0.665205
711 0.665731
727 0.666117
729 0.667099
730 0.667157
731 0.667411
735 0.668206
741 0.668339
743 0.668536
749 0.668924
765 0.670355
766 0.67043
776 0.670696
792 0.670868
833 0.671651
838 0.672424
869 0.672526
874 0.672883
881 0.674348
885 0.676492
900 0.677122
914 0.678877
915 0.679057
916 0.681732
922 0.681939
973 0.682963
977 0.683782
981 0.684473
992 0.684906
996 0.685046
1000 0.685415
1008 0.6865
1027 0.686506
1035 0.68672
1060 0.687728
1106 0.688061
1121 0.688304
1136 0.688737
1147 0.689173
1182 0.689563
1219 0.689884
1250 0.690421
1270 0.69062
1340 0.691265
1379 0.691545
1384 0.691725
1423 0.691877
1438 0.692075
1446 0.692967
1471 0.694415
1485 0.69449
1517 0.695129
1545 0.696623
1554 0.696879
1565 0.69723
1578 0.698135
1633 0.698825
1657 0.699236
1755 0.700502
1795 0.701057
1820 0.701952
1876 0.702098
1995 0.702158
1999 0.702572
2062 0.703355
2069 0.703898
2110 0.704404
2233 0.705568
