0 0.500824
9 0.500827
11 0.50272
12 0.503793
13 0.506434
15 0.507509
18 0.509631
19 0.509663
20 0.510956
22 0.511009
24 0.512468
25 0.513601
29 0.513888
31 0.513952
33 0.514395
34 0.516129
35 0.516254
36 0.516882
37 0.51724
38 0.517249
39 0.518829
40 0.51921
42 0.519353
43 0.519812
46 0.519893
47 0.521425
51 0.521894
52 0.523843
55 0.525742
56 0.52598
57 0.527072
60 0.527527
62 0.527868
64 0.528037
65 0.529196
67 0.531235
68 0.531994
69 0.532348
70 0.534648
72 0.535709
73 0.53624
74 0.53673
75 0.537335
76 0.537778
77 0.537958
78 0.541559
79 0.542106
80 0.542507
84 0.544822
85 0.548432
86 0.549488
88 0.550876
89 0.550952
93 0.552465
94 0.554101
96 0.55536
98 0.557026
99 0.557864
100 0.557948
103 0.558166
104 0.558667
115 0.558725
117 0.55897
120 0.56135
127 0.562085
128 0.562659
133 0.563596
139 0.565509
140 0.565985
144 0.566035
145 0.566459
150 0.566819
155 0.570087
156 0.570668
162 0.570827
163 0.572824
164 0.573554
165 0.574931
166 0.577009
170 0.578591
172 0.579535
176 0.579885
185 0.580524
186 0.580891
189 0.581042
191 0.581122
194 0.581209
198 0.581255
201 0.58143
202 0.581705
206 0.581709
216 0.582644
220 0.583192
226 0.585038
230 0.58661
233 0.587119
239 0.588237
240 0.58992
241 0.590888
244 0.591649
245 0.59189
246 0.594542
248 0.595947
251 0.596586
257 0.597659
260 0.598302
271 0.599563
273 0.600739
276 0.602714
277 0.606046
283 0.60648
285 0.607279
289 0.607696
292 0.608622
294 0.609973
296 0.61119
300 0.613324
302 0.614433
317 0.615656
322 0.615912
323 0.61705
332 0.617757
337 0.618275
344 0.618281
348 0.619591
363 0.619718
364 0.620606
366 0.621308
378 0.621732
381 0.622354
388 0.623262
395 0.623313
401 0.623511
407 0.62357
409 0.624506
417 0.624704
427 0.624915
430 0.627583
432 0.628194
434 0.628785
439 0.629165
440 0.631033
443 0.63207
445 0.632229
452 0.633126
463 0.6339
467 0.634082
471 0.634499
476 0.635713
497 0.636257
512 0.636663
523 0.637376
527 0.637745
532 0.638708
535 0.639665
546 0.640956
550 0.64137
560 0.641786
566 0.641896
568 0.64274
573 0.643023
574 0.643433
577 0.644136
578 0.644526
581 0.644992
582 0.645525
590 0.646443
601 0.647831
602 0.648098
609 0.649706
615 0.651053
625 0.651225
626 0.651762
642 0.652083
646 0.653634
647 0.653748
656 0.653903
659 0.654368
671 0.654443
672 0.654619
675 0.65534
681 0.655842
712 0.656782
719 0.657319
721 0.657967
742 0.659764
744 0.660435
745 0.661432
746 0.662338
766 0.662424
773 0.662994
775 0.663659
783 0.665462
794 0.667295
800 0.667619
804 0.668561
817 0.668699
830 0.66975
848 0.670658
853 0.670865
895 0.672135
905 0.672833
910 0.673191
917 0.674314
938 0.675116
940 0.675303
969 0.676168
971 0.677627
983 0.677899
998 0.677962
1020 0.679579
1027 0.679635
1030 0.679799
1037 0.680518
1043 0.680801
1044 0.682402
1072 0.682567
1083 0.683058
1140 0.683562
1166 0.683566
1195 0.684155
1206 0.685745
1233 0.686601
1240 0.688688
1251 0.689251
1313 0.690912
1318 0.691211
1339 0.691767
1354 0.692426
1382 0.692932
1390 0.693219
1401 0.693345
1405 0.694949
1433 0.695034
1445 0.695352
1532 0.695467
1559 0.696618
1560 0.696945
1598 0.697386
1650 0.697594
1695 0.698082
1698 0.698136
1700 0.700462
1755 0.700831
1783 0.700974
1802 0.701516
1806 0.70167
1843 0.702627
1848 0.703414
1880 0.703779
1981 0.704858
2019 0.704869
2025 0.705611
2164 0.706499
2385 0.706548
2552 0.707004
2739 0.707594
3001 0.707875
3403 0.70901
