0 0.508475
2 0.510017
3 0.510148
6 0.511414
10 0.511531
12 0.513522
17 0.514174
20 0.514877
21 0.51507
22 0.516234
23 0.516758
24 0.518496
25 0.518585
28 0.519123
29 0.521103
31 0.522245
32 0.522341
34 0.523572
36 0.528065
37 0.529261
46 0.52942
48 0.531472
51 0.532046
52 0.533185
54 0.5344
56 0.53457
62 0.537071
63 0.537168
64 0.540629
66 0.541313
67 0.542432
68 0.543374
69 0.54485
71 0.546083
72 0.546388
74 0.548373
77 0.550526
79 0.55295
84 0.55325
86 0.553261
88 0.554699
93 0.554992
95 0.556011
96 0.55699
99 0.559014
102 0.559459
103 0.560416
107 0.560625
108 0.562301
109 0.562586
110 0.563773
111 0.56424
117 0.564414
127 0.564878
129 0.564943
130 0.566805
135 0.566867
136 0.568505
137 0.569903
141 0.570127
142 0.571557
149 0.575595
154 0.576
155 0.576916
156 0.577284
165 0.57913
166 0.579467
171 0.579503
173 0.58064
175 0.5807
177 0.581737
178 0.583014
187 0.583733
188 0.584375
191 0.584405
192 0.584715
202 0.585219
207 0.585493
214 0.585861
217 0.586725
223 0.587488
225 0.588125
228 0.593249
235 0.593975
242 0.594825
243 0.594919
252 0.595725
257 0.596237
260 0.597133
265 0.597834
267 0.598476
273 0.599465
285 0.600547
286 0.601138
291 0.602377
296 0.604532
304 0.60529
307 0.606334
309 0.607696
334 0.608539
336 0.611072
340 0.612079
341 0.61293
351 0.613293
356 0.613547
361 0.615803
363 0.616182
366 0.617066
375 0.617684
376 0.620578
381 0.621129
390 0.62115
396 0.623205
398 0.624813
404 0.625001
405 0.625017
416 0.625085
417 0.625196
432 0.625264
434 0.626523
437 0.627481
443 0.628343
448 0.629738
450 0.630856
455 0.631718
458 0.632191
462 0.632575
463 0.632742
477 0.63383
480 0.634784
499 0.634791
501 0.635081
504 0.636139
508 0.636696
515 0.63823
525 0.639171
532 0.639795
536 0.642716
541 0.643301
545 0.643393
557 0.643495
558 0.643732
577 0.644611
583 0.645152
601 0.645314
606 0.646056
616 0.646457
622 0.647216
626 0.648165
653 0.651194
657 0.651552
664 0.651749
697 0.65176
707 0.652178
711 0.653018
720 0.6533
721 0.654564
735 0.655318
742 0.655636
753 0.657164
760 0.657392
769 0.657813
803 0.658897
807 0.659254
819 0.663676
825 0.664941
840 0.666764
845 0.668328
848 0.670454
884 0.671364
898 0.672711
901 0.674731
912 0.675379
921 0.675754
922 0.67723
932 0.677703
994 0.678916
995 0.678937
1020 0.679154
1023 0.67961
1034 0.680143
1045 0.680568
1052 0.680898
1064 0.681423
1069 0.681425
1094 0.681755
1104 0.682475
1113 0.683859
1117 0.684233
1133 0.684927
1137 0.685416
1146 0.68628
1160 0.688487
1175 0.688543
1185 0.690075
1219 0.690277
1225 0.692422
1246 0.693045
1259 0.693575
1269 0.694592
1316 0.694636
1340 0.695143
1356 0.696231
1379 0.696513
1384 0.698356
1399 0.698727
1451 0.698836
1474 0.698897
1485 0.699001
1529 0.699652
1558 0.700456
1565 0.700689
1614 0.702121
1645 0.702125
1651 0.70268
1659 0.70314
1662 0.703449
1663 0.70386
1685 0.704765
1712 0.70591
1714 0.706599
1741 0.70719
1746 0.707215
1748 0.707968
1781 0.708427
1788 0.70862
1804 0.708734
1813 0.709479
1923 0.709488
2051 0.710266
2068 0.710368
2162 0.710522
2179 0.711065
2197 0.71145
2219 0.711659
2297 0.71235
2328 0.712524
2390 0.712854
2566 0.713045
2677 0.713109
2925 0.714113
3090 0.714933
3351 0.715185
