0 0.492695
2 0.493585
4 0.493976
5 0.495222
6 0.49647
9 0.497879
10 0.497884
11 0.498666
14 0.500235
15 0.500813
16 0.503001
18 0.503285
19 0.504765
22 0.509772
27 0.51264
30 0.512703
31 0.513896
33 0.515535
34 0.516475
38 0.518135
39 0.518389
41 0.520156
43 0.520571
44 0.52212
49 0.524475
50 0.525532
51 0.526062
55 0.526233
56 0.52738
58 0.527385
59 0.527849
60 0.52887
62 0.531445
63 0.531697
65 0.532375
68 0.533188
69 0.533813
71 0.534859
74 0.535639
78 0.535799
80 0.536641
84 0.537336
88 0.539361
89 0.539529
91 0.54067
93 0.5417
99 0.541985
101 0.543704
104 0.544759
107 0.54623
108 0.546944
109 0.547545
113 0.547552
114 0.547724
115 0.548863
117 0.548924
122 0.550087
125 0.550304
129 0.551499
130 0.552189
133 0.554702
134 0.555072
135 0.557763
137 0.557895
138 0.558351
139 0.558769
142 0.558816
144 0.558989
147 0.559021
149 0.559963
150 0.559972
151 0.560273
155 0.56048
156 0.560647
157 0.562535
159 0.564224
161 0.564308
163 0.565211
165 0.566109
171 0.5662
177 0.566535
182 0.56696
183 0.567979
189 0.569577
191 0.569754
192 0.571729
205 0.572824
206 0.573582
207 0.574575
208 0.576291
209 0.576957
213 0.577271
214 0.577961
215 0.579788
217 0.582455
219 0.582779
224 0.5835
230 0.58411
231 0.58469
233 0.585305
234 0.586105
237 0.58653
239 0.587919
240 0.590608
241 0.590731
243 0.592318
244 0.593056
245 0.593734
248 0.593911
249 0.593924
260 0.595024
262 0.595066
266 0.59557
276 0.597426
277 0.598166
279 0.599271
281 0.600164
283 0.600244
287 0.60056
289 0.601509
292 0.601755
300 0.602581
301 0.603766
306 0.604305
316 0.604569
320 0.605228
322 0.606724
327 0.607694
329 0.609274
332 0.609938
333 0.61254
337 0.612761
338 0.613828
340 0.614776
343 0.615428
344 0.617404
345 0.618311
348 0.618871
352 0.620394
357 0.622643
362 0.623731
368 0.624126
369 0.624516
374 0.624705
378 0.625067
379 0.625863
380 0.62626
384 0.62638
388 0.626399
396 0.628043
400 0.629399
401 0.630919
402 0.631018
411 0.631432
412 0.631809
414 0.633951
416 0.634935
418 0.636086
429 0.637356
433 0.638778
439 0.638804
444 0.639382
446 0.640056
449 0.641618
451 0.641668
453 0.64212
454 0.642128
456 0.642509
462 0.642883
468 0.644632
485 0.644765
489 0.646325
500 0.646632
506 0.64677
510 0.646868
529 0.646978
532 0.647246
535 0.647783
545 0.647981
546 0.650295
548 0.650463
550 0.651834
557 0.653314
559 0.65353
560 0.653589
571 0.654087
574 0.655246
581 0.655331
592 0.656574
603 0.656615
604 0.656897
608 0.657254
609 0.657569
612 0.657736
613 0.659593
619 0.659631
636 0.660023
648 0.660199
653 0.660716
665 0.661296
666 0.662973
675 0.662975
683 0.663564
692 0.663988
694 0.664204
696 0.664367
699 0.666124
712 0.666548
727 0.666809
730 0.669786
734 0.669919
736 0.670635
737 0.670807
740 0.671043
749 0.671438
767 0.672435
788 0.674268
792 0.674341
798 0.675765
807 0.67621
809 0.677818
835 0.678145
852 0.678503
858 0.679953
869 0.681357
874 0.681918
915 0.68219
937 0.683189
955 0.684922
990 0.684952
1004 0.684993
1059 0.685201
1063 0.685397
1081 0.685788
1102 0.687062
1112 0.687848
1117 0.688418
1122 0.68849
1127 0.689436
1151 0.689442
1188 0.689484
1237 0.690288
1239 0.690927
1251 0.691957
1274 0.692987
1299 0.693166
1351 0.693484
1352 0.694161
1387 0.694681
1407 0.695145
1418 0.69522
1424 0.695503
1460 0.696757
1470 0.697876
1511 0.698179
1545 0.698249
1555 0.698768
1603 0.698837
1625 0.699467
1632 0.699674
1653 0.699775
1733 0.700541
1772 0.701597
1798 0.701708
1819 0.702984
1854 0.703994
1878 0.704498
1887 0.704746
1913 0.704797
1918 0.706284
1924 0.706772
2000 0.706849
2041 0.707735
2047 0.710083
2124 0.71072
2174 0.710886
2374 0.71106
2402 0.711672
2410 0.712205
2481 0.712596
2732 0.712748
2752 0.712752
2773 0.713394
2790 0.714299
2801 0.714439
2811 0.71522
2928 0.715602
3284 0.715976
