256 0.50854804950495
512 0.52011424752475
768 0.53063469306931
1024 0.54064692079208
1280 0.54989831683168
1536 0.55877072277228
1792 0.56696387128713
2048 0.57484178217822
2304 0.58207674257426
2560 0.58891575247525
2816 0.59541322772277
3072 0.60166325742574
3328 0.60748377227723
3584 0.61320559405941
3840 0.61840013861386
4096 0.62345662376238
4352 0.62808212871287
4608 0.63256757425743
4864 0.6368499009901
5120 0.64102016831683
5376 0.64493375247525
5632 0.64868076237624
5888 0.65226686138614
6144 0.65567536633663
6400 0.65894304950495
6656 0.6620354950495
6912 0.66497236633663
7168 0.66779054455446
7424 0.67048186138614
7680 0.6730539009901
7936 0.67547468316832
8192 0.6778563960396
8448 0.68003253465347
8704 0.68190316831683
8960 0.68388207920792
9216 0.68557928712871
9472 0.68725248514851
9728 0.68877085148515
9984 0.69009502970297
10240 0.69173265346535
10496 0.69344315841584
10752 0.69474393069307
11008 0.69590532673267
11264 0.69689359405941
11520 0.69775242574257
11776 0.69855411881188
12032 0.69919498019802
12288 0.69991407920792
12544 0.70056512871287
12800 0.70114903960396
13056 0.70168534653465
13312 0.7021852970297
13568 0.7026872970297
13824 0.70296227722772
14080 0.70331094059406
14336 0.70360716831683
14592 0.70381996039604
14848 0.70400630693069
15104 0.70419307920792
15360 0.70433646534653
15616 0.70459104950495
15872 0.70468235643564
16128 0.70477716831683
16384 0.70484725742574
16640 0.70489099009901
16896 0.70496566336634
17152 0.70499918811881
17408 0.70502712871287
17664 0.70504230693069
17920 0.70508915841584
18176 0.70511124752475
18432 0.70513573267327
18688 0.70515685148515
18944 0.70516459405941
