0 0.482814
256 0.501688
512 0.5187
768 0.532526
1024 0.54586
1280 0.554598
1536 0.562612
1792 0.571021
2048 0.579786
2304 0.58864
2560 0.59696
2816 0.604719
3072 0.611678
3328 0.616791
3584 0.621894
3840 0.626294
4096 0.631931
4352 0.636058
4608 0.639998
4864 0.646587
5120 0.649837
5376 0.652989
5632 0.656027
5888 0.658869
6144 0.66194
6400 0.664633
6656 0.667072
6912 0.669092
7168 0.671325
7424 0.674075
7680 0.67627
7936 0.677932
8192 0.679441
8448 0.680899
8704 0.681579
8960 0.682439
9216 0.685111
9472 0.687335
9728 0.688259
9984 0.68929
10240 0.689692
10496 0.692036
10752 0.694059
11008 0.695321
11264 0.701484
11520 0.701822
11776 0.704093
12032 0.704593
12288 0.70481
12544 0.705847
