0 0.457736
256 0.474343
512 0.487796
768 0.500904
1024 0.512224
1280 0.523188
1536 0.535349
1792 0.545725
2048 0.555787
2304 0.567124
2560 0.576258
2816 0.584477
3072 0.5925
3328 0.599395
3584 0.606339
3840 0.613437
4096 0.620266
4352 0.627715
4608 0.633925
4864 0.639177
5120 0.642202
5376 0.645205
5632 0.650482
5888 0.654231
6144 0.657738
6400 0.662812
6656 0.665118
6912 0.668862
7168 0.67257
7424 0.675228
7680 0.677696
7936 0.679573
8192 0.681009
8448 0.684104
8704 0.685878
8960 0.689151
9216 0.691218
9472 0.693059
9728 0.694713
9984 0.697595
10240 0.700433
10496 0.702539
10752 0.704258
11008 0.708026
11264 0.708946
11520 0.711329
11776 0.715149
12032 0.715813
12288 0.716814
12544 0.717463
12800 0.718049
13056 0.718136
13312 0.720833
13568 0.722675
13824 0.722717
14080 0.724291
14336 0.725169
14592 0.725873
