0 0.493298
256 0.504871
512 0.515251
768 0.525205
1024 0.534719
1280 0.543701
1536 0.552612
1792 0.560998
2048 0.570719
2304 0.578559
2560 0.585583
2816 0.59479
3072 0.6022
3328 0.607136
3584 0.612053
3840 0.616757
4096 0.620937
4352 0.624436
4608 0.627774
4864 0.631093
5120 0.634852
5376 0.638159
5632 0.640933
5888 0.643781
6144 0.647386
6400 0.649646
6656 0.654766
6912 0.659618
7168 0.66182
7424 0.665168
7680 0.667768
7936 0.67062
8192 0.672358
8448 0.674323
8704 0.677569
8960 0.680877
9216 0.686822
9472 0.689644
9728 0.691414
9984 0.695153
10240 0.698109
10496 0.700275
10752 0.70199
11008 0.705494
11264 0.706749
11520 0.7073
11776 0.707771
12032 0.708238
12288 0.710842
12544 0.711147
