0 0.485272
256 0.499804
512 0.511774
768 0.52465
1024 0.535774
1280 0.5456
1536 0.556322
1792 0.565111
2048 0.572728
2304 0.580307
2560 0.587623
2816 0.595191
3072 0.602062
3328 0.608136
3584 0.613778
3840 0.621253
4096 0.626594
4352 0.631053
4608 0.635911
4864 0.639718
5120 0.643838
5376 0.647458
5632 0.651077
5888 0.653962
6144 0.659056
6400 0.662373
6656 0.666523
6912 0.670907
7168 0.674748
7424 0.677991
7680 0.680272
7936 0.68214
8192 0.6836
8448 0.684868
8704 0.685706
8960 0.686443
9216 0.688031
9472 0.689223
9728 0.689623
9984 0.692627
10240 0.69406
10496 0.696992
10752 0.698056
11008 0.698776
11264 0.69947
11520 0.700248
11776 0.701118
12032 0.70371
12288 0.704809
12544 0.705423
12800 0.707833
13056 0.71003
13312 0.711486
13568 0.713333
13824 0.713669
14080 0.716148
14336 0.71665
