0 0.482618
256 0.495177
512 0.507174
768 0.518972
1024 0.530624
1280 0.542267
1536 0.552415
1792 0.560872
2048 0.570741
2304 0.578125
2560 0.58424
2816 0.590352
3072 0.595507
3328 0.600375
3584 0.605743
3840 0.613453
4096 0.618281
4352 0.622151
4608 0.628332
4864 0.632242
5120 0.636056
5376 0.639646
5632 0.643926
5888 0.647971
6144 0.651331
6400 0.656091
6656 0.662667
6912 0.667096
7168 0.670993
7424 0.675627
7680 0.679513
7936 0.683276
8192 0.686875
8448 0.690047
8704 0.692891
8960 0.695466
9216 0.697565
9472 0.70156
9728 0.707772
9984 0.712012
10240 0.717421
10496 0.719913
10752 0.721858
11008 0.72373
11264 0.725279
11520 0.726708
11776 0.728116
12032 0.729225
12288 0.729939
12544 0.730587
12800 0.731131
13056 0.733251
13312 0.735873
13568 0.738279
13824 0.7403
14080 0.740642
14336 0.740973
14592 0.741272
14848 0.742973
15104 0.743688
15360 0.743952
