0 0.510505
256 0.525964
512 0.5381
768 0.548218
1024 0.563064
1280 0.572822
1536 0.582268
1792 0.589965
2048 0.597607
2304 0.605178
2560 0.611912
2816 0.618469
3072 0.624255
3328 0.629833
3584 0.63686
3840 0.64259
4096 0.647129
4352 0.651437
4608 0.656778
4864 0.664094
5120 0.669202
5376 0.673863
5632 0.677967
5888 0.682042
6144 0.68456
6400 0.68704
6656 0.688615
6912 0.691699
7168 0.694596
7424 0.698482
7680 0.701663
7936 0.703034
8192 0.704385
8448 0.705955
8704 0.707291
8960 0.708179
9216 0.709058
9472 0.710373
