0 0.485299
256 0.499481
512 0.512199
768 0.524232
1024 0.536351
1280 0.548055
1536 0.557987
1792 0.567592
2048 0.575817
2304 0.583144
2560 0.590258
2816 0.597114
3072 0.603356
3328 0.610269
3584 0.615916
3840 0.620806
4096 0.626209
4352 0.633019
4608 0.636554
4864 0.639966
5120 0.643551
5376 0.646705
5632 0.65082
5888 0.656606
6144 0.660969
6400 0.664456
6656 0.669892
6912 0.672662
7168 0.675344
7424 0.679336
7680 0.683805
7936 0.686587
8192 0.6889
8448 0.690843
8704 0.69268
8960 0.694343
9216 0.695734
9472 0.697319
9728 0.698885
9984 0.701006
10240 0.702255
10496 0.70567
10752 0.707969
11008 0.709308
11264 0.710006
11520 0.712898
11776 0.715705
12032 0.717492
12288 0.719064
12544 0.720493
12800 0.72145
13056 0.721555
13312 0.72205
