0 0.535777
256 0.547978
512 0.559629
768 0.569679
1024 0.576895
1280 0.583178
1536 0.589245
1792 0.595138
2048 0.600716
2304 0.606282
2560 0.610933
2816 0.615476
3072 0.62
3328 0.62427
3584 0.628071
3840 0.631768
4096 0.6351
4352 0.638524
4608 0.64189
4864 0.645611
5120 0.649074
5376 0.651791
5632 0.657933
5888 0.661231
6144 0.664019
6400 0.66586
6656 0.671219
6912 0.675695
7168 0.677734
7424 0.67954
7680 0.681064
7936 0.682301
8192 0.684717
8448 0.685802
8704 0.686778
8960 0.689453
9216 0.690249
9472 0.690545
9728 0.690648
9984 0.691959
10240 0.692643
10496 0.694891
10752 0.696345
11008 0.700645
11264 0.701487
11520 0.702367
11776 0.7036
12032 0.70372
12288 0.705997
12544 0.707384
12800 0.708116
13056 0.709165
13312 0.710508
13568 0.710542
13824 0.711278
14080 0.712939
14336 0.713468
14592 0.71426
14848 0.714325
15104 0.714334
15360 0.716446
