0 0.497631
256 0.511475
512 0.524225
768 0.534488
1024 0.543071
1280 0.551326
1536 0.559401
1792 0.566369
2048 0.572958
2304 0.57903
2560 0.584968
2816 0.590675
3072 0.599482
3328 0.605669
3584 0.611484
3840 0.616794
4096 0.621458
4352 0.626099
4608 0.630673
4864 0.635751
5120 0.64142
5376 0.645623
5632 0.649818
5888 0.653296
6144 0.656767
6400 0.659392
6656 0.661683
6912 0.663642
7168 0.667736
7424 0.670957
7680 0.673774
7936 0.677399
8192 0.680428
8448 0.682381
8704 0.685727
8960 0.687887
9216 0.689555
9472 0.693496
9728 0.695378
9984 0.697753
10240 0.69901
10496 0.700813
10752 0.704184
11008 0.705839
11264 0.709498
11520 0.711589
11776 0.712498
12032 0.712886
12288 0.713022
12544 0.713751
12800 0.71434
13056 0.715932
13312 0.718934
13568 0.720818
13824 0.72239
14080 0.72447
14336 0.726042
14592 0.728228
14848 0.729404
15104 0.731441
15360 0.73366
15616 0.735859
