0 0.499239
256 0.509745
512 0.519644
768 0.529567
1024 0.538476
1280 0.54858
1536 0.55815
1792 0.565664
2048 0.573046
2304 0.579852
2560 0.586411
2816 0.592505
3072 0.599706
3328 0.605675
3584 0.611869
3840 0.617278
4096 0.622232
4352 0.626899
4608 0.63147
4864 0.635497
5120 0.639959
5376 0.643868
5632 0.647655
5888 0.650884
6144 0.653804
6400 0.656208
6656 0.658391
6912 0.662052
7168 0.66373
7424 0.668118
7680 0.670979
7936 0.672633
8192 0.673987
8448 0.674607
8704 0.675221
8960 0.675782
9216 0.677183
9472 0.680578
9728 0.681974
9984 0.683209
10240 0.684352
10496 0.685229
10752 0.685746
11008 0.687489
11264 0.689197
11520 0.691022
11776 0.691635
12032 0.692423
12288 0.693015
12544 0.694927
12800 0.695083
13056 0.697211
13312 0.699384
13568 0.700513
13824 0.700608
14080 0.703518
14336 0.705421
14592 0.706995
14848 0.708189
15104 0.708827
15360 0.711677
15616 0.716962
15872 0.720637
16128 0.722554
16384 0.724214
16640 0.725785
16896 0.728865
17152 0.729823
17408 0.730355
17664 0.731247
17920 0.734565
18176 0.735609
18432 0.73637
