0 0.500168
256 0.511266
512 0.521775
768 0.531917
1024 0.541386
1280 0.549974
1536 0.558094
1792 0.565203
2048 0.572211
2304 0.578917
2560 0.585614
2816 0.591783
3072 0.599276
3328 0.605411
3584 0.611536
3840 0.617583
4096 0.623247
4352 0.63015
4608 0.635736
4864 0.642973
5120 0.649261
5376 0.655447
5632 0.66074
5888 0.666318
6144 0.672912
6400 0.678149
6656 0.683228
6912 0.688955
7168 0.693923
7424 0.697556
7680 0.700888
7936 0.703084
8192 0.705251
8448 0.707413
8704 0.709353
8960 0.712003
9216 0.713597
9472 0.718141
9728 0.719109
9984 0.720044
10240 0.720946
10496 0.721096
