0 0.514924
256 0.528045
512 0.539028
768 0.550769
1024 0.561295
1280 0.571476
1536 0.580575
1792 0.590107
2048 0.598024
2304 0.604777
2560 0.611917
2816 0.618542
3072 0.625773
3328 0.631894
3584 0.637996
3840 0.643852
4096 0.649267
4352 0.654498
4608 0.659253
4864 0.663764
5120 0.667503
5376 0.670999
5632 0.674636
5888 0.678126
6144 0.681157
6400 0.683723
6656 0.687045
6912 0.691342
7168 0.69465
7424 0.696734
7680 0.698205
7936 0.701533
8192 0.703598
8448 0.704849
8704 0.705388
8960 0.706209
9216 0.70708
9472 0.709174
9728 0.709698
9984 0.71143
10240 0.712069
10496 0.714211
10752 0.714708
11008 0.715476
11264 0.715598
11520 0.717998
11776 0.719344
