0 0.487785
256 0.506022
512 0.51793
768 0.529333
1024 0.540467
1280 0.551365
1536 0.56141
1792 0.570541
2048 0.578502
2304 0.586316
2560 0.59374
2816 0.600469
3072 0.606464
3328 0.612088
3584 0.617658
3840 0.622523
4096 0.628379
4352 0.636996
4608 0.640792
4864 0.644553
5120 0.647838
5376 0.651052
5632 0.657095
5888 0.661108
6144 0.665158
6400 0.668236
6656 0.671066
6912 0.673435
7168 0.676177
7424 0.678459
7680 0.686353
7936 0.690458
8192 0.69267
8448 0.694506
8704 0.696308
8960 0.697992
9216 0.699633
9472 0.702181
9728 0.704297
9984 0.705273
10240 0.706222
10496 0.709444
10752 0.710367
11008 0.711696
11264 0.712511
11520 0.712899
