0 0.453841
256 0.468171
512 0.481276
768 0.494079
1024 0.506245
1280 0.517085
1536 0.528879
1792 0.539712
2048 0.549214
2304 0.558405
2560 0.566439
2816 0.57418
3072 0.58121
3328 0.587429
3584 0.593554
3840 0.599561
4096 0.605111
4352 0.611798
4608 0.617281
4864 0.6221
5120 0.626265
5376 0.631613
5632 0.635412
5888 0.64006
6144 0.643186
6400 0.646099
6656 0.651082
6912 0.656429
7168 0.661608
7424 0.666182
7680 0.669067
7936 0.671849
8192 0.674343
8448 0.676302
8704 0.678894
8960 0.680942
9216 0.682341
9472 0.682967
9728 0.683478
9984 0.683847
10240 0.684204
10496 0.685111
10752 0.68547
11008 0.688656
