0 0.525319
256 0.53525
512 0.544567
768 0.553761
1024 0.562385
1280 0.570822
1536 0.579033
1792 0.58721
2048 0.593496
2304 0.599511
2560 0.60547
2816 0.610759
3072 0.615667
3328 0.620762
3584 0.629409
3840 0.634257
4096 0.641507
4352 0.646173
4608 0.650703
4864 0.655957
5120 0.660365
5376 0.666168
5632 0.670485
5888 0.673992
6144 0.677496
6400 0.681397
6656 0.684409
6912 0.687178
7168 0.689752
7424 0.691883
7680 0.695015
7936 0.696859
8192 0.699297
8448 0.701075
8704 0.702021
8960 0.702934
9216 0.703517
9472 0.704043
9728 0.705308
9984 0.706696
10240 0.707935
10496 0.708434
10752 0.708775
11008 0.709093
11264 0.710642
11520 0.711863
11776 0.714147
12032 0.715112
12288 0.717018
12544 0.717423
12800 0.718831
13056 0.720124
13312 0.72068
13568 0.723815
13824 0.724779
