0 0.496409
256 0.510408
512 0.523424
768 0.536362
1024 0.548615
1280 0.559335
1536 0.569051
1792 0.577249
2048 0.583701
2304 0.59174
2560 0.598946
2816 0.606046
3072 0.615087
3328 0.622051
3584 0.627216
3840 0.63228
4096 0.637342
4352 0.642302
4608 0.646932
4864 0.651049
5120 0.654718
5376 0.658358
5632 0.661989
5888 0.665992
6144 0.669431
6400 0.672665
6656 0.675979
6912 0.678988
7168 0.68182
7424 0.684419
7680 0.687015
7936 0.689425
8192 0.693149
8448 0.695035
8704 0.697247
8960 0.70022
9216 0.701956
9472 0.703563
9728 0.704805
9984 0.707
10240 0.708928
10496 0.710594
10752 0.711269
11008 0.71337
11264 0.714294
11520 0.715608
11776 0.715691
12032 0.717428
12288 0.717573
