0 0.479833
256 0.491458
512 0.502192
768 0.512926
1024 0.524045
1280 0.533198
1536 0.541846
1792 0.549434
2048 0.556778
2304 0.564103
2560 0.571232
2816 0.578084
3072 0.585557
3328 0.592403
3584 0.600875
3840 0.606283
4096 0.611975
4352 0.616575
4608 0.621815
4864 0.626775
5120 0.631211
5376 0.636488
5632 0.640659
5888 0.64476
6144 0.648489
6400 0.651572
6656 0.653803
6912 0.65711
7168 0.663349
7424 0.665706
7680 0.667567
7936 0.670511
8192 0.672113
8448 0.676891
8704 0.679929
8960 0.682484
9216 0.684007
9472 0.685039
9728 0.686054
9984 0.68706
10240 0.687811
10496 0.68853
10752 0.69208
11008 0.692597
11264 0.694078
11520 0.694331
11776 0.695129
12032 0.695863
12288 0.696498
12544 0.696751
12800 0.696985
13056 0.699825
13312 0.702744
13568 0.702771
13824 0.706671
14080 0.707733
14336 0.708544
14592 0.709403
14848 0.709621
15104 0.710733
15360 0.710867
15616 0.713557
15872 0.714542
16128 0.715708
16384 0.717935
16640 0.719308
16896 0.719733
17152 0.720306
17408 0.721914
17664 0.722555
17920 0.723969
18176 0.725156
18432 0.726868
18688 0.729001
18944 0.729783
