0 0.522918
256 0.535834
512 0.545954
768 0.555727
1024 0.565299
1280 0.573874
1536 0.583819
1792 0.594179
2048 0.602231
2304 0.60875
2560 0.614777
2816 0.619858
3072 0.624396
3328 0.629609
3584 0.634128
3840 0.637834
4096 0.641322
4352 0.64398
4608 0.646558
4864 0.64905
5120 0.651779
5376 0.654816
5632 0.65699
5888 0.659702
6144 0.664467
6400 0.667837
6656 0.673452
6912 0.678545
7168 0.682843
7424 0.68532
7680 0.688763
7936 0.691408
8192 0.694867
8448 0.698209
8704 0.700642
8960 0.702705
9216 0.7045
9472 0.706359
9728 0.707821
9984 0.708753
10240 0.710331
10496 0.712261
10752 0.714158
11008 0.716043
11264 0.718713
11520 0.718981
11776 0.719133
