0 0.540793
256 0.556133
512 0.56781
768 0.577872
1024 0.586092
1280 0.593496
1536 0.600737
1792 0.607562
2048 0.61437
2304 0.620131
2560 0.626188
2816 0.630737
3072 0.635287
3328 0.639489
3584 0.644087
3840 0.650526
4096 0.654926
4352 0.658754
4608 0.661783
4864 0.665134
5120 0.669894
5376 0.67234
5632 0.676065
5888 0.679561
6144 0.6852
6400 0.687478
6656 0.692139
6912 0.693901
7168 0.69533
7424 0.696749
7680 0.699464
7936 0.704716
8192 0.706956
8448 0.709167
8704 0.710759
8960 0.711412
9216 0.712038
9472 0.713174
9728 0.714279
9984 0.714609
10240 0.714801
10496 0.717708
10752 0.71924
11008 0.719505
11264 0.721597
11520 0.722076
11776 0.722517
12032 0.722753
12288 0.724617
12544 0.727078
12800 0.728502
13056 0.728863
