0 0.490027
256 0.503599
512 0.51463
768 0.52433
1024 0.534018
1280 0.543018
1536 0.552216
1792 0.56094
2048 0.569661
2304 0.57791
2560 0.586085
2816 0.594102
3072 0.600548
3328 0.607534
3584 0.6139
3840 0.619057
4096 0.625644
4352 0.630213
4608 0.634396
4864 0.638681
5120 0.644758
5376 0.649597
5632 0.654749
5888 0.661032
6144 0.664173
6400 0.666995
6656 0.669418
6912 0.671693
7168 0.673933
7424 0.6758
7680 0.677329
7936 0.681821
8192 0.683439
8448 0.684541
8704 0.68697
8960 0.689789
9216 0.692221
9472 0.695019
9728 0.697389
9984 0.699582
10240 0.702874
10496 0.704259
10752 0.705388
11008 0.707881
11264 0.710233
11520 0.711823
11776 0.71338
12032 0.715872
12288 0.718678
12544 0.720582
12800 0.721826
13056 0.722477
13312 0.722714
13568 0.726583
13824 0.727809
