0 0.486816
256 0.503956
512 0.517677
768 0.527959
1024 0.538814
1280 0.548974
1536 0.55773
1792 0.56487
2048 0.57107
2304 0.577222
2560 0.583359
2816 0.589091
3072 0.595787
3328 0.6006
3584 0.605321
3840 0.609841
4096 0.615406
4352 0.620059
4608 0.623852
4864 0.629161
5120 0.636858
5376 0.641071
5632 0.645171
5888 0.648866
6144 0.653653
6400 0.657535
6656 0.660709
6912 0.663564
7168 0.665667
7424 0.667683
7680 0.672062
7936 0.675195
8192 0.677273
8448 0.67867
8704 0.680532
8960 0.681609
9216 0.683149
9472 0.684089
9728 0.688339
9984 0.689204
10240 0.689803
10496 0.69051
10752 0.692224
11008 0.692932
11264 0.694674
