0 0.511873
256 0.523247
512 0.535016
768 0.545237
1024 0.552608
1280 0.559925
1536 0.567104
1792 0.574228
2048 0.58244
2304 0.588575
2560 0.594358
2816 0.599812
3072 0.605434
3328 0.610459
3584 0.615693
3840 0.622118
4096 0.625402
4352 0.628171
4608 0.630776
4864 0.63331
5120 0.635728
5376 0.638776
5632 0.641095
5888 0.643611
6144 0.64607
6400 0.648249
6656 0.652392
6912 0.655468
7168 0.65919
7424 0.662133
7680 0.664213
7936 0.666258
8192 0.66949
8448 0.672318
8704 0.674101
8960 0.677326
9216 0.678583
9472 0.679692
9728 0.681063
9984 0.682654
10240 0.688157
10496 0.689905
10752 0.693162
11008 0.695279
11264 0.696675
11520 0.698844
11776 0.700537
12032 0.702536
12288 0.703707
12544 0.707605
12800 0.710668
13056 0.712051
13312 0.713095
13568 0.715718
13824 0.715848
14080 0.715962
14336 0.718562
14592 0.719664
14848 0.721899
15104 0.722329
15360 0.722438
15616 0.722562
15872 0.722735
16128 0.723161
16384 0.72492
16640 0.72565
16896 0.726081
17152 0.72649
