0 0.476103
256 0.486741
512 0.497001
768 0.507773
1024 0.517781
1280 0.526706
1536 0.53522
1792 0.544872
2048 0.557033
2304 0.564645
2560 0.572055
2816 0.579195
3072 0.586519
3328 0.592808
3584 0.598767
3840 0.604272
4096 0.609468
4352 0.615535
4608 0.621841
4864 0.62704
5120 0.631282
5376 0.63531
5632 0.639748
5888 0.643274
6144 0.64889
6400 0.652074
6656 0.655084
6912 0.658257
7168 0.66098
7424 0.663505
7680 0.665985
7936 0.668317
8192 0.672031
8448 0.674311
8704 0.676471
8960 0.67862
9216 0.679998
9472 0.681387
9728 0.682988
9984 0.684363
10240 0.687595
10496 0.688958
10752 0.689726
11008 0.691052
11264 0.692117
11520 0.692892
11776 0.694917
12032 0.700222
12288 0.702083
12544 0.702739
12800 0.706185
13056 0.707509
13312 0.708681
13568 0.710013
13824 0.710488
14080 0.711555
14336 0.714923
14592 0.715691
14848 0.716901
15104 0.718311
15360 0.71878
15616 0.720812
15872 0.721276
16128 0.721358
16384 0.722207
16640 0.722398
16896 0.722638
