0 0.505819
256 0.519143
512 0.529251
768 0.538686
1024 0.549543
1280 0.559411
1536 0.571075
1792 0.579979
2048 0.588336
2304 0.595788
2560 0.602265
2816 0.608726
3072 0.61491
3328 0.621813
3584 0.628629
3840 0.633021
4096 0.637263
4352 0.640734
4608 0.645384
4864 0.648516
5120 0.65296
5376 0.655888
5632 0.658524
5888 0.662624
6144 0.665579
6400 0.667829
6656 0.669819
6912 0.67681
7168 0.678925
7424 0.684025
7680 0.686087
7936 0.688068
8192 0.690032
8448 0.692106
8704 0.694948
8960 0.696857
9216 0.699628
9472 0.700561
9728 0.701407
9984 0.703136
10240 0.706367
10496 0.707391
10752 0.708535
11008 0.708798
11264 0.708959
