0 0.496847
256 0.510157
512 0.522399
768 0.534086
1024 0.547187
1280 0.558743
1536 0.567198
1792 0.578431
2048 0.586951
2304 0.594582
2560 0.600412
2816 0.604995
3072 0.609452
3328 0.61365
3584 0.61752
3840 0.621385
4096 0.626575
4352 0.631177
4608 0.63643
4864 0.640925
5120 0.64497
5376 0.648987
5632 0.652691
5888 0.656573
6144 0.660263
6400 0.663691
6656 0.668418
6912 0.671097
7168 0.673605
7424 0.677777
7680 0.680616
7936 0.684239
8192 0.686295
8448 0.687761
8704 0.690097
8960 0.696639
9216 0.698065
9472 0.700772
9728 0.702106
9984 0.704878
10240 0.706536
10496 0.70843
10752 0.710029
11008 0.710931
11264 0.711571
11520 0.713498
11776 0.71416
12032 0.714673
