0 0.515495
256 0.529655
512 0.539082
768 0.548458
1024 0.557632
1280 0.564986
1536 0.578135
1792 0.584864
2048 0.595315
2304 0.605493
2560 0.613056
2816 0.618961
3072 0.624498
3328 0.628762
3584 0.634668
3840 0.639184
4096 0.643619
4352 0.648018
4608 0.654057
4864 0.659944
5120 0.665033
5376 0.669961
5632 0.674393
5888 0.677978
6144 0.682218
6400 0.685605
6656 0.688819
6912 0.691236
7168 0.694342
7424 0.696797
7680 0.699877
7936 0.70201
8192 0.703054
8448 0.70386
8704 0.704051
8960 0.705316
9216 0.707057
9472 0.708017
