0 0.524204
256 0.536898
512 0.547681
768 0.560389
1024 0.570014
1280 0.579
1536 0.589537
1792 0.597613
2048 0.60551
2304 0.615518
2560 0.623972
2816 0.633364
3072 0.640114
3328 0.64546
3584 0.650668
3840 0.655654
4096 0.659191
4352 0.662686
4608 0.666039
4864 0.669214
5120 0.671538
5376 0.673856
5632 0.675587
5888 0.677029
6144 0.678026
6400 0.680716
6656 0.682013
6912 0.684399
7168 0.686749
7424 0.687984
7680 0.690041
7936 0.693834
8192 0.694693
8448 0.695638
8704 0.695817
8960 0.69638
9216 0.697705
9472 0.698803
9728 0.69948
9984 0.700612
10240 0.701625
10496 0.702209
10752 0.702745
11008 0.703185
11264 0.705041
11520 0.707351
11776 0.707721
12032 0.708089
12288 0.708201
12544 0.709096
12800 0.710667
13056 0.712833
13312 0.713425
13568 0.716674
13824 0.71668
14080 0.717742
14336 0.720449
14592 0.720983
14848 0.722426
15104 0.726345
15360 0.726701
15616 0.729998
15872 0.730075
16128 0.7328
