0 0.488654
256 0.500987
512 0.512278
768 0.522005
1024 0.530837
1280 0.539161
1536 0.548685
1792 0.557143
2048 0.56981
2304 0.576533
2560 0.585455
2816 0.591193
3072 0.596925
3328 0.602364
3584 0.607444
3840 0.612518
4096 0.621744
4352 0.627028
4608 0.633358
4864 0.638128
5120 0.642739
5376 0.646926
5632 0.651053
5888 0.655187
6144 0.659118
6400 0.664001
6656 0.667672
6912 0.669867
7168 0.67182
7424 0.675316
7680 0.677573
7936 0.67926
8192 0.68531
8448 0.685919
8704 0.686214
8960 0.687005
9216 0.69127
9472 0.69268
9728 0.693916
9984 0.694645
10240 0.695205
10496 0.696171
10752 0.698725
11008 0.700633
11264 0.701144
11520 0.702054
