0 0.472592
256 0.485045
512 0.497416
768 0.507728
1024 0.519715
1280 0.529752
1536 0.537983
1792 0.545837
2048 0.553528
2304 0.560956
2560 0.568238
2816 0.575072
3072 0.582304
3328 0.591207
3584 0.598302
3840 0.60443
4096 0.610484
4352 0.616152
4608 0.621408
4864 0.62638
5120 0.630629
5376 0.63717
5632 0.640502
5888 0.64368
6144 0.646826
6400 0.651045
6656 0.654372
6912 0.657496
7168 0.660573
7424 0.663138
7680 0.666793
7936 0.670138
8192 0.672257
8448 0.676593
8704 0.678947
8960 0.679998
9216 0.681991
9472 0.68541
9728 0.686729
9984 0.687307
10240 0.689925
10496 0.690906
10752 0.692439
11008 0.694762
11264 0.696066
11520 0.697883
11776 0.697926
