0 0.484624
256 0.499795
512 0.512032
768 0.523562
1024 0.534966
1280 0.54569
1536 0.555105
1792 0.564552
2048 0.572099
2304 0.579329
2560 0.586136
2816 0.592982
3072 0.598838
3328 0.604095
3584 0.611661
3840 0.616804
4096 0.6214
4352 0.625438
4608 0.628997
4864 0.632237
5120 0.636535
5376 0.641061
5632 0.645201
5888 0.64766
6144 0.652903
6400 0.655116
6656 0.657806
6912 0.660661
7168 0.663044
7424 0.665249
7680 0.667041
7936 0.668645
8192 0.670576
8448 0.671964
8704 0.67592
8960 0.679144
9216 0.6813
9472 0.683317
9728 0.68507
9984 0.685966
10240 0.687071
10496 0.690498
10752 0.691847
11008 0.692893
11264 0.695495
11520 0.698286
11776 0.700767
12032 0.70344
12288 0.705597
12544 0.707517
12800 0.70882
13056 0.709643
13312 0.712087
13568 0.712432
13824 0.712622
14080 0.712652
14336 0.716997
14592 0.717619
14848 0.718558
15104 0.719718
