0 0.508624
256 0.519608
512 0.527807
768 0.535733
1024 0.543339
1280 0.554555
1536 0.561618
1792 0.568654
2048 0.574436
2304 0.580258
2560 0.585521
2816 0.591333
3072 0.597714
3328 0.602761
3584 0.608183
3840 0.613454
4096 0.618289
4352 0.622852
4608 0.628016
4864 0.63186
5120 0.635493
5376 0.640014
5632 0.643562
5888 0.649636
6144 0.654277
6400 0.662598
6656 0.668046
6912 0.672334
7168 0.675174
7424 0.677455
7680 0.679544
7936 0.681183
8192 0.682011
8448 0.682262
8704 0.682718
8960 0.682722
9216 0.683144
9472 0.68362
9728 0.683923
9984 0.684061
10240 0.684963
10496 0.689806
10752 0.690565
