0 0.502045
256 0.515978
512 0.528957
768 0.537779
1024 0.547497
1280 0.55686
1536 0.567426
1792 0.575282
2048 0.583987
2304 0.591563
2560 0.599106
2816 0.606079
3072 0.612943
3328 0.618485
3584 0.623718
3840 0.628373
4096 0.632733
4352 0.636846
4608 0.640484
4864 0.644098
5120 0.647582
5376 0.651003
5632 0.654424
5888 0.657921
6144 0.660668
6400 0.66424
6656 0.66781
6912 0.670745
7168 0.673327
7424 0.677071
7680 0.680991
7936 0.682209
8192 0.683224
8448 0.684372
8704 0.685523
8960 0.688774
9216 0.689786
9472 0.693483
9728 0.697917
9984 0.69952
10240 0.701643
10496 0.702535
10752 0.70474
11008 0.704785
11264 0.704828
11520 0.705703
11776 0.708503
12032 0.709518
12288 0.709929
12544 0.715211
12800 0.717773
13056 0.71894
13312 0.719357
13568 0.721514
13824 0.722505
14080 0.723133
14336 0.725254
14592 0.727352
14848 0.727878
15104 0.728141
15360 0.729801
15616 0.735049
15872 0.737884
16128 0.740924
16384 0.741409
16640 0.7415
16896 0.744866
17152 0.746312
17408 0.746994
