0 0.515135
256 0.525702
512 0.535374
768 0.544771
1024 0.553352
1280 0.563526
1536 0.571097
1792 0.577849
2048 0.584743
2304 0.59143
2560 0.597401
2816 0.603225
3072 0.609197
3328 0.615206
3584 0.62198
3840 0.626378
4096 0.630654
4352 0.636384
4608 0.641666
4864 0.646452
5120 0.651057
5376 0.655528
5632 0.660805
5888 0.664937
6144 0.668838
6400 0.672523
6656 0.674978
6912 0.67715
7168 0.680206
7424 0.682374
7680 0.684351
7936 0.685995
8192 0.687347
8448 0.688681
8704 0.693698
8960 0.694668
9216 0.697617
9472 0.698656
9728 0.699624
9984 0.701486
10240 0.703535
10496 0.705363
10752 0.70595
11008 0.708021
11264 0.71018
11520 0.711139
11776 0.712505
12032 0.71265
12288 0.713225
12544 0.714721
12800 0.716709
13056 0.718996
13312 0.720289
13568 0.723233
13824 0.72369
14080 0.726362
14336 0.726814
14592 0.728906
14848 0.73083
15104 0.732017
