0 0.505873
256 0.519179
512 0.531772
768 0.54246
1024 0.554919
1280 0.563955
1536 0.572826
1792 0.579481
2048 0.588307
2304 0.596326
2560 0.602055
2816 0.607723
3072 0.613276
3328 0.618424
3584 0.623234
3840 0.629707
4096 0.634297
4352 0.638285
4608 0.643908
4864 0.649512
5120 0.654508
5376 0.658014
5632 0.660749
5888 0.663906
6144 0.667812
6400 0.670198
6656 0.672408
6912 0.676572
7168 0.679077
7424 0.681109
7680 0.683014
7936 0.68607
8192 0.688181
8448 0.690025
8704 0.69135
8960 0.692611
9216 0.693481
9472 0.695379
9728 0.695983
9984 0.696445
10240 0.698418
10496 0.700168
10752 0.701507
11008 0.702894
11264 0.703517
11520 0.703938
11776 0.705548
12032 0.706598
