0 0.483154
256 0.499547
512 0.512904
768 0.523928
1024 0.534065
1280 0.543878
1536 0.553321
1792 0.562125
2048 0.571748
2304 0.57898
2560 0.585634
2816 0.591973
3072 0.598207
3328 0.604276
3584 0.609917
3840 0.615387
4096 0.620566
4352 0.62535
4608 0.630082
4864 0.635356
5120 0.639308
5376 0.643205
5632 0.648235
5888 0.651993
6144 0.655745
6400 0.66067
6656 0.664177
6912 0.667537
7168 0.672304
7424 0.674988
7680 0.677527
7936 0.680273
8192 0.682724
8448 0.684003
8704 0.685583
8960 0.686613
9216 0.687547
9472 0.688347
9728 0.6893
9984 0.689727
10240 0.691865
10496 0.692712
10752 0.693134
11008 0.69355
11264 0.695635
11520 0.696668
11776 0.697509
12032 0.6991
12288 0.699553
12544 0.699919
12800 0.700136
