0 0.527793
256 0.539893
512 0.551811
768 0.563619
1024 0.575239
1280 0.584449
1536 0.593207
1792 0.601443
2048 0.608607
2304 0.614025
2560 0.61882
2816 0.623466
3072 0.628475
3328 0.633303
3584 0.638874
3840 0.643448
4096 0.647752
4352 0.651379
4608 0.65498
4864 0.659054
5120 0.66223
5376 0.66455
5632 0.66756
5888 0.671078
6144 0.673009
6400 0.675064
6656 0.679633
6912 0.680669
7168 0.683806
7424 0.684808
7680 0.685734
7936 0.687108
8192 0.690125
8448 0.692928
8704 0.695114
8960 0.697014
9216 0.697758
9472 0.69796
9728 0.700576
9984 0.700953
10240 0.705346
10496 0.70761
10752 0.710067
11008 0.710522
11264 0.710906
11520 0.712752
11776 0.714292
12032 0.715229
12288 0.717415
12544 0.719041
12800 0.720388
13056 0.721194
13312 0.722984
13568 0.723802
13824 0.724111
14080 0.72434
