0 0.503114
256 0.514669
512 0.525434
768 0.534847
1024 0.545338
1280 0.554752
1536 0.564095
1792 0.57455
2048 0.582579
2304 0.590489
2560 0.597504
2816 0.604397
3072 0.610845
3328 0.616021
3584 0.622586
3840 0.627985
4096 0.631578
4352 0.636534
4608 0.640849
4864 0.644331
5120 0.649534
5376 0.654499
5632 0.659766
5888 0.663455
6144 0.66778
6400 0.670283
6656 0.672729
6912 0.67625
7168 0.67927
7424 0.682856
7680 0.686744
7936 0.689123
8192 0.69138
8448 0.693197
8704 0.694998
8960 0.696167
9216 0.69699
9472 0.697683
9728 0.698257
9984 0.700082
10240 0.70234
10496 0.70808
10752 0.708487
