0 0.486567
256 0.501067
512 0.512478
768 0.52124
1024 0.531059
1280 0.54206
1536 0.549488
1792 0.55603
2048 0.562317
2304 0.569713
2560 0.576117
2816 0.581735
3072 0.587609
3328 0.592879
3584 0.600625
3840 0.606082
4096 0.611239
4352 0.616427
4608 0.621366
4864 0.626348
5120 0.630107
5376 0.63348
5632 0.638721
5888 0.642891
6144 0.64559
6400 0.648109
6656 0.649751
6912 0.651297
7168 0.655249
7424 0.659156
7680 0.661304
7936 0.66455
8192 0.668586
8448 0.673198
8704 0.675667
8960 0.679079
9216 0.682197
9472 0.683682
9728 0.687797
9984 0.689267
10240 0.69067
10496 0.693203
10752 0.695828
11008 0.696956
11264 0.697631
11520 0.698106
11776 0.699539
12032 0.700748
12288 0.703982
