0 0.47195
256 0.486941
512 0.501585
768 0.512993
1024 0.524306
1280 0.534695
1536 0.543849
1792 0.552492
2048 0.560609
2304 0.567604
2560 0.574414
2816 0.58084
3072 0.587396
3328 0.595539
3584 0.602652
3840 0.608598
4096 0.614071
4352 0.618846
4608 0.623116
4864 0.62684
5120 0.630477
5376 0.633617
5632 0.636657
5888 0.63939
6144 0.644744
6400 0.649568
6656 0.654436
6912 0.657871
7168 0.661136
7424 0.665583
7680 0.669491
7936 0.673083
8192 0.676849
8448 0.680004
8704 0.682925
8960 0.685714
9216 0.690464
9472 0.694876
9728 0.700642
9984 0.70331
10240 0.705129
10496 0.706582
10752 0.707672
11008 0.708268
