0 0.527019
256 0.54021
512 0.550459
768 0.559953
1024 0.569266
1280 0.578378
1536 0.586909
1792 0.59533
2048 0.602458
2304 0.608942
2560 0.61524
2816 0.621018
3072 0.62605
3328 0.630759
3584 0.635389
3840 0.639366
4096 0.644034
4352 0.647749
4608 0.651339
4864 0.655813
5120 0.660408
5376 0.663953
5632 0.668122
5888 0.67185
6144 0.67513
6400 0.678649
6656 0.680827
6912 0.682832
7168 0.684789
7424 0.68581
7680 0.688489
7936 0.689506
8192 0.690418
8448 0.691006
8704 0.691564
8960 0.694407
9216 0.696146
9472 0.696497
9728 0.699324
9984 0.699412
10240 0.701293
10496 0.702707
10752 0.706433
11008 0.707465
11264 0.708093
11520 0.710551
11776 0.712165
12032 0.712974
12288 0.713564
12544 0.714149
12800 0.715353
