0 0.53004
256 0.538804
512 0.546959
768 0.555328
1024 0.56307
1280 0.569815
1536 0.576007
1792 0.581585
2048 0.587638
2304 0.593253
2560 0.603399
2816 0.608416
3072 0.614472
3328 0.619274
3584 0.6239
3840 0.628516
4096 0.632772
4352 0.635798
4608 0.638844
4864 0.642932
5120 0.645698
5376 0.649381
5632 0.6541
5888 0.659077
6144 0.66182
6400 0.664042
6656 0.665951
6912 0.66901
7168 0.671177
7424 0.673161
7680 0.674969
7936 0.676686
8192 0.679023
8448 0.682824
8704 0.684421
8960 0.686197
9216 0.69018
9472 0.691948
9728 0.693444
9984 0.694539
10240 0.696962
10496 0.699277
10752 0.700658
11008 0.700893
11264 0.701119
11520 0.701138
11776 0.702327
12032 0.70363
12288 0.705233
12544 0.707309
12800 0.708552
13056 0.710206
13312 0.711265
13568 0.712191
13824 0.714062
14080 0.715569
14336 0.716352
14592 0.71765
14848 0.718298
