0 0.507747
256 0.520087
512 0.529848
768 0.539535
1024 0.548267
1280 0.556423
1536 0.563342
1792 0.570282
2048 0.576913
2304 0.583058
2560 0.590297
2816 0.596086
3072 0.601731
3328 0.607057
3584 0.612576
3840 0.617272
4096 0.621667
4352 0.624816
4608 0.628138
4864 0.631117
5120 0.634563
5376 0.63722
5632 0.640993
5888 0.643567
6144 0.647026
6400 0.653776
6656 0.657558
6912 0.660607
7168 0.663163
7424 0.665292
7680 0.666804
7936 0.670551
8192 0.674361
8448 0.677295
8704 0.679241
8960 0.681821
9216 0.684005
9472 0.68584
9728 0.687446
9984 0.688619
10240 0.690705
10496 0.692089
10752 0.693288
