0 0.506786
256 0.516183
512 0.525578
768 0.533788
1024 0.541619
1280 0.552385
1536 0.561342
1792 0.568893
2048 0.57639
2304 0.583852
2560 0.591162
2816 0.597869
3072 0.603769
3328 0.608714
3584 0.613466
3840 0.617917
4096 0.622571
4352 0.626349
4608 0.629515
4864 0.63243
5120 0.635831
5376 0.638471
5632 0.642853
5888 0.64514
6144 0.64858
6400 0.651674
6656 0.655114
6912 0.658116
7168 0.660918
7424 0.663407
7680 0.665342
7936 0.667363
8192 0.669264
8448 0.672626
8704 0.674422
8960 0.676175
9216 0.676962
9472 0.677416
9728 0.679982
9984 0.681698
10240 0.685805
