0 0.494857
256 0.511446
512 0.523912
768 0.53424
1024 0.545674
1280 0.555421
1536 0.565089
1792 0.574355
2048 0.582988
2304 0.591608
2560 0.598845
2816 0.608256
3072 0.615388
3328 0.621698
3584 0.627474
3840 0.633037
4096 0.637877
4352 0.642072
4608 0.646039
4864 0.650881
5120 0.656928
5376 0.660547
5632 0.664003
5888 0.667237
6144 0.66943
6400 0.671083
6656 0.672711
6912 0.67502
7168 0.676708
7424 0.679132
7680 0.68091
7936 0.682701
8192 0.687239
8448 0.691515
8704 0.694466
8960 0.696519
9216 0.700325
9472 0.701407
9728 0.704111
9984 0.706438
10240 0.707451
10496 0.70844
10752 0.710874
11008 0.712696
11264 0.71379
11520 0.714817
11776 0.71641
12032 0.71732
12288 0.718729
12544 0.720963
12800 0.722963
13056 0.724818
13312 0.725916
13568 0.726414
