0 0.523001
256 0.536807
512 0.550649
768 0.560718
1024 0.570655
1280 0.580186
1536 0.589641
1792 0.596077
2048 0.601935
2304 0.607751
2560 0.613406
2816 0.619967
3072 0.626488
3328 0.63228
3584 0.636865
3840 0.642683
4096 0.648223
4352 0.652107
4608 0.655899
4864 0.662184
5120 0.668464
5376 0.673558
5632 0.677066
5888 0.680038
6144 0.682833
6400 0.685231
6656 0.687239
6912 0.689027
7168 0.691256
7424 0.692876
7680 0.694457
7936 0.695616
8192 0.696731
8448 0.699322
8704 0.700274
8960 0.706
9216 0.709113
9472 0.712233
9728 0.713466
9984 0.71385
10240 0.717023
10496 0.720639
10752 0.723837
11008 0.725404
11264 0.728069
11520 0.729918
11776 0.730353
