0 0.504487
256 0.515956
512 0.526176
768 0.536292
1024 0.546011
1280 0.555115
1536 0.562848
1792 0.571056
2048 0.577232
2304 0.585568
2560 0.590827
2816 0.595615
3072 0.600343
3328 0.605324
3584 0.610041
3840 0.614607
4096 0.620877
4352 0.625061
4608 0.628536
4864 0.634019
5120 0.637191
5376 0.639828
5632 0.642115
5888 0.648001
6144 0.650321
6400 0.651999
6656 0.654806
6912 0.657495
7168 0.659901
7424 0.664964
7680 0.668135
7936 0.669751
8192 0.672288
8448 0.67559
8704 0.678259
8960 0.679601
9216 0.680813
9472 0.682278
9728 0.683401
9984 0.684212
10240 0.686344
10496 0.686957
10752 0.689052
11008 0.689266
