0 0.501058
256 0.51575
512 0.529199
768 0.540497
1024 0.550521
1280 0.560347
1536 0.570221
1792 0.580035
2048 0.595508
2304 0.603379
2560 0.610318
2816 0.615397
3072 0.621152
3328 0.626967
3584 0.632485
3840 0.636997
4096 0.643475
4352 0.647955
4608 0.651841
4864 0.656148
5120 0.662763
5376 0.665972
5632 0.669507
5888 0.67267
6144 0.675285
6400 0.677568
6656 0.679849
6912 0.682474
7168 0.684353
7424 0.68586
7680 0.687684
7936 0.689744
8192 0.690768
8448 0.691722
8704 0.694427
8960 0.697038
9216 0.699754
9472 0.700751
9728 0.701163
9984 0.701617
10240 0.702946
10496 0.705008
10752 0.707455
11008 0.709208
11264 0.710819
11520 0.71178
11776 0.712693
12032 0.713048
12288 0.714891
12544 0.715356
12800 0.715804
13056 0.716096
13312 0.718127
13568 0.71922
13824 0.719463
14080 0.71955
