0 0.498595
256 0.511326
512 0.522576
768 0.535838
1024 0.547308
1280 0.557448
1536 0.567453
1792 0.575786
2048 0.584078
2304 0.59236
2560 0.598222
2816 0.604164
3072 0.609822
3328 0.616538
3584 0.620418
3840 0.625176
4096 0.630066
4352 0.633477
4608 0.63678
4864 0.63984
5120 0.642887
5376 0.646761
5632 0.64891
5888 0.650764
6144 0.652993
6400 0.654739
6656 0.656307
6912 0.659398
7168 0.662621
7424 0.66406
7680 0.666214
7936 0.668741
8192 0.669816
8448 0.67105
8704 0.6719
8960 0.676076
9216 0.676728
9472 0.678947
9728 0.679232
9984 0.679538
