0 0.515428
256 0.527303
512 0.53731
768 0.546775
1024 0.556217
1280 0.565293
1536 0.574079
1792 0.583383
2048 0.591771
2304 0.599838
2560 0.60649
2816 0.612654
3072 0.617707
3328 0.623338
3584 0.628352
3840 0.633236
4096 0.637859
4352 0.643749
4608 0.647893
4864 0.651813
5120 0.656011
5376 0.659236
5632 0.662323
5888 0.665289
6144 0.668063
6400 0.670395
6656 0.67257
6912 0.67517
7168 0.67988
7424 0.681974
7680 0.685805
7936 0.691686
8192 0.694731
8448 0.697771
8704 0.69976
8960 0.701492
9216 0.702591
9472 0.703904
9728 0.70531
9984 0.706319
10240 0.709045
10496 0.710921
10752 0.711295
11008 0.711656
11264 0.711747
