0 0.49868
256 0.512464
512 0.525778
768 0.5375
1024 0.5476
1280 0.557124
1536 0.565985
1792 0.572964
2048 0.580728
2304 0.587334
2560 0.593915
2816 0.601267
3072 0.611116
3328 0.617247
3584 0.622322
3840 0.62699
4096 0.631662
4352 0.63622
4608 0.641355
4864 0.646206
5120 0.650487
5376 0.654504
5632 0.658161
5888 0.663441
6144 0.66758
6400 0.674022
6656 0.677673
6912 0.680765
7168 0.684271
7424 0.687183
7680 0.693697
7936 0.696486
8192 0.699039
8448 0.701251
8704 0.702766
8960 0.705195
9216 0.707406
9472 0.708131
9728 0.708487
9984 0.708579
10240 0.709694
10496 0.712017
10752 0.712558
11008 0.714102
11264 0.715352
11520 0.717715
11776 0.718673
12032 0.718863
12288 0.719222
12544 0.720188
12800 0.720788
13056 0.72297
13312 0.724775
