0 0.503946
256 0.521621
512 0.535791
768 0.546654
1024 0.555297
1280 0.563704
1536 0.57176
1792 0.581268
2048 0.588903
2304 0.596369
2560 0.60342
2816 0.609756
3072 0.615982
3328 0.621596
3584 0.626855
3840 0.631488
4096 0.637532
4352 0.64176
4608 0.645412
4864 0.649104
5120 0.652519
5376 0.655851
5632 0.659087
5888 0.662473
6144 0.665519
6400 0.669386
6656 0.672341
6912 0.67759
7168 0.682443
7424 0.685141
7680 0.690691
7936 0.694516
8192 0.69853
8448 0.701346
8704 0.704072
8960 0.705385
9216 0.706628
9472 0.707909
9728 0.711633
9984 0.712807
10240 0.713909
10496 0.714024
