0 0.511904
256 0.52567
512 0.538129
768 0.549145
1024 0.558731
1280 0.567752
1536 0.57733
1792 0.584306
2048 0.592358
2304 0.600222
2560 0.605505
2816 0.611728
3072 0.618151
3328 0.624169
3584 0.628948
3840 0.636684
4096 0.641247
4352 0.645561
4608 0.649728
4864 0.653794
5120 0.657429
5376 0.66257
5632 0.665221
5888 0.667561
6144 0.669846
6400 0.672797
6656 0.674925
6912 0.676527
7168 0.678738
7424 0.680815
7680 0.684009
7936 0.687411
8192 0.689574
8448 0.694081
8704 0.695286
8960 0.696349
9216 0.697382
9472 0.700234
9728 0.701811
9984 0.702591
10240 0.703648
10496 0.704236
