0 0.498719
256 0.510161
512 0.521376
768 0.532425
1024 0.543277
1280 0.554301
1536 0.563543
1792 0.57205
2048 0.580037
2304 0.587626
2560 0.595835
2816 0.602408
3072 0.608234
3328 0.613824
3584 0.62036
3840 0.625853
4096 0.630988
4352 0.635691
4608 0.640875
4864 0.645687
5120 0.650209
5376 0.65461
5632 0.658032
5888 0.660564
6144 0.662857
6400 0.668227
6656 0.669876
6912 0.671919
7168 0.674617
7424 0.676249
7680 0.677711
7936 0.678839
8192 0.679565
8448 0.68006
8704 0.681092
8960 0.681684
9216 0.682228
9472 0.684135
9728 0.685541
9984 0.686962
10240 0.688101
10496 0.690696
10752 0.691148
11008 0.692441
11264 0.692868
11520 0.693193
11776 0.696353
12032 0.697304
12288 0.697566
12544 0.698004
12800 0.700186
13056 0.701522
13312 0.702048
