0 0.491877
256 0.504343
512 0.515004
768 0.525411
1024 0.535261
1280 0.544817
1536 0.554675
1792 0.564175
2048 0.572377
2304 0.58056
2560 0.58732
2816 0.59328
3072 0.599164
3328 0.604921
3584 0.612978
3840 0.620885
4096 0.625062
4352 0.629542
4608 0.63471
4864 0.639069
5120 0.642905
5376 0.646393
5632 0.649072
5888 0.653971
6144 0.660697
6400 0.663073
6656 0.665084
6912 0.667046
7168 0.669004
7424 0.672641
7680 0.674801
7936 0.676711
8192 0.678947
8448 0.681793
8704 0.686002
8960 0.688175
9216 0.690079
9472 0.692787
9728 0.695185
9984 0.698566
10240 0.700211
10496 0.701803
10752 0.704645
11008 0.707555
11264 0.709006
11520 0.710574
11776 0.71163
12032 0.712612
12288 0.71345
12544 0.713838
12800 0.713952
13056 0.715426
