0 0.4999623
256 0.51363353
512 0.52531539
768 0.53594104
1024 0.54605339
1280 0.5553973
1536 0.56435843
1792 0.57263351
2048 0.5805902
2304 0.58789751
2560 0.59480491
2816 0.60136736
3072 0.60767989
3328 0.61355861
3584 0.61933765
3840 0.62458414
4096 0.62969119
4352 0.63436295
4608 0.63889325
4864 0.6432184
5120 0.64743037
5376 0.65138309
5632 0.65516757
5888 0.65878953
6144 0.66223212
6400 0.66553248
6656 0.66865585
6912 0.67162209
7168 0.67446845
7424 0.67718668
7680 0.67978444
7936 0.68222943
8192 0.68463496
8448 0.68683286
8704 0.6887222
8960 0.6907209
9216 0.69243508
9472 0.69412501
9728 0.69565856
9984 0.69699598
10240 0.69864998
10496 0.70037759
10752 0.70169137
11008 0.70286438
11264 0.70386253
11520 0.70472995
11776 0.70553966
12032 0.70618693
12288 0.70691322
12544 0.70757078
12800 0.70816053
13056 0.7087022
13312 0.70920715
13568 0.70971417
13824 0.7099919
14080 0.71034405
14336 0.71064324
14592 0.71085816
14848 0.71104637
15104 0.71123501
15360 0.71137983
15616 0.71163696
15872 0.71172918
16128 0.71182494
16384 0.71189573
16640 0.7119399
16896 0.71201532
17152 0.71204918
17408 0.7120774
17664 0.71209273
17920 0.71214005
18176 0.71216236
18432 0.71218709
18688 0.71220842
18944 0.71221624
