0 0.483406
256 0.503518
512 0.517243
768 0.530099
1024 0.540984
1280 0.551415
1536 0.559786
1792 0.56734
2048 0.574349
2304 0.580879
2560 0.587345
2816 0.595054
3072 0.601365
3328 0.606949
3584 0.612345
3840 0.616156
4096 0.620267
4352 0.623969
4608 0.628154
4864 0.631731
5120 0.635055
5376 0.637642
5632 0.639962
5888 0.645063
6144 0.64831
6400 0.650834
6656 0.652536
6912 0.654016
7168 0.655374
7424 0.657914
7680 0.662301
7936 0.665064
8192 0.667406
8448 0.669023
8704 0.67021
8960 0.671435
9216 0.6725
9472 0.672871
9728 0.67475
9984 0.676465
10240 0.678851
10496 0.682795
10752 0.684371
11008 0.68547
11264 0.686313
11520 0.68821
11776 0.688484
12032 0.689163
12288 0.691908
12544 0.692368
12800 0.694042
13056 0.694699
