0 0.541564
256 0.553061
512 0.564483
768 0.575517
1024 0.585678
1280 0.594832
1536 0.602051
1792 0.608499
2048 0.614696
2304 0.621329
2560 0.626537
2816 0.631616
3072 0.636261
3328 0.640191
3584 0.644031
3840 0.647611
4096 0.650691
4352 0.653448
4608 0.655759
4864 0.658833
5120 0.662647
5376 0.666369
5632 0.669531
5888 0.671563
6144 0.673465
6400 0.675497
6656 0.677342
6912 0.679209
7168 0.68604
7424 0.687635
7680 0.688891
7936 0.691129
8192 0.693347
8448 0.694542
8704 0.695403
8960 0.696192
9216 0.698194
9472 0.698365
