0 0.512662
256 0.523948
512 0.536226
768 0.546395
1024 0.55607
1280 0.565206
1536 0.572846
1792 0.579857
2048 0.587943
2304 0.594887
2560 0.600846
2816 0.606018
3072 0.611134
3328 0.61599
3584 0.621904
3840 0.626738
4096 0.631497
4352 0.635734
4608 0.639629
4864 0.643189
5120 0.646655
5376 0.650627
5632 0.655761
5888 0.659597
6144 0.66318
6400 0.666419
6656 0.669175
6912 0.670929
7168 0.673494
7424 0.676302
7680 0.681091
7936 0.682675
8192 0.684102
8448 0.685052
8704 0.688172
8960 0.688549
9216 0.689156
