0 0.495471
256 0.513416
512 0.526339
768 0.538689
1024 0.550693
1280 0.559998
1536 0.569189
1792 0.577602
2048 0.586012
2304 0.594903
2560 0.601726
2816 0.610713
3072 0.617135
3328 0.623394
3584 0.628099
3840 0.632759
4096 0.637322
4352 0.641549
4608 0.645402
4864 0.648741
5120 0.651945
5376 0.656713
5632 0.660846
5888 0.663795
6144 0.666507
6400 0.670096
6656 0.673992
6912 0.67735
7168 0.68009
7424 0.683012
7680 0.68567
7936 0.688008
8192 0.693553
8448 0.69586
8704 0.697525
8960 0.698978
9216 0.700656
9472 0.707024
9728 0.709697
9984 0.711064
10240 0.712028
10496 0.713777
10752 0.716679
11008 0.719262
11264 0.720335
11520 0.720848
11776 0.722282
12032 0.723817
12288 0.724184
12544 0.726303
12800 0.727108
13056 0.727642
13312 0.730095
13568 0.731298
13824 0.733521
