0 0.493098
256 0.511217
512 0.525518
768 0.539658
1024 0.550406
1280 0.560494
1536 0.568932
1792 0.577173
2048 0.585071
2304 0.592223
2560 0.601246
2816 0.607944
3072 0.61473
3328 0.6212
3584 0.626699
3840 0.631628
4096 0.636782
4352 0.642979
4608 0.647763
4864 0.652343
5120 0.657538
5376 0.661612
5632 0.663662
5888 0.668029
6144 0.67326
6400 0.676322
6656 0.678613
6912 0.680564
7168 0.682414
7424 0.684108
7680 0.686631
7936 0.689674
8192 0.690947
8448 0.692085
8704 0.692964
8960 0.694094
9216 0.694962
9472 0.695628
9728 0.696093
9984 0.697195
10240 0.697581
10496 0.6978
10752 0.698007
11008 0.698468
