0 0.475968
256 0.491027
512 0.504229
768 0.516828
1024 0.528538
1280 0.537472
1536 0.546158
1792 0.554117
2048 0.566836
2304 0.574667
2560 0.582311
2816 0.589672
3072 0.595997
3328 0.601777
3584 0.607406
3840 0.612842
4096 0.617998
4352 0.624022
4608 0.629458
4864 0.634618
5120 0.639201
5376 0.64448
5632 0.648039
5888 0.651504
6144 0.654688
6400 0.658517
6656 0.661268
6912 0.663259
7168 0.665108
7424 0.666759
7680 0.667856
7936 0.668865
8192 0.671089
8448 0.672809
8704 0.673542
8960 0.676658
9216 0.677888
9472 0.68077
9728 0.68434
9984 0.686684
10240 0.688395
10496 0.689634
10752 0.690509
11008 0.691326
11264 0.691921
11520 0.692915
11776 0.695272
12032 0.695833
12288 0.696469
12544 0.698464
12800 0.70001
13056 0.700992
13312 0.701892
13568 0.705529
13824 0.706417
14080 0.707088
