0 0.47848
256 0.493368
512 0.507552
768 0.520067
1024 0.53256
1280 0.543771
1536 0.555572
1792 0.564244
2048 0.571574
2304 0.578333
2560 0.584852
2816 0.592853
3072 0.598864
3328 0.604653
3584 0.610084
3840 0.615435
4096 0.620075
4352 0.624451
4608 0.628947
4864 0.633015
5120 0.636901
5376 0.64046
5632 0.644938
5888 0.650371
6144 0.653573
6400 0.657439
6656 0.660527
6912 0.663358
7168 0.6658
7424 0.669513
7680 0.67261
7936 0.674822
8192 0.677294
8448 0.679441
8704 0.682647
8960 0.684492
9216 0.687036
9472 0.688881
9728 0.691237
9984 0.693252
10240 0.695877
10496 0.697898
10752 0.69975
11008 0.701154
11264 0.702272
11520 0.702652
11776 0.703096
12032 0.70395
12288 0.704943
12544 0.705127
12800 0.705853
13056 0.707184
