0 0.482896
256 0.494969
512 0.503875
768 0.512242
1024 0.523233
1280 0.531359
1536 0.538192
1792 0.544838
2048 0.551177
2304 0.55724
2560 0.563704
2816 0.569695
3072 0.575677
3328 0.580935
3584 0.589214
3840 0.594396
4096 0.599516
4352 0.604821
4608 0.612315
4864 0.617064
5120 0.621098
5376 0.627163
5632 0.632007
5888 0.636399
6144 0.641726
6400 0.645597
6656 0.649476
6912 0.653342
7168 0.656677
7424 0.659653
7680 0.662937
7936 0.668012
8192 0.670779
8448 0.675348
8704 0.677511
8960 0.67961
9216 0.6812
9472 0.684422
9728 0.685295
9984 0.686116
10240 0.687811
10496 0.688409
10752 0.690138
11008 0.690918
11264 0.693023
11520 0.694851
11776 0.695154
12032 0.697316
12288 0.697794
12544 0.698189
12800 0.698887
13056 0.698969
13312 0.700494
13568 0.701366
13824 0.701905
