0 0.512371
256 0.52822
512 0.541202
768 0.551877
1024 0.560779
1280 0.569539
1536 0.579151
1792 0.587094
2048 0.594735
2304 0.602644
2560 0.609551
2816 0.616422
3072 0.621923
3328 0.626901
3584 0.631392
3840 0.635203
4096 0.638911
4352 0.642292
4608 0.645663
4864 0.648894
5120 0.65224
5376 0.657762
5632 0.66098
5888 0.663536
6144 0.667458
6400 0.673785
6656 0.676742
6912 0.679196
7168 0.681539
7424 0.68657
7680 0.688039
7936 0.689421
8192 0.690927
8448 0.691796
8704 0.692336
8960 0.694988
9216 0.696321
9472 0.697287
9728 0.697754
9984 0.69821
