0 0.531519
256 0.54174
512 0.551698
768 0.561284
1024 0.57066
1280 0.579969
1536 0.588518
1792 0.596724
2048 0.60441
2304 0.611081
2560 0.617729
2816 0.625877
3072 0.63109
3328 0.636202
3584 0.641154
3840 0.645943
4096 0.650987
4352 0.654648
4608 0.657784
4864 0.660841
5120 0.665111
5376 0.667437
5632 0.668996
5888 0.671802
6144 0.673704
6400 0.674709
6656 0.676574
6912 0.679237
7168 0.681694
7424 0.684184
7680 0.686716
7936 0.688295
8192 0.69151
8448 0.693232
8704 0.694555
8960 0.699808
9216 0.700922
9472 0.701461
9728 0.701598
9984 0.702565
10240 0.703379
10496 0.706861
10752 0.707157
11008 0.707498
11264 0.708094
