0 0.468837
256 0.482677
512 0.496229
768 0.509497
1024 0.520241
1280 0.530941
1536 0.541526
1792 0.550377
2048 0.558863
2304 0.56605
2560 0.573137
2816 0.580119
3072 0.58831
3328 0.595045
3584 0.601075
3840 0.606814
4096 0.612395
4352 0.618639
4608 0.623999
4864 0.630359
5120 0.634332
5376 0.638302
5632 0.641415
5888 0.645306
6144 0.648404
6400 0.651381
6656 0.654795
6912 0.659995
7168 0.663193
7424 0.666088
7680 0.66859
7936 0.671948
8192 0.675111
8448 0.676486
8704 0.677657
8960 0.678765
9216 0.6801
9472 0.680788
9728 0.68147
9984 0.681475
