0 0.49565
256 0.513019
512 0.524415
768 0.535163
1024 0.545185
1280 0.554187
1536 0.561217
1792 0.56824
2048 0.575245
2304 0.581284
2560 0.586918
2816 0.592503
3072 0.597986
3328 0.603378
3584 0.608985
3840 0.614338
4096 0.621208
4352 0.626299
4608 0.630751
4864 0.635135
5120 0.639277
5376 0.643843
5632 0.647952
5888 0.651984
6144 0.655904
6400 0.659476
6656 0.662533
6912 0.6667
7168 0.669326
7424 0.675204
7680 0.677512
7936 0.682385
8192 0.684488
8448 0.686416
8704 0.688229
8960 0.690036
9216 0.692501
9472 0.694176
9728 0.695821
9984 0.697391
10240 0.69891
10496 0.701408
10752 0.70329
11008 0.70465
11264 0.705501
11520 0.705916
11776 0.706253
12032 0.706506
