0 0.492986
256 0.506291
512 0.518151
768 0.52835
1024 0.538872
1280 0.547445
1536 0.557536
1792 0.566425
2048 0.573608
2304 0.580604
2560 0.586669
2816 0.592442
3072 0.59954
3328 0.606272
3584 0.615486
3840 0.619971
4096 0.626638
4352 0.632627
4608 0.63766
4864 0.642737
5120 0.648168
5376 0.652658
5632 0.656725
5888 0.660064
6144 0.662953
6400 0.667268
6656 0.670234
6912 0.675984
7168 0.679887
7424 0.682827
7680 0.685664
7936 0.688
8192 0.689854
8448 0.692591
8704 0.694964
8960 0.696785
9216 0.69836
9472 0.699192
9728 0.699952
9984 0.700518
10240 0.701005
10496 0.705568
10752 0.707242
11008 0.707676
11264 0.709574
11520 0.709763
11776 0.709871
12032 0.710626
12288 0.712738
12544 0.714449
12800 0.714939
