0 0.514437
256 0.526673
512 0.536011
768 0.545165
1024 0.553927
1280 0.562205
1536 0.572195
1792 0.580201
2048 0.587991
2304 0.594923
2560 0.601336
2816 0.607529
3072 0.613223
3328 0.618704
3584 0.623939
3840 0.628882
4096 0.635752
4352 0.641753
4608 0.647156
4864 0.651611
5120 0.656007
5376 0.659459
5632 0.662387
5888 0.666616
6144 0.669603
6400 0.673479
6656 0.675764
6912 0.677332
7168 0.677967
7424 0.680427
7680 0.681718
7936 0.682901
8192 0.684053
8448 0.684619
8704 0.685108
8960 0.688476
9216 0.691101
9472 0.692812
9728 0.694112
9984 0.694838
10240 0.69737
10496 0.699795
10752 0.700243
11008 0.700392
