0 0.503165
256 0.517057
512 0.528748
768 0.539785
1024 0.549236
1280 0.558242
1536 0.571369
1792 0.583673
2048 0.591727
2304 0.598662
2560 0.605592
2816 0.612155
3072 0.618695
3328 0.624412
3584 0.630957
3840 0.635818
4096 0.640336
4352 0.646499
4608 0.651961
4864 0.656402
5120 0.660486
5376 0.663417
5632 0.66591
5888 0.668333
6144 0.672191
6400 0.674365
6656 0.676362
6912 0.681685
7168 0.686993
7424 0.688225
7680 0.691299
7936 0.693184
8192 0.696456
8448 0.697794
8704 0.69832
8960 0.701069
9216 0.701494
9472 0.7016
9728 0.702477
9984 0.704389
10240 0.706199
10496 0.708342
10752 0.709792
11008 0.711121
11264 0.712796
11520 0.713543
11776 0.713892
12032 0.714222
12288 0.715799
12544 0.716743
12800 0.716974
13056 0.71741
13312 0.718435
13568 0.71862
