0 0.495432
256 0.510506
512 0.523378
768 0.533431
1024 0.545372
1280 0.552869
1536 0.560369
1792 0.567601
2048 0.574267
2304 0.580002
2560 0.585553
2816 0.590972
3072 0.597368
3328 0.605165
3584 0.610728
3840 0.616634
4096 0.621651
4352 0.626876
4608 0.631349
4864 0.635558
5120 0.638791
5376 0.642629
5632 0.645518
5888 0.648857
6144 0.653254
6400 0.658016
6656 0.663217
6912 0.66725
7168 0.670747
7424 0.674703
7680 0.677989
7936 0.680304
8192 0.684219
8448 0.6874
8704 0.689806
8960 0.691866
9216 0.693377
9472 0.696341
9728 0.69724
9984 0.698071
10240 0.700298
10496 0.701999
10752 0.7024
11008 0.702759
11264 0.704199
11520 0.70452
11776 0.706064
12032 0.706694
12288 0.707858
12544 0.708438
