0 0.507802
256 0.517652
512 0.526797
768 0.535253
1024 0.544076
1280 0.551557
1536 0.558929
1792 0.566839
2048 0.573628
2304 0.579854
2560 0.585909
2816 0.591667
3072 0.597141
3328 0.602295
3584 0.606706
3840 0.613213
4096 0.61846
4352 0.62331
4608 0.627973
4864 0.631694
5120 0.636717
5376 0.641318
5632 0.644848
5888 0.648888
6144 0.652005
6400 0.656391
6656 0.659419
6912 0.661683
7168 0.663927
7424 0.665938
7680 0.667863
7936 0.671631
8192 0.673793
8448 0.676433
8704 0.678766
8960 0.682039
9216 0.683609
9472 0.685938
9728 0.689564
9984 0.691607
10240 0.692954
10496 0.694701
10752 0.696378
11008 0.697246
11264 0.697951
11520 0.698305
11776 0.700199
12032 0.700755
12288 0.701331
12544 0.702232
12800 0.702624
13056 0.703832
13312 0.70501
13568 0.707157
13824 0.708373
14080 0.712414
14336 0.712761
14592 0.712984
14848 0.714985
15104 0.716715
15360 0.717604
15616 0.718747
15872 0.719333
