0 0.497984
256 0.510962
512 0.522747
768 0.533648
1024 0.542788
1280 0.550279
1536 0.558631
1792 0.56751
2048 0.57489
2304 0.581159
2560 0.586641
2816 0.591642
3072 0.598899
3328 0.604916
3584 0.610475
3840 0.615547
4096 0.623655
4352 0.628372
4608 0.633032
4864 0.637462
5120 0.641817
5376 0.645756
5632 0.649397
5888 0.652949
6144 0.656163
6400 0.659416
6656 0.664496
6912 0.667226
7168 0.66966
7424 0.674353
7680 0.677093
7936 0.681164
8192 0.686062
8448 0.690013
8704 0.694858
8960 0.700507
9216 0.703915
9472 0.706463
9728 0.708625
9984 0.709996
10240 0.710783
10496 0.711498
10752 0.712263
11008 0.712734
11264 0.714679
11520 0.714893
