0 0.514594
256 0.532943
512 0.544941
768 0.555083
1024 0.565036
1280 0.575869
1536 0.584614
1792 0.592228
2048 0.599144
2304 0.606839
2560 0.612073
2816 0.618138
3072 0.623585
3328 0.628394
3584 0.637014
3840 0.641123
4096 0.64452
4352 0.647802
4608 0.650708
4864 0.653292
5120 0.657108
5376 0.660769
5632 0.665117
5888 0.669363
6144 0.672779
6400 0.675345
6656 0.678804
6912 0.68126
7168 0.683421
7424 0.685923
7680 0.687933
7936 0.689812
8192 0.691602
8448 0.692831
8704 0.693705
8960 0.694706
9216 0.695116
9472 0.695375
9728 0.695622
9984 0.697197
10240 0.697402
10496 0.697635
10752 0.698738
11008 0.702982
11264 0.703976
11520 0.705501
11776 0.706635
12032 0.706989
12288 0.708841
12544 0.710761
12800 0.713766
13056 0.715154
13312 0.716477
13568 0.719946
13824 0.72274
14080 0.725362
14336 0.727607
14592 0.731257
14848 0.733932
15104 0.735324
15360 0.736622
15616 0.738354
15872 0.738781
16128 0.739001
16384 0.7391
16640 0.739561
