0 0.487698
256 0.499705
512 0.511273
768 0.522584
1024 0.533621
1280 0.544329
1536 0.553111
1792 0.561126
2048 0.569089
2304 0.576674
2560 0.583568
2816 0.591672
3072 0.599163
3328 0.608237
3584 0.614967
3840 0.621637
4096 0.626818
4352 0.631128
4608 0.634846
4864 0.638524
5120 0.6431
5376 0.647221
5632 0.652473
5888 0.655685
6144 0.658614
6400 0.661528
6656 0.663794
6912 0.665576
7168 0.667316
7424 0.67004
7680 0.671498
7936 0.672927
8192 0.675467
8448 0.676822
8704 0.678077
8960 0.679132
9216 0.682237
9472 0.683263
9728 0.684924
9984 0.686121
10240 0.688312
10496 0.690815
10752 0.691572
11008 0.691755
11264 0.692783
11520 0.693931
11776 0.694086
12032 0.695478
12288 0.698341
12544 0.702167
12800 0.702805
13056 0.705067
13312 0.705879
13568 0.707173
13824 0.707779
14080 0.709897
14336 0.711721
14592 0.712785
14848 0.713428
15104 0.713684
