0 0.510304
256 0.520318
512 0.532929
768 0.542778
1024 0.552435
1280 0.561504
1536 0.568958
1792 0.577156
2048 0.584263
2304 0.591236
2560 0.598148
2816 0.604261
3072 0.60969
3328 0.61477
3584 0.619702
3840 0.625338
4096 0.629462
4352 0.633011
4608 0.639661
4864 0.645156
5120 0.652169
5376 0.65564
5632 0.658503
5888 0.660833
6144 0.665182
6400 0.669502
6656 0.672223
6912 0.67457
7168 0.676901
7424 0.679727
7680 0.684205
7936 0.686623
8192 0.691275
8448 0.695289
8704 0.69906
8960 0.701488
9216 0.702795
9472 0.704039
9728 0.70499
9984 0.70659
10240 0.710217
10496 0.711053
10752 0.711832
11008 0.712183
