0 0.499777
256 0.511181
512 0.523374
768 0.534422
1024 0.545441
1280 0.555124
1536 0.564556
1792 0.573579
2048 0.582965
2304 0.591158
2560 0.59888
2816 0.606582
3072 0.612763
3328 0.618684
3584 0.626923
3840 0.631616
4096 0.636067
4352 0.641147
4608 0.646322
4864 0.650528
5120 0.654183
5376 0.657149
5632 0.661529
5888 0.664174
6144 0.666664
6400 0.668304
6656 0.670097
6912 0.671783
7168 0.673299
7424 0.674707
7680 0.676631
7936 0.677795
8192 0.678387
8448 0.679772
8704 0.680808
8960 0.681826
9216 0.683128
9472 0.6852
9728 0.686348
9984 0.687008
10240 0.689779
10496 0.690911
10752 0.693492
11008 0.693994
11264 0.694138
