0 0.520874
256 0.530729
512 0.540062
768 0.548305
1024 0.556859
1280 0.565172
1536 0.572114
1792 0.5805
2048 0.587426
2304 0.594283
2560 0.600281
2816 0.607755
3072 0.612434
3328 0.616813
3584 0.621115
3840 0.624517
4096 0.627628
4352 0.630713
4608 0.634097
4864 0.637128
5120 0.640109
5376 0.644167
5632 0.64784
5888 0.652496
6144 0.655169
6400 0.657949
6656 0.660316
6912 0.662504
7168 0.664245
7424 0.665965
7680 0.670057
7936 0.671961
8192 0.675954
8448 0.677739
8704 0.680378
8960 0.682668
9216 0.684477
9472 0.685461
9728 0.686215
9984 0.687606
10240 0.69055
10496 0.692196
10752 0.69388
11008 0.695208
11264 0.695752
11520 0.698311
11776 0.698795
12032 0.700208
