0 0.524678
256 0.538725
512 0.549769
768 0.559637
1024 0.569168
1280 0.579242
1536 0.58771
1792 0.595971
2048 0.603215
2304 0.611021
2560 0.619059
2816 0.626655
3072 0.633531
3328 0.63918
3584 0.645059
3840 0.651187
4096 0.656275
4352 0.661146
4608 0.665895
4864 0.670365
5120 0.673438
5376 0.675755
5632 0.68022
5888 0.682391
6144 0.683756
6400 0.684858
6656 0.686918
6912 0.688373
7168 0.690899
7424 0.691714
7680 0.69305
7936 0.693981
8192 0.697409
8448 0.700752
8704 0.70396
8960 0.70571
9216 0.707196
9472 0.708563
9728 0.7119
9984 0.712905
10240 0.713576
10496 0.714231
10752 0.716672
11008 0.71779
11264 0.718859
11520 0.721644
11776 0.722848
