0 0.479111
256 0.490771
512 0.503177
768 0.513779
1024 0.524021
1280 0.532784
1536 0.541269
1792 0.550434
2048 0.559442
2304 0.568132
2560 0.575649
2816 0.584714
3072 0.592714
3328 0.599624
3584 0.606251
3840 0.613544
4096 0.620834
4352 0.626568
4608 0.631222
4864 0.635796
5120 0.640029
5376 0.643851
5632 0.647243
5888 0.649585
6144 0.652226
6400 0.656002
6656 0.658994
6912 0.661462
7168 0.663254
7424 0.665147
7680 0.666759
7936 0.667801
8192 0.669661
8448 0.671214
8704 0.672065
8960 0.673534
9216 0.674343
9472 0.675139
9728 0.676444
9984 0.677334
10240 0.678569
10496 0.679437
10752 0.680477
11008 0.684165
11264 0.685094
11520 0.686177
11776 0.687082
12032 0.68784
12288 0.688064
12544 0.690217
12800 0.691348
13056 0.692477
13312 0.694885
13568 0.6951
13824 0.69526
