0 0.512366
256 0.525055
512 0.533665
768 0.542255
1024 0.550506
1280 0.558809
1536 0.568978
1792 0.577013
2048 0.585022
2304 0.591827
2560 0.598512
2816 0.605095
3072 0.610922
3328 0.616611
3584 0.622184
3840 0.627057
4096 0.631921
4352 0.636458
4608 0.64076
4864 0.644522
5120 0.649872
5376 0.654445
5632 0.661145
5888 0.667084
6144 0.670222
6400 0.674682
6656 0.678064
6912 0.681323
7168 0.684514
7424 0.686937
7680 0.689359
7936 0.693488
8192 0.697093
8448 0.699256
8704 0.701322
8960 0.704903
9216 0.708608
9472 0.711753
9728 0.713754
9984 0.71499
10240 0.716197
10496 0.716952
10752 0.716974
