0 0.509714
256 0.523952
512 0.535144
768 0.543774
1024 0.552273
1280 0.560765
1536 0.56801
1792 0.575224
2048 0.583311
2304 0.590189
2560 0.596419
2816 0.602552
3072 0.610644
3328 0.616089
3584 0.621203
3840 0.626525
4096 0.631427
4352 0.635636
4608 0.639833
4864 0.643169
5120 0.646382
5376 0.649557
5632 0.652667
5888 0.65572
6144 0.658584
6400 0.661929
6656 0.664628
6912 0.668232
7168 0.671481
7424 0.673961
7680 0.676365
7936 0.678394
8192 0.681305
8448 0.686484
8704 0.69159
8960 0.69586
9216 0.698053
9472 0.701101
9728 0.703289
9984 0.706172
10240 0.708614
10496 0.710736
10752 0.712369
11008 0.713827
11264 0.714408
11520 0.714838
11776 0.715114
