0 0.503887
256 0.518614
512 0.530526
768 0.540563
1024 0.549644
1280 0.559033
1536 0.566988
1792 0.574079
2048 0.580963
2304 0.586637
2560 0.592454
2816 0.597837
3072 0.603685
3328 0.608706
3584 0.613683
3840 0.618512
4096 0.623662
4352 0.628565
4608 0.633568
4864 0.637894
5120 0.642026
5376 0.645899
5632 0.650167
5888 0.653965
6144 0.657549
6400 0.661081
6656 0.664388
6912 0.668049
7168 0.671147
7424 0.675263
7680 0.678197
7936 0.681251
8192 0.684466
8448 0.686699
8704 0.689576
8960 0.693497
9216 0.695534
9472 0.698269
9728 0.699904
9984 0.701398
10240 0.702497
10496 0.706895
10752 0.709852
11008 0.71209
11264 0.713829
11520 0.714919
11776 0.715745
12032 0.716525
12288 0.717401
12544 0.718733
12800 0.720019
13056 0.724108
13312 0.724697
13568 0.728347
13824 0.731005
14080 0.731625
14336 0.731912
