0 0.512239
256 0.525909
512 0.536369
768 0.546467
1024 0.556029
1280 0.56428
1536 0.57244
1792 0.583469
2048 0.59087
2304 0.597999
2560 0.607317
2816 0.613284
3072 0.619095
3328 0.626991
3584 0.632731
3840 0.638523
4096 0.643627
4352 0.648661
4608 0.653541
4864 0.65816
5120 0.661854
5376 0.668734
5632 0.67503
5888 0.678101
6144 0.681288
6400 0.683722
6656 0.686053
6912 0.688329
7168 0.689649
7424 0.690865
7680 0.692049
7936 0.695594
8192 0.697161
8448 0.702461
8704 0.703354
8960 0.704057
9216 0.705964
9472 0.707061
9728 0.707713
9984 0.709012
10240 0.710413
10496 0.712846
10752 0.714345
11008 0.715475
11264 0.715863
11520 0.716124
11776 0.716142
12032 0.71707
12288 0.718435
