0 0.50170824
512 0.50930603
1024 0.51608555
1536 0.52232836
2048 0.52815721
2560 0.53371083
3072 0.5390312
3584 0.54413225
4096 0.54905934
4608 0.55381212
5120 0.55847037
5632 0.56296035
6144 0.56725113
6656 0.57142199
7168 0.57545927
7680 0.57935846
8192 0.58312821
8704 0.58682653
9216 0.59040069
9728 0.59386925
10240 0.59723382
10752 0.60051274
11264 0.60368234
11776 0.60678034
12288 0.60988628
12800 0.61286392
13312 0.61576931
13824 0.618626
14336 0.62139369
14848 0.62411528
15360 0.62682492
15872 0.62937148
16384 0.63197612
16896 0.63440187
17408 0.63680871
17920 0.6390726
18432 0.64134941
18944 0.64357626
19456 0.64577763
19968 0.64793794
20480 0.65006535
20992 0.65204307
21504 0.65399273
22016 0.65595076
22528 0.6578037
23040 0.65961239
23552 0.66138572
24064 0.66312117
24576 0.664769
25088 0.66644094
25600 0.66803043
26112 0.66958398
26624 0.67105759
27136 0.67253828
27648 0.67402845
28160 0.67544579
28672 0.67681187
29184 0.67820025
29696 0.67956959
30208 0.68092337
30720 0.68216013
31232 0.68340801
31744 0.68466629
32256 0.68583297
32768 0.68692514
33280 0.68808548
33792 0.68922241
34304 0.69033115
34816 0.69127055
35328 0.69220246
35840 0.69318802
36352 0.69416841
36864 0.69511073
37376 0.69605117
37888 0.69690548
38400 0.69781692
38912 0.69872211
39424 0.69953934
39936 0.70039636
40448 0.70125444
40960 0.70195872
41472 0.70274317
41984 0.70350161
42496 0.70418736
43008 0.70494846
43520 0.70561308
44032 0.70621599
44544 0.70683398
45056 0.70749946
45568 0.70812123
46080 0.70867781
46592 0.70924719
47104 0.70974732
47616 0.71019406
48128 0.71058919
48640 0.71105031
49152 0.71145054
49664 0.71179665
50176 0.71214731
50688 0.7124604
51200 0.71273039
51712 0.71301835
52224 0.71325351
52736 0.71348274
53248 0.71366217
53760 0.7138064
54272 0.71396406
54784 0.71414714
55296 0.71423848
55808 0.71436945
56320 0.71447011
56832 0.71458316
57344 0.71470721
57856 0.71480019
58368 0.71486206
58880 0.71495563
59392 0.71502813
59904 0.71508882
60416 0.71516142
60928 0.71520178
61440 0.71523856
61952 0.71528462
62464 0.71532282
62976 0.71536495
63488 0.71540232
64000 0.71542032
64512 0.71544175
65024 0.71545659
65536 0.71546387
66048 0.71546901
66560 0.71548008
67072 0.71548584
67584 0.71548756
68096 0.71548877
68608 0.71549305
