0 0.504934
512 0.511547
1024 0.51765
1536 0.523172
2048 0.528692
2560 0.535072
3072 0.540131
3584 0.545127
4096 0.550074
4608 0.554914
5120 0.559505
5632 0.563863
6144 0.568267
6656 0.57254
7168 0.57642
7680 0.580029
8192 0.583398
8704 0.586651
9216 0.590438
9728 0.593422
10240 0.596353
10752 0.599239
11264 0.602403
11776 0.605216
12288 0.607918
12800 0.610572
13312 0.614089
13824 0.616585
14336 0.619014
14848 0.622311
15360 0.62467
15872 0.627007
16384 0.630152
16896 0.633861
17408 0.636228
17920 0.638781
18432 0.642323
18944 0.644681
19456 0.646905
19968 0.648928
20480 0.650849
20992 0.652962
21504 0.655312
22016 0.65721
22528 0.659076
23040 0.660823
23552 0.66252
24064 0.663979
24576 0.666608
25088 0.668009
25600 0.669317
26112 0.670592
26624 0.672533
27136 0.674123
27648 0.675039
28160 0.67608
28672 0.676992
29184 0.678162
29696 0.679056
30208 0.680509
30720 0.681545
31232 0.682788
31744 0.684645
32256 0.686133
32768 0.687817
33280 0.689356
33792 0.690688
34304 0.691721
34816 0.6941
35328 0.695094
35840 0.696073
36352 0.696799
36864 0.697475
37376 0.698086
37888 0.699944
38400 0.700547
38912 0.701113
39424 0.701987
39936 0.702939
40448 0.703475
40960 0.703971
41472 0.704552
41984 0.70564
42496 0.706443
43008 0.706912
43520 0.707552
44032 0.708414
44544 0.708865
45056 0.71034
45568 0.710643
46080 0.71091
46592 0.711145
47104 0.711298
47616 0.711401
48128 0.711463
48640 0.713523
49152 0.714824
49664 0.714979
50176 0.715276
