0 0.493208
512 0.501983
1024 0.508444
1536 0.514824
2048 0.521158
2560 0.526667
3072 0.532067
3584 0.537286
4096 0.542354
4608 0.547126
5120 0.553358
5632 0.558143
6144 0.563853
6656 0.568504
7168 0.572617
7680 0.576696
8192 0.580682
8704 0.584533
9216 0.589763
9728 0.593569
10240 0.597206
10752 0.600506
11264 0.603735
11776 0.606844
12288 0.609871
12800 0.612666
13312 0.615413
13824 0.618131
14336 0.62122
14848 0.623862
15360 0.626663
15872 0.63015
16384 0.63345
16896 0.635729
17408 0.637732
17920 0.639862
18432 0.642058
18944 0.644218
19456 0.646184
19968 0.648029
20480 0.649838
20992 0.651675
21504 0.653079
22016 0.654624
22528 0.655962
23040 0.657403
23552 0.659952
24064 0.661603
24576 0.662868
25088 0.664019
25600 0.665482
26112 0.666575
26624 0.667609
27136 0.668707
27648 0.670279
28160 0.671179
28672 0.672062
29184 0.673273
29696 0.674456
30208 0.67692
30720 0.677743
31232 0.678967
31744 0.679699
32256 0.68092
32768 0.683044
33280 0.684387
33792 0.685861
34304 0.687826
34816 0.688599
35328 0.689309
35840 0.689877
36352 0.690442
36864 0.691136
37376 0.691921
37888 0.692741
38400 0.694532
38912 0.695613
39424 0.696421
39936 0.697118
40448 0.697676
40960 0.698223
41472 0.69893
41984 0.700229
42496 0.701116
43008 0.701709
43520 0.702251
44032 0.702762
44544 0.703893
45056 0.705544
45568 0.706127
46080 0.706616
46592 0.707663
47104 0.708486
47616 0.709277
48128 0.709876
48640 0.710349
49152 0.71079
49664 0.711437
50176 0.711689
50688 0.712515
51200 0.713768
51712 0.715015
52224 0.715317
52736 0.715555
53248 0.715785
53760 0.715933
54272 0.716249
54784 0.716309
