0 0.503183
512 0.511491
1024 0.518201
1536 0.524268
2048 0.529001
2560 0.533592
3072 0.539091
3584 0.543762
4096 0.548133
4608 0.552683
5120 0.558234
5632 0.562939
6144 0.566902
6656 0.570859
7168 0.57465
7680 0.578441
8192 0.58357
8704 0.587349
9216 0.591748
9728 0.595249
10240 0.598563
10752 0.60232
11264 0.60551
11776 0.608684
12288 0.611849
12800 0.614901
13312 0.617677
13824 0.620626
14336 0.623077
14848 0.625495
15360 0.629147
15872 0.631968
16384 0.634316
16896 0.636642
17408 0.638967
17920 0.641176
18432 0.643317
18944 0.645458
19456 0.6473
19968 0.649152
20480 0.650961
20992 0.65305
21504 0.654815
22016 0.656557
22528 0.658168
23040 0.659661
23552 0.66185
24064 0.663257
24576 0.664519
25088 0.66712
25600 0.669071
26112 0.670598
26624 0.672576
27136 0.674905
27648 0.675876
28160 0.676916
28672 0.677785
29184 0.679241
29696 0.680283
30208 0.681124
30720 0.682147
31232 0.683884
31744 0.685875
32256 0.687068
32768 0.688141
33280 0.689327
33792 0.690498
34304 0.691294
34816 0.692009
35328 0.692691
35840 0.693219
36352 0.693721
36864 0.69517
37376 0.695669
37888 0.696781
38400 0.697619
38912 0.698351
39424 0.699613
39936 0.700103
40448 0.700963
40960 0.701984
41472 0.703374
41984 0.703781
42496 0.704116
43008 0.704295
43520 0.704689
44032 0.704989
44544 0.705661
45056 0.705952
45568 0.70613
46080 0.706234
46592 0.706558
47104 0.706911
47616 0.707989
48128 0.708616
48640 0.709633
49152 0.710412
49664 0.710985
50176 0.711396
50688 0.713544
51200 0.713801
51712 0.714379
52224 0.714709
52736 0.714887
53248 0.715012
53760 0.716449
54272 0.717811
54784 0.718518
55296 0.719398
55808 0.72011
56320 0.720783
56832 0.721224
57344 0.723199
57856 0.723776
58368 0.723984
58880 0.725282
59392 0.725688
59904 0.726278
60416 0.726728
60928 0.727018
61440 0.727264
61952 0.728479
62464 0.729356
62976 0.730223
63488 0.731089
64000 0.731375
64512 0.731532
65024 0.731826
65536 0.731921
66048 0.731981
66560 0.73262
