0 0.503738
512 0.510343
1024 0.51664
1536 0.522329
2048 0.527464
2560 0.532455
3072 0.537367
3584 0.542784
4096 0.547423
4608 0.551865
5120 0.556244
5632 0.560563
6144 0.564872
6656 0.569149
7168 0.573214
7680 0.577219
8192 0.581231
8704 0.585431
9216 0.589388
9728 0.592956
10240 0.596512
10752 0.599989
11264 0.603459
11776 0.606498
12288 0.609647
12800 0.612504
13312 0.615206
13824 0.617876
14336 0.620529
14848 0.623865
15360 0.627341
15872 0.629917
16384 0.633975
16896 0.637288
17408 0.640064
17920 0.642729
18432 0.645273
18944 0.647741
19456 0.651066
19968 0.653283
20480 0.655301
20992 0.657261
21504 0.65921
22016 0.66113
22528 0.662996
23040 0.664685
23552 0.666221
24064 0.667698
24576 0.669192
25088 0.670626
25600 0.671984
26112 0.673388
26624 0.674903
27136 0.676371
27648 0.678972
28160 0.680443
28672 0.682007
29184 0.68308
29696 0.68406
30208 0.68489
30720 0.685717
31232 0.68686
31744 0.687736
32256 0.68932
32768 0.690921
33280 0.693001
33792 0.695052
34304 0.696229
34816 0.696989
35328 0.698671
35840 0.699167
36352 0.699553
36864 0.700084
37376 0.701024
37888 0.701552
38400 0.70336
38912 0.704723
39424 0.705082
39936 0.70605
40448 0.707931
40960 0.709333
41472 0.709673
41984 0.709968
42496 0.710226
43008 0.710449
43520 0.711164
44032 0.712366
44544 0.713425
45056 0.714426
45568 0.715409
46080 0.717218
46592 0.717623
47104 0.719306
47616 0.720107
48128 0.720619
48640 0.720859
49152 0.721079
49664 0.72201
50176 0.72215
50688 0.722384
51200 0.722477
