0 0.505599
512 0.513616
1024 0.521532
1536 0.527489
2048 0.532812
2560 0.537762
3072 0.543037
3584 0.547451
4096 0.55252
4608 0.556724
5120 0.560912
5632 0.565026
6144 0.56911
6656 0.573069
7168 0.576637
7680 0.580673
8192 0.584723
8704 0.588851
9216 0.5922
9728 0.595729
10240 0.599615
10752 0.603826
11264 0.607588
11776 0.610751
12288 0.613847
12800 0.616656
13312 0.619444
13824 0.623291
14336 0.626334
14848 0.629053
15360 0.631557
15872 0.633911
16384 0.63678
16896 0.639585
17408 0.642288
17920 0.644605
18432 0.647419
18944 0.650069
19456 0.652284
19968 0.654287
20480 0.6561
20992 0.657615
21504 0.65909
22016 0.660947
22528 0.663336
23040 0.665508
23552 0.667064
24064 0.668426
24576 0.670069
25088 0.671427
25600 0.672681
26112 0.675336
26624 0.676499
27136 0.678457
27648 0.680127
28160 0.681678
28672 0.683177
29184 0.684499
29696 0.685652
30208 0.686764
30720 0.687811
31232 0.688788
31744 0.690701
32256 0.691572
32768 0.692395
33280 0.693281
33792 0.696083
34304 0.696861
34816 0.697617
35328 0.698361
35840 0.698936
36352 0.699425
36864 0.699943
37376 0.700419
37888 0.700894
38400 0.702911
38912 0.703626
39424 0.704085
39936 0.704468
40448 0.705017
40960 0.705395
41472 0.706746
41984 0.708293
42496 0.708947
43008 0.709431
43520 0.709879
44032 0.710298
44544 0.710788
45056 0.711677
45568 0.712053
46080 0.712396
46592 0.712965
47104 0.713299
47616 0.713626
48128 0.71375
