0 0.517771
512 0.52454
1024 0.530854
1536 0.537691
2048 0.543487
2560 0.548695
3072 0.55462
3584 0.559629
4096 0.56453
4608 0.56928
5120 0.57367
5632 0.578014
6144 0.582721
6656 0.587046
7168 0.590574
7680 0.59407
8192 0.597386
8704 0.601187
9216 0.604547
9728 0.607798
10240 0.610826
10752 0.613819
11264 0.616938
11776 0.619974
12288 0.622902
12800 0.625777
13312 0.629084
13824 0.631923
14336 0.634563
14848 0.637179
15360 0.640245
15872 0.642775
16384 0.645183
16896 0.64757
17408 0.650745
17920 0.653308
18432 0.655414
18944 0.657419
19456 0.659667
19968 0.661633
20480 0.663188
20992 0.664719
21504 0.666378
22016 0.668672
22528 0.670115
23040 0.671552
23552 0.672986
24064 0.674774
24576 0.676163
25088 0.678129
25600 0.679366
26112 0.680571
26624 0.681536
27136 0.682445
27648 0.683432
28160 0.684326
28672 0.685862
29184 0.686668
29696 0.68815
30208 0.689973
30720 0.690742
31232 0.69147
31744 0.69312
32256 0.695088
32768 0.696153
33280 0.696873
33792 0.697432
34304 0.698391
34816 0.699345
35328 0.700101
35840 0.700695
36352 0.702256
36864 0.702737
37376 0.703269
37888 0.703733
38400 0.704093
38912 0.70441
39424 0.705709
39936 0.706044
40448 0.706259
40960 0.707161
41472 0.708145
41984 0.708708
42496 0.709245
43008 0.709778
43520 0.710296
44032 0.710603
44544 0.71112
45056 0.711708
45568 0.711871
46080 0.71198
46592 0.712579
47104 0.71506
47616 0.715416
48128 0.715697
48640 0.717008
49152 0.717333
49664 0.717699
50176 0.719241
50688 0.719506
