0 0.526935
512 0.534368
1024 0.54044
1536 0.546482
2048 0.551437
2560 0.556259
3072 0.56064
3584 0.564919
4096 0.569353
4608 0.573482
5120 0.577085
5632 0.580528
6144 0.58401
6656 0.587455
7168 0.590808
7680 0.594374
8192 0.598367
8704 0.602285
9216 0.605818
9728 0.609035
10240 0.612134
10752 0.614994
11264 0.617676
11776 0.620286
12288 0.622756
12800 0.626652
13312 0.629287
13824 0.631752
14336 0.634083
14848 0.636406
15360 0.63854
15872 0.640821
16384 0.643881
16896 0.645695
17408 0.647446
17920 0.649002
18432 0.650638
18944 0.653131
19456 0.655394
19968 0.656883
20480 0.659786
20992 0.661803
21504 0.663865
22016 0.666154
22528 0.669002
23040 0.670251
23552 0.671446
24064 0.672634
24576 0.673983
25088 0.675234
25600 0.676659
26112 0.677707
26624 0.678671
27136 0.679588
27648 0.680398
28160 0.682367
28672 0.683331
29184 0.68472
29696 0.68652
30208 0.687156
30720 0.688341
31232 0.689269
31744 0.690774
32256 0.691676
32768 0.692755
33280 0.694888
33792 0.696906
34304 0.697534
34816 0.698696
35328 0.699203
35840 0.699677
36352 0.700247
36864 0.700584
37376 0.700908
37888 0.701205
38400 0.701395
38912 0.701577
39424 0.703261
39936 0.70488
40448 0.706212
40960 0.707156
41472 0.707796
41984 0.709201
42496 0.711908
43008 0.713682
43520 0.714451
44032 0.715483
44544 0.716184
45056 0.717038
45568 0.718852
46080 0.719714
46592 0.720344
47104 0.720575
47616 0.720637
48128 0.720688
48640 0.722004
49152 0.722468
49664 0.722503
