0 0.511733
512 0.518307
1024 0.524698
1536 0.530657
2048 0.535594
2560 0.54053
3072 0.545822
3584 0.550224
4096 0.555605
4608 0.559909
5120 0.564158
5632 0.568895
6144 0.572958
6656 0.57678
7168 0.580435
7680 0.583872
8192 0.587305
8704 0.590627
9216 0.5939
9728 0.597169
10240 0.600504
10752 0.603656
11264 0.606742
11776 0.610509
12288 0.61358
12800 0.616491
13312 0.619311
13824 0.623485
14336 0.626817
14848 0.629829
15360 0.633112
15872 0.635573
16384 0.637764
16896 0.639946
17408 0.642118
17920 0.64413
18432 0.646932
18944 0.648896
19456 0.650789
19968 0.65261
20480 0.654469
20992 0.656439
21504 0.658248
22016 0.660956
22528 0.663318
23040 0.66512
23552 0.666679
24064 0.668513
24576 0.670002
25088 0.671394
25600 0.672614
26112 0.673911
26624 0.675078
27136 0.676844
27648 0.679612
28160 0.681662
28672 0.683165
29184 0.683889
29696 0.684538
30208 0.68523
30720 0.686243
31232 0.68704
31744 0.687567
32256 0.688064
32768 0.688477
33280 0.688773
33792 0.689385
34304 0.689791
34816 0.690634
35328 0.691347
35840 0.692155
36352 0.692552
36864 0.692889
37376 0.693518
37888 0.694646
38400 0.695113
38912 0.69656
39424 0.698174
39936 0.700258
40448 0.701653
40960 0.702359
41472 0.702895
41984 0.703261
42496 0.703538
43008 0.704323
43520 0.705501
44032 0.705966
44544 0.706224
45056 0.706285
45568 0.706342
46080 0.706913
46592 0.707837
47104 0.708493
47616 0.708545
