0 0.518862
512 0.524994
1024 0.5309
1536 0.536343
2048 0.541448
2560 0.546163
3072 0.550719
3584 0.555105
4096 0.559526
4608 0.563906
5120 0.569217
5632 0.572951
6144 0.576185
6656 0.579246
7168 0.582853
7680 0.5864
8192 0.589678
8704 0.592692
9216 0.595652
9728 0.598803
10240 0.601707
10752 0.604869
11264 0.6076
11776 0.610228
12288 0.613197
12800 0.61748
13312 0.620761
13824 0.623322
14336 0.625787
14848 0.628261
15360 0.630669
15872 0.633373
16384 0.63572
16896 0.638427
17408 0.640634
17920 0.643689
18432 0.646456
18944 0.649047
19456 0.651241
19968 0.653575
20480 0.655731
20992 0.657855
21504 0.66022
22016 0.662251
22528 0.66425
23040 0.666228
23552 0.668019
24064 0.669767
24576 0.671457
25088 0.673704
25600 0.675815
26112 0.677402
26624 0.678941
27136 0.680151
27648 0.681275
28160 0.68273
28672 0.684374
29184 0.68543
29696 0.686339
30208 0.687095
30720 0.689052
31232 0.690204
31744 0.690947
32256 0.692337
32768 0.693247
33280 0.694002
33792 0.694898
34304 0.695545
34816 0.696066
35328 0.696613
35840 0.697114
36352 0.698386
36864 0.699839
37376 0.701467
37888 0.703082
38400 0.704056
38912 0.705634
39424 0.706151
39936 0.706583
40448 0.706855
40960 0.707057
41472 0.70727
41984 0.708156
42496 0.708497
43008 0.709509
43520 0.709678
44032 0.709877
44544 0.710496
45056 0.710638
45568 0.711248
46080 0.711298
