0 0.491538
512 0.499266
1024 0.506626
1536 0.513607
2048 0.519968
2560 0.526602
3072 0.532489
3584 0.538532
4096 0.543758
4608 0.548317
5120 0.552708
5632 0.557015
6144 0.561066
6656 0.564909
7168 0.569899
7680 0.574605
8192 0.578304
8704 0.582777
9216 0.586374
9728 0.589969
10240 0.593489
10752 0.597091
11264 0.600044
11776 0.603279
12288 0.606006
12800 0.608723
13312 0.611291
13824 0.614337
14336 0.616693
14848 0.619038
15360 0.621449
15872 0.623793
16384 0.626039
16896 0.628184
17408 0.630297
17920 0.632392
18432 0.634463
18944 0.636826
19456 0.63888
19968 0.640927
20480 0.642935
20992 0.644918
21504 0.647323
22016 0.649277
22528 0.651272
23040 0.653059
23552 0.6551
24064 0.657121
24576 0.658556
25088 0.660038
25600 0.661342
26112 0.663823
26624 0.665262
27136 0.666563
27648 0.668344
28160 0.670457
28672 0.672039
29184 0.673739
29696 0.676874
30208 0.678168
30720 0.679914
31232 0.681312
31744 0.683037
32256 0.684235
32768 0.68521
33280 0.686184
33792 0.686972
34304 0.687684
34816 0.688466
35328 0.689165
35840 0.69016
36352 0.691064
36864 0.691797
37376 0.692749
37888 0.694578
38400 0.697039
38912 0.697821
39424 0.698217
39936 0.699138
40448 0.69995
40960 0.700669
41472 0.702855
41984 0.70336
42496 0.703982
43008 0.704788
43520 0.705593
44032 0.706813
44544 0.707117
45056 0.707269
45568 0.707644
46080 0.707672
