0 0.489386
512 0.497074
1024 0.504261
1536 0.510743
2048 0.516759
2560 0.52275
3072 0.527881
3584 0.532987
4096 0.537992
4608 0.542523
5120 0.547033
5632 0.551279
6144 0.555278
6656 0.559288
7168 0.563196
7680 0.566973
8192 0.570719
8704 0.574757
9216 0.578435
9728 0.582071
10240 0.585697
10752 0.58923
11264 0.592742
11776 0.59618
12288 0.599565
12800 0.602933
13312 0.606878
13824 0.61042
14336 0.613643
14848 0.616417
15360 0.619132
15872 0.621627
16384 0.624421
16896 0.627382
17408 0.629826
17920 0.632207
18432 0.634476
18944 0.63668
19456 0.63878
19968 0.640956
20480 0.64298
20992 0.644966
21504 0.646841
22016 0.648712
22528 0.651363
23040 0.653378
23552 0.655031
24064 0.657395
24576 0.659546
25088 0.661154
25600 0.662748
26112 0.666115
26624 0.667651
27136 0.668844
27648 0.669956
28160 0.671029
28672 0.672048
29184 0.673209
29696 0.675462
30208 0.677882
30720 0.679079
31232 0.680143
31744 0.681112
32256 0.682347
32768 0.683001
33280 0.686349
33792 0.687589
34304 0.6896
34816 0.690507
35328 0.691229
35840 0.691993
36352 0.692507
36864 0.693654
37376 0.694852
37888 0.695362
38400 0.696111
38912 0.6968
39424 0.697318
39936 0.697742
40448 0.699458
40960 0.700522
41472 0.701381
41984 0.703003
42496 0.703951
43008 0.70481
43520 0.706092
44032 0.706558
44544 0.707793
45056 0.708471
45568 0.70852
46080 0.708883
46592 0.709572
47104 0.710552
47616 0.710746
