0 0.486982
512 0.494039
1024 0.501029
1536 0.507875
2048 0.513711
2560 0.519137
3072 0.524512
3584 0.529563
4096 0.534338
4608 0.539039
5120 0.544397
5632 0.549082
6144 0.553437
6656 0.558398
7168 0.563371
7680 0.568075
8192 0.572425
8704 0.576331
9216 0.580185
9728 0.583426
10240 0.586758
10752 0.589989
11264 0.593196
11776 0.596574
12288 0.599667
12800 0.602536
13312 0.606297
13824 0.610749
14336 0.615601
14848 0.618525
15360 0.621264
15872 0.62393
16384 0.626557
16896 0.629073
17408 0.631522
17920 0.633895
18432 0.636262
18944 0.638475
19456 0.641018
19968 0.643298
20480 0.645973
20992 0.647984
21504 0.649886
22016 0.652522
22528 0.654366
23040 0.656168
23552 0.658383
24064 0.660058
24576 0.661732
25088 0.663407
25600 0.665049
26112 0.66756
26624 0.669519
27136 0.670783
27648 0.672033
28160 0.674295
28672 0.675728
29184 0.67707
29696 0.679245
30208 0.681279
30720 0.682711
31232 0.685466
31744 0.687369
32256 0.689021
32768 0.690782
33280 0.691948
33792 0.693043
34304 0.694845
34816 0.695766
35328 0.696682
35840 0.697554
36352 0.698314
36864 0.6994
37376 0.700507
37888 0.70176
38400 0.702351
38912 0.702938
39424 0.70326
39936 0.704147
40448 0.704404
40960 0.704604
41472 0.705804
41984 0.70661
42496 0.708735
43008 0.709449
43520 0.709856
44032 0.710887
44544 0.711261
45056 0.712723
45568 0.713503
46080 0.714049
46592 0.714295
47104 0.714394
47616 0.714454
48128 0.714624
48640 0.714774
