0 0.497208
512 0.506441
1024 0.514117
1536 0.521394
2048 0.526707
2560 0.531737
3072 0.536578
3584 0.541163
4096 0.545701
4608 0.549749
5120 0.553751
5632 0.557717
6144 0.561363
6656 0.565839
7168 0.569231
7680 0.57251
8192 0.577431
8704 0.581012
9216 0.58436
9728 0.587396
10240 0.590294
10752 0.59307
11264 0.596683
11776 0.599291
12288 0.602621
12800 0.606023
13312 0.608572
13824 0.612345
14336 0.615021
14848 0.617292
15360 0.619714
15872 0.621941
16384 0.625679
16896 0.628218
17408 0.630435
17920 0.632639
18432 0.635043
18944 0.636984
19456 0.638783
19968 0.641246
20480 0.643213
20992 0.645737
21504 0.647639
22016 0.649412
22528 0.651016
23040 0.652833
23552 0.654323
24064 0.655695
24576 0.65701
25088 0.658368
25600 0.66009
26112 0.66147
26624 0.662653
27136 0.663706
27648 0.664747
28160 0.666221
28672 0.667871
29184 0.669931
29696 0.672152
30208 0.673273
30720 0.674246
31232 0.675019
31744 0.676979
32256 0.678846
32768 0.67963
33280 0.681103
33792 0.682685
34304 0.68362
34816 0.685026
35328 0.685732
35840 0.686885
36352 0.688642
36864 0.689567
37376 0.690218
37888 0.691076
38400 0.691606
38912 0.692119
39424 0.692631
39936 0.694548
40448 0.696185
40960 0.696641
41472 0.696919
41984 0.697433
42496 0.698188
43008 0.699722
43520 0.700879
44032 0.701644
44544 0.70209
45056 0.702127
45568 0.702746
46080 0.702841
46592 0.703846
47104 0.704584
47616 0.705038
48128 0.705204
48640 0.706169
49152 0.707227
