0 0.508429
512 0.516557
1024 0.523591
1536 0.530388
2048 0.536055
2560 0.541396
3072 0.546691
3584 0.551509
4096 0.556093
4608 0.560627
5120 0.565003
5632 0.569811
6144 0.574913
6656 0.5788
7168 0.582662
7680 0.586511
8192 0.590152
8704 0.593705
9216 0.596786
9728 0.59979
10240 0.602547
10752 0.605254
11264 0.607911
11776 0.610753
12288 0.614037
12800 0.616927
13312 0.619738
13824 0.622776
14336 0.626694
14848 0.630021
15360 0.632989
15872 0.636055
16384 0.638606
16896 0.641134
17408 0.644563
17920 0.647067
18432 0.650302
18944 0.652351
19456 0.654707
19968 0.656623
20480 0.658894
20992 0.660697
21504 0.662156
22016 0.663588
22528 0.664943
23040 0.667809
23552 0.669159
24064 0.670467
24576 0.671758
25088 0.673099
25600 0.674359
26112 0.676541
26624 0.67768
27136 0.6788
27648 0.679818
28160 0.680933
28672 0.68214
29184 0.683594
29696 0.684332
30208 0.686344
30720 0.68742
31232 0.688383
31744 0.689422
32256 0.690134
32768 0.691663
33280 0.692951
33792 0.69378
34304 0.695618
34816 0.696705
35328 0.697786
35840 0.698696
36352 0.699532
36864 0.700506
37376 0.70149
37888 0.702287
38400 0.703489
38912 0.704277
39424 0.704824
39936 0.705357
40448 0.706121
40960 0.706646
41472 0.707144
41984 0.707589
42496 0.709899
43008 0.711393
43520 0.712811
44032 0.713246
44544 0.714909
45056 0.715918
45568 0.71633
46080 0.717096
46592 0.71811
47104 0.719001
47616 0.719517
48128 0.72005
48640 0.720521
49152 0.720962
49664 0.721485
50176 0.722437
50688 0.722745
51200 0.722807
51712 0.722832
52224 0.724607
52736 0.72478
53248 0.725406
53760 0.725635
54272 0.725973
54784 0.728107
55296 0.728816
55808 0.730086
56320 0.730895
56832 0.731564
57344 0.732107
57856 0.732691
58368 0.733491
58880 0.734245
59392 0.73475
59904 0.735233
60416 0.735697
60928 0.736202
61440 0.736547
61952 0.73844
62464 0.738621
62976 0.739692
63488 0.740283
64000 0.740456
64512 0.740568
65024 0.740649
65536 0.740695
66048 0.740901
