0 0.476417
512 0.485784
1024 0.492889
1536 0.499936
2048 0.50555
2560 0.511159
3072 0.51666
3584 0.521845
4096 0.52692
4608 0.531903
5120 0.536802
5632 0.541323
6144 0.545813
6656 0.550294
7168 0.554275
7680 0.558244
8192 0.562086
8704 0.56591
9216 0.569664
9728 0.573165
10240 0.576491
10752 0.580844
11264 0.584545
11776 0.588024
12288 0.591122
12800 0.594081
13312 0.596895
13824 0.600198
14336 0.602971
14848 0.605433
15360 0.607833
15872 0.610476
16384 0.612825
16896 0.615511
17408 0.618594
17920 0.620898
18432 0.624804
18944 0.627274
19456 0.629842
19968 0.631977
20480 0.634067
20992 0.635821
21504 0.637564
22016 0.63915
22528 0.640723
23040 0.642186
23552 0.643647
24064 0.645826
24576 0.647814
25088 0.650717
25600 0.65314
26112 0.654842
26624 0.656407
27136 0.657955
27648 0.659824
28160 0.661
28672 0.663585
29184 0.665658
29696 0.667791
30208 0.668872
30720 0.669813
31232 0.670737
31744 0.671429
32256 0.673149
32768 0.675847
33280 0.676895
33792 0.678116
34304 0.679039
34816 0.679985
35328 0.680793
35840 0.68289
36352 0.683721
36864 0.685299
37376 0.687013
37888 0.688265
38400 0.689081
38912 0.690466
39424 0.691627
39936 0.693022
40448 0.693876
40960 0.694838
41472 0.695687
41984 0.696478
42496 0.698621
43008 0.699957
43520 0.701549
44032 0.702326
44544 0.703095
45056 0.703802
45568 0.70453
46080 0.705422
46592 0.707253
47104 0.708789
47616 0.710226
48128 0.711094
48640 0.711721
49152 0.71219
49664 0.712616
50176 0.713028
50688 0.713427
51200 0.713808
51712 0.714173
52224 0.714479
52736 0.714753
53248 0.715
53760 0.716171
54272 0.716356
54784 0.716536
55296 0.717924
55808 0.718382
56320 0.718626
56832 0.719267
57344 0.719657
57856 0.719836
58368 0.721103
58880 0.72198
59392 0.722382
59904 0.7229
60416 0.723847
60928 0.72426
61440 0.724461
61952 0.725557
62464 0.725707
62976 0.726726
63488 0.727302
64000 0.727829
64512 0.728856
65024 0.729524
65536 0.729917
66048 0.730103
66560 0.730571
67072 0.731147
67584 0.731319
68096 0.73144
68608 0.731868
