0 0.505556
512 0.512359
1024 0.518941
1536 0.525098
2048 0.531092
2560 0.536493
3072 0.541582
3584 0.546712
4096 0.551622
4608 0.556851
5120 0.561398
5632 0.565644
6144 0.569555
6656 0.573026
7168 0.576326
7680 0.579694
8192 0.582668
8704 0.587111
9216 0.59008
9728 0.593404
10240 0.596343
10752 0.59905
11264 0.601851
11776 0.604469
12288 0.607956
12800 0.610545
13312 0.61298
13824 0.615334
14336 0.617641
14848 0.619652
15360 0.621562
15872 0.62353
16384 0.626763
16896 0.629032
17408 0.630846
17920 0.634582
18432 0.636865
18944 0.639151
19456 0.641372
19968 0.643392
20480 0.645258
20992 0.646873
21504 0.648488
22016 0.649995
22528 0.651408
23040 0.652805
23552 0.655167
24064 0.656998
24576 0.658651
25088 0.6605
25600 0.662439
26112 0.663789
26624 0.665048
27136 0.667323
27648 0.669192
28160 0.671196
28672 0.672264
29184 0.674368
29696 0.675465
30208 0.678007
30720 0.679174
31232 0.680256
31744 0.681091
32256 0.681796
32768 0.682472
33280 0.683154
33792 0.685391
34304 0.687252
34816 0.687917
35328 0.688497
35840 0.689431
36352 0.689984
36864 0.690533
37376 0.691028
37888 0.691683
38400 0.692075
38912 0.692464
39424 0.692786
39936 0.693033
40448 0.69401
40960 0.694257
41472 0.695122
41984 0.696144
42496 0.696741
43008 0.697152
43520 0.697508
44032 0.69796
44544 0.698288
45056 0.698642
45568 0.699152
46080 0.699852
46592 0.700358
47104 0.701361
47616 0.702749
48128 0.70363
48640 0.704065
49152 0.704628
49664 0.704963
50176 0.706136
50688 0.706641
51200 0.707429
51712 0.708105
52224 0.708657
52736 0.710369
53248 0.711615
53760 0.712103
54272 0.712604
54784 0.713031
55296 0.713168
55808 0.713853
56320 0.714318
56832 0.716145
57344 0.716775
57856 0.717967
58368 0.718098
58880 0.718311
59392 0.718438
