0 0.505101
512 0.512619
1024 0.518728
1536 0.524601
2048 0.530146
2560 0.535583
3072 0.540974
3584 0.546117
4096 0.550903
4608 0.555617
5120 0.560164
5632 0.564672
6144 0.56885
6656 0.572852
7168 0.576525
7680 0.580192
8192 0.583774
8704 0.587342
9216 0.590415
9728 0.593274
10240 0.597223
10752 0.600471
11264 0.603204
11776 0.605829
12288 0.608404
12800 0.610944
13312 0.613441
13824 0.615882
14336 0.619018
14848 0.621792
15360 0.624483
15872 0.626894
16384 0.629347
16896 0.632217
17408 0.635918
17920 0.638319
18432 0.640433
18944 0.642359
19456 0.644352
19968 0.646275
20480 0.648253
20992 0.650335
21504 0.652121
22016 0.653763
22528 0.655397
23040 0.656939
23552 0.658442
24064 0.660032
24576 0.66164
25088 0.662759
25600 0.665023
26112 0.667271
26624 0.668303
27136 0.669308
27648 0.671023
28160 0.672123
28672 0.67347
29184 0.67578
29696 0.676964
30208 0.678863
30720 0.680112
31232 0.681256
31744 0.682396
32256 0.683462
32768 0.684415
33280 0.685344
33792 0.686176
34304 0.687813
34816 0.688687
35328 0.690313
35840 0.69189
36352 0.692978
36864 0.694145
37376 0.695093
37888 0.696658
38400 0.69751
38912 0.698284
39424 0.699
39936 0.700312
40448 0.701668
40960 0.702309
41472 0.703605
41984 0.704632
42496 0.704946
43008 0.705356
43520 0.706917
44032 0.70722
44544 0.707785
45056 0.708232
45568 0.709378
46080 0.709918
46592 0.711134
47104 0.712134
47616 0.712632
48128 0.713232
48640 0.713471
49152 0.713644
49664 0.713812
50176 0.71572
50688 0.716227
51200 0.716632
51712 0.718599
52224 0.718832
52736 0.719031
53248 0.719397
53760 0.720057
54272 0.720336
54784 0.721135
55296 0.721307
55808 0.72164
56320 0.722475
56832 0.723
57344 0.723479
57856 0.72388
58368 0.72447
58880 0.724803
59392 0.725732
59904 0.725833
60416 0.725926
60928 0.72647
61440 0.726858
61952 0.726871
62464 0.728197
62976 0.728794
63488 0.729898
64000 0.730051
64512 0.730132
