0 0.462054
512 0.468705
1024 0.47508
1536 0.481597
2048 0.488398
2560 0.494771
3072 0.500528
3584 0.50577
4096 0.51101
4608 0.516115
5120 0.521226
5632 0.526218
6144 0.531148
6656 0.536066
7168 0.541517
7680 0.546221
8192 0.550441
8704 0.554659
9216 0.5588
9728 0.562931
10240 0.567042
10752 0.570943
11264 0.574759
11776 0.580353
12288 0.584472
12800 0.588226
13312 0.591736
13824 0.594932
14336 0.597916
14848 0.6008
15360 0.603604
15872 0.606027
16384 0.608437
16896 0.61078
17408 0.613545
17920 0.615868
18432 0.617949
18944 0.620622
19456 0.623555
19968 0.626008
20480 0.628425
20992 0.630391
21504 0.63254
22016 0.63447
22528 0.636095
23040 0.637678
23552 0.639223
24064 0.640945
24576 0.642231
25088 0.644443
25600 0.645722
26112 0.64732
26624 0.648599
27136 0.649778
27648 0.651122
28160 0.653119
28672 0.654507
29184 0.656111
29696 0.657269
30208 0.658605
30720 0.659707
31232 0.661467
31744 0.662542
32256 0.663758
32768 0.664818
33280 0.665779
33792 0.667229
34304 0.668911
34816 0.669781
35328 0.670749
35840 0.672235
36352 0.673704
36864 0.67497
37376 0.675864
37888 0.676622
38400 0.678388
38912 0.679912
39424 0.681172
39936 0.682584
40448 0.684186
40960 0.685406
41472 0.686617
41984 0.687749
42496 0.688761
43008 0.68997
43520 0.690755
44032 0.692493
44544 0.693044
45056 0.694253
45568 0.695057
46080 0.696423
46592 0.697309
47104 0.697799
47616 0.69818
48128 0.698491
48640 0.699687
49152 0.700747
49664 0.701674
50176 0.702483
50688 0.703021
51200 0.70333
51712 0.705045
52224 0.706213
52736 0.707421
53248 0.708135
53760 0.708458
54272 0.709366
54784 0.710108
55296 0.710809
55808 0.711158
56320 0.711406
56832 0.7121
57344 0.713126
57856 0.713537
58368 0.713772
58880 0.713776
59392 0.715062
59904 0.715503
60416 0.715873
