0 0.493197
512 0.500489
1024 0.50751
1536 0.51368
2048 0.519239
2560 0.524605
3072 0.529917
3584 0.534819
4096 0.539617
4608 0.544187
5120 0.548534
5632 0.552825
6144 0.557047
6656 0.561211
7168 0.566472
7680 0.570428
8192 0.574991
8704 0.578884
9216 0.58257
9728 0.586067
10240 0.589395
10752 0.59348
11264 0.596524
11776 0.599496
12288 0.602234
12800 0.604676
13312 0.607065
13824 0.609502
14336 0.611805
14848 0.614787
15360 0.617145
15872 0.619727
16384 0.622219
16896 0.624513
17408 0.626754
17920 0.629003
18432 0.631003
18944 0.632974
19456 0.636827
19968 0.639551
20480 0.641514
20992 0.644035
21504 0.646349
22016 0.648278
22528 0.650397
23040 0.652182
23552 0.653836
24064 0.656701
24576 0.658352
25088 0.659969
25600 0.66152
26112 0.66303
26624 0.665479
27136 0.66682
27648 0.668435
28160 0.669729
28672 0.670977
29184 0.672301
29696 0.673667
30208 0.675088
30720 0.676278
31232 0.67776
31744 0.679001
32256 0.680058
32768 0.681032
33280 0.681888
33792 0.682655
34304 0.683284
34816 0.683896
35328 0.685097
35840 0.685968
36352 0.686691
36864 0.687798
37376 0.688367
37888 0.688909
38400 0.689353
38912 0.690527
39424 0.6911
39936 0.691535
40448 0.691955
40960 0.692354
41472 0.693258
41984 0.694144
42496 0.694457
43008 0.695237
43520 0.695366
44032 0.695527
44544 0.695877
45056 0.697523
45568 0.69841
46080 0.698488
46592 0.698818
47104 0.699568
47616 0.700161
48128 0.70078
48640 0.701556
49152 0.702339
49664 0.702818
50176 0.703146
50688 0.70338
51200 0.703636
51712 0.703869
52224 0.704347
52736 0.704841
53248 0.705777
53760 0.707054
54272 0.707465
54784 0.707533
55296 0.707657
55808 0.709671
56320 0.710795
56832 0.711162
57344 0.712227
57856 0.713225
58368 0.713564
58880 0.713805
59392 0.714782
59904 0.715533
60416 0.715664
