0 0.48534
512 0.492899
1024 0.499976
1536 0.507019
2048 0.51362
2560 0.519932
3072 0.52587
3584 0.531537
4096 0.537112
4608 0.542622
5120 0.547841
5632 0.552594
6144 0.557057
6656 0.561341
7168 0.565354
7680 0.569211
8192 0.573
8704 0.576723
9216 0.58035
9728 0.583899
10240 0.587417
10752 0.590799
11264 0.594089
11776 0.597183
12288 0.60027
12800 0.603466
13312 0.606504
13824 0.609792
14336 0.612825
14848 0.615605
15360 0.618594
15872 0.621203
16384 0.623716
16896 0.626154
17408 0.629329
17920 0.631706
18432 0.633835
18944 0.63596
19456 0.638055
19968 0.640113
20480 0.642163
20992 0.644131
21504 0.646086
22016 0.647855
22528 0.649734
23040 0.651469
23552 0.653036
24064 0.654582
24576 0.656865
25088 0.658322
25600 0.659563
26112 0.660649
26624 0.662546
27136 0.663503
27648 0.664867
28160 0.665803
28672 0.666701
29184 0.669036
29696 0.670461
30208 0.671765
30720 0.673057
31232 0.673878
31744 0.674609
32256 0.675404
32768 0.67605
33280 0.676686
33792 0.6783
34304 0.679129
34816 0.680863
35328 0.682324
35840 0.683282
36352 0.68391
36864 0.684505
37376 0.686799
37888 0.68819
38400 0.688815
38912 0.689321
39424 0.689827
39936 0.691222
40448 0.692729
40960 0.69323
41472 0.694466
41984 0.695305
42496 0.695932
43008 0.696361
43520 0.696708
44032 0.696957
44544 0.697248
45056 0.697678
45568 0.698749
46080 0.698897
46592 0.699498
47104 0.699642
47616 0.69976
