0 0.503792
512 0.511396
1024 0.517903
1536 0.524061
2048 0.529543
2560 0.534658
3072 0.539506
3584 0.544265
4096 0.548778
4608 0.552654
5120 0.556414
5632 0.560273
6144 0.564114
6656 0.567724
7168 0.572267
7680 0.576666
8192 0.580271
8704 0.583707
9216 0.587012
9728 0.590267
10240 0.593444
10752 0.597036
11264 0.59957
11776 0.601939
12288 0.604295
12800 0.606565
13312 0.609146
13824 0.611358
14336 0.61401
14848 0.616215
15360 0.618407
15872 0.62048
16384 0.622538
16896 0.625237
17408 0.627292
17920 0.629339
18432 0.63216
18944 0.634487
19456 0.636508
19968 0.638504
20480 0.640266
20992 0.641897
21504 0.643513
22016 0.64511
22528 0.646624
23040 0.648125
23552 0.649617
24064 0.651207
24576 0.652678
25088 0.654122
25600 0.65556
26112 0.656956
26624 0.659508
27136 0.660851
27648 0.662135
28160 0.663353
28672 0.664439
29184 0.665767
29696 0.666812
30208 0.668669
30720 0.669703
31232 0.670698
31744 0.67158
32256 0.67237
32768 0.67457
33280 0.676266
33792 0.678002
34304 0.679366
34816 0.681198
35328 0.682558
35840 0.684084
36352 0.685126
36864 0.686898
37376 0.687708
37888 0.688439
38400 0.689704
38912 0.691417
39424 0.692838
39936 0.694461
40448 0.696804
40960 0.698163
41472 0.698823
41984 0.700299
42496 0.700769
43008 0.70117
43520 0.701578
44032 0.701909
44544 0.702859
45056 0.704027
45568 0.704748
46080 0.705068
46592 0.705461
47104 0.706271
47616 0.706711
48128 0.708079
48640 0.708912
49152 0.709316
49664 0.709538
50176 0.709692
50688 0.710551
51200 0.711318
51712 0.712327
52224 0.712453
52736 0.712763
53248 0.712874
53760 0.712953
54272 0.71342
54784 0.713707
