0 0.47983
512 0.487149
1024 0.493389
1536 0.499527
2048 0.505281
2560 0.510938
3072 0.51638
3584 0.521717
4096 0.527015
4608 0.532094
5120 0.537102
5632 0.54203
6144 0.546742
6656 0.551401
7168 0.555947
7680 0.560461
8192 0.564788
8704 0.568592
9216 0.57237
9728 0.576142
10240 0.579684
10752 0.583159
11264 0.587827
11776 0.592941
12288 0.596742
12800 0.60016
13312 0.603539
13824 0.60677
14336 0.6097
14848 0.61263
15360 0.616496
15872 0.619046
16384 0.621726
16896 0.624186
17408 0.626647
17920 0.629067
18432 0.631443
18944 0.63337
19456 0.6354
19968 0.638136
20480 0.640636
20992 0.642685
21504 0.644505
22016 0.647131
22528 0.649721
23040 0.651677
23552 0.653591
24064 0.655335
24576 0.657013
25088 0.658647
25600 0.660251
26112 0.661596
26624 0.663424
27136 0.664455
27648 0.665766
28160 0.668005
28672 0.669515
29184 0.670984
29696 0.671961
30208 0.672883
30720 0.673873
31232 0.674741
31744 0.675536
32256 0.676465
32768 0.677466
33280 0.678648
33792 0.679833
34304 0.680605
34816 0.68234
35328 0.683383
35840 0.684035
36352 0.684621
36864 0.685408
37376 0.686445
37888 0.68729
38400 0.688799
38912 0.690145
39424 0.690751
39936 0.69167
40448 0.691996
40960 0.69255
41472 0.693615
41984 0.695907
42496 0.697504
43008 0.698488
43520 0.6998
44032 0.700761
44544 0.701685
45056 0.702426
45568 0.703037
46080 0.703501
46592 0.704906
47104 0.706304
47616 0.707829
48128 0.708386
48640 0.708737
49152 0.709084
49664 0.710377
50176 0.71066
50688 0.710977
51200 0.711243
51712 0.71158
52224 0.712386
52736 0.712635
53248 0.712876
53760 0.713073
54272 0.713691
54784 0.714372
55296 0.714628
55808 0.714853
56320 0.7161
56832 0.716656
57344 0.717011
57856 0.717846
58368 0.718677
58880 0.720233
59392 0.720551
59904 0.721024
60416 0.722361
60928 0.722572
61440 0.723486
61952 0.723697
62464 0.724862
62976 0.725485
63488 0.725991
64000 0.726141
64512 0.726154
65024 0.726593
65536 0.726617
