0 0.516525
512 0.524695
1024 0.531951
1536 0.537912
2048 0.543688
2560 0.549762
3072 0.555287
3584 0.560587
4096 0.565836
4608 0.57065
5120 0.57516
5632 0.579517
6144 0.58358
6656 0.58755
7168 0.591461
7680 0.595268
8192 0.599041
8704 0.602511
9216 0.605486
9728 0.608675
10240 0.611965
10752 0.614751
11264 0.617509
11776 0.620231
12288 0.622951
12800 0.625503
13312 0.628336
13824 0.632567
14336 0.635312
14848 0.638408
15360 0.640835
15872 0.643003
16384 0.644997
16896 0.647269
17408 0.649679
17920 0.651828
18432 0.653779
18944 0.655727
19456 0.657281
19968 0.658834
20480 0.662275
20992 0.663725
21504 0.666586
22016 0.66789
22528 0.669081
23040 0.670214
23552 0.672303
24064 0.673911
24576 0.674882
25088 0.676064
25600 0.676907
26112 0.678283
26624 0.678803
27136 0.679532
27648 0.681071
28160 0.681773
28672 0.683158
29184 0.684872
29696 0.685896
30208 0.688074
30720 0.688975
31232 0.689764
31744 0.691406
32256 0.692516
32768 0.694846
33280 0.695801
33792 0.696768
34304 0.697551
34816 0.698161
35328 0.700261
35840 0.701869
36352 0.703022
36864 0.704205
37376 0.70465
37888 0.705036
38400 0.705437
38912 0.70705
39424 0.707584
39936 0.708305
40448 0.709688
40960 0.710616
41472 0.71085
41984 0.711191
42496 0.711316
43008 0.711722
43520 0.711848
44032 0.712119
44544 0.7124
45056 0.712719
45568 0.712803
46080 0.713768
46592 0.714371
47104 0.715039
47616 0.715536
48128 0.71588
