0 0.512151
512 0.519742
1024 0.526396
1536 0.53271
2048 0.538644
2560 0.543901
3072 0.549127
3584 0.554331
4096 0.559383
4608 0.564254
5120 0.569996
5632 0.574624
6144 0.579
6656 0.583304
7168 0.587435
7680 0.591215
8192 0.594867
8704 0.598596
9216 0.602312
9728 0.605829
10240 0.609232
10752 0.612483
11264 0.61573
11776 0.619421
12288 0.622535
12800 0.625599
13312 0.628605
13824 0.631698
14336 0.634945
14848 0.637716
15360 0.640343
15872 0.642968
16384 0.645586
16896 0.647949
17408 0.650405
17920 0.652738
18432 0.654825
18944 0.656856
19456 0.659048
19968 0.661799
20480 0.663805
20992 0.665748
21504 0.667786
22016 0.67027
22528 0.672155
23040 0.673968
23552 0.675684
24064 0.678112
24576 0.679803
25088 0.681375
25600 0.682759
26112 0.684028
26624 0.685166
27136 0.686297
27648 0.687293
28160 0.689167
28672 0.691283
29184 0.692086
29696 0.693841
30208 0.694751
30720 0.696755
31232 0.699162
31744 0.700227
32256 0.701001
32768 0.702443
33280 0.703397
33792 0.704295
34304 0.705215
34816 0.705832
35328 0.706413
35840 0.708037
36352 0.708444
36864 0.709462
37376 0.71052
37888 0.711572
38400 0.712496
38912 0.713525
39424 0.713987
39936 0.714434
40448 0.715481
40960 0.715771
41472 0.716049
41984 0.716349
42496 0.716621
43008 0.716844
43520 0.717018
44032 0.717178
44544 0.717504
45056 0.718313
45568 0.718361
46080 0.719019
46592 0.719396
47104 0.720916
47616 0.721252
48128 0.72129
48640 0.721614
49152 0.722122
49664 0.722344
50176 0.722794
50688 0.723053
51200 0.723298
51712 0.723973
52224 0.723993
52736 0.72615
53248 0.72714
53760 0.727505
54272 0.727964
