0 0.497037
512 0.504268
1024 0.511209
1536 0.517293
2048 0.523622
2560 0.529129
3072 0.534558
3584 0.539908
4096 0.545073
4608 0.550236
5120 0.555399
5632 0.560416
6144 0.565016
6656 0.569323
7168 0.573729
7680 0.578783
8192 0.582959
8704 0.586939
9216 0.59072
9728 0.594092
10240 0.5981
10752 0.601209
11264 0.604121
11776 0.607093
12288 0.610001
12800 0.612615
13312 0.615147
13824 0.617608
14336 0.619987
14848 0.622283
15360 0.624768
15872 0.626984
16384 0.629369
16896 0.631441
17408 0.63342
17920 0.635167
18432 0.637573
18944 0.63927
19456 0.641965
19968 0.6436
20480 0.645638
20992 0.647608
21504 0.650104
22016 0.652913
22528 0.654806
23040 0.65633
23552 0.658919
24064 0.660886
24576 0.66235
25088 0.663791
25600 0.665225
26112 0.666684
26624 0.667936
27136 0.670197
27648 0.672663
28160 0.674949
28672 0.67723
29184 0.678494
29696 0.679589
30208 0.68052
30720 0.681441
31232 0.683137
31744 0.684206
32256 0.68541
32768 0.68651
33280 0.687517
33792 0.689576
34304 0.691087
34816 0.692369
35328 0.69467
35840 0.695472
36352 0.696105
36864 0.69673
37376 0.697618
37888 0.698557
38400 0.698974
38912 0.699372
39424 0.699781
39936 0.699969
40448 0.700148
40960 0.700317
41472 0.700357
41984 0.700456
42496 0.700484
43008 0.700495
43520 0.701756
44032 0.70194
44544 0.703187
45056 0.703565
