1 0.49462373
2 0.49573313
3 0.49693044
4 0.49821184
5 0.49921677
6 0.50045967
7 0.50126863
8 0.50247013
9 0.50372405
10 0.50479284
11 0.50591257
12 0.50702498
13 0.50798192
14 0.50900654
15 0.50988087
16 0.51092091
17 0.5120124
18 0.51296227
19 0.5140432
20 0.51484654
21 0.51568837
22 0.51657103
23 0.51723901
24 0.51804975
25 0.51884021
26 0.5196833
27 0.52087991
28 0.52175156
29 0.52264432
30 0.52339893
31 0.52433766
32 0.52516122
33 0.52588641
34 0.52682413
35 0.52768708
36 0.52861711
37 0.52930493
38 0.53010612
39 0.53087133
40 0.5315152
41 0.53222931
42 0.53285406
43 0.53364689
44 0.53447135
45 0.5354506
46 0.53619555
47 0.53704346
48 0.53796362
49 0.53874257
50 0.53965913
51 0.54022335
52 0.54086458
53 0.54162926
54 0.54229303
55 0.54300054
56 0.54372307
57 0.54455564
58 0.54500108
59 0.54566079
60 0.54651053
61 0.54715474
62 0.54783281
63 0.54845913
64 0.54927733
65 0.54970581
66 0.55024822
67 0.55100581
68 0.55158809
69 0.55245566
70 0.5528979
71 0.55359963
72 0.55419425
73 0.55489428
74 0.55534097
75 0.55604758
76 0.55670796
77 0.55732928
78 0.55790713
79 0.55888553
80 0.55944138
81 0.56005476
82 0.56051731
83 0.56086857
84 0.56142817
85 0.56199985
86 0.56270993
87 0.56325069
88 0.56378695
89 0.56427712
90 0.56466561
91 0.56505433
92 0.56573374
93 0.56638307
94 0.56671331
95 0.56720928
96 0.56789214
97 0.5687217
98 0.5695226
99 0.56988313
100 0.57052787
101 0.57123762
102 0.57180279
103 0.57244002
104 0.57295897
105 0.57346368
106 0.57415427
107 0.57464779
108 0.57516265
109 0.57543829
110 0.57606109
111 0.5766578
112 0.57721104
113 0.57757142
114 0.57785844
115 0.57823201
116 0.57875854
117 0.57930875
118 0.57981821
119 0.58015969
120 0.58074398
121 0.58120542
122 0.58175341
123 0.58226883
124 0.58270877
125 0.58323492
126 0.58386093
127 0.58420463
128 0.58464152
129 0.58520242
130 0.58569046
131 0.58599273
132 0.5866072
133 0.58711638
134 0.58757937
135 0.5880099
136 0.58844178
137 0.58890068
138 0.58918736
139 0.58958915
140 0.59001635
141 0.59038272
142 0.59067448
143 0.591167
144 0.59149001
145 0.59185179
146 0.59223267
147 0.59272226
148 0.59307245
149 0.59353606
150 0.59414343
151 0.59473177
152 0.59522201
153 0.59584288
154 0.59637309
155 0.59669339
156 0.59727482
157 0.59764404
158 0.598016
159 0.59871086
160 0.5990904
161 0.599595
162 0.59984925
163 0.60029895
164 0.6006907
165 0.60104792
166 0.60142633
167 0.60172477
168 0.60214444
169 0.60257964
170 0.60280751
171 0.60338498
172 0.60376368
173 0.60423108
174 0.60454928
175 0.60494232
176 0.60526752
177 0.60552561
178 0.60568813
179 0.6061214
180 0.60641384
181 0.60679299
182 0.60720647
183 0.60769345
184 0.60805578
185 0.60836309
186 0.60864256
187 0.60896754
188 0.60941903
189 0.60981228
190 0.61020835
191 0.61052818
192 0.61088111
193 0.61135922
194 0.61166786
195 0.6120569
196 0.61251852
197 0.61298894
198 0.61337205
199 0.61370747
200 0.61398953
201 0.61450532
202 0.61478976
203 0.6152092
204 0.61552455
205 0.61588839
206 0.61628826
207 0.61649414
208 0.61680106
209 0.61699788
210 0.61731503
211 0.61759675
212 0.61792206
213 0.6183953
214 0.61867174
215 0.61892094
216 0.61908725
217 0.61943552
218 0.61970501
219 0.61988059
220 0.62022253
221 0.62044297
222 0.62063215
223 0.62087678
224 0.62104224
225 0.62130781
226 0.6215681
227 0.62174915
228 0.62207211
229 0.62230971
230 0.62248627
231 0.62280722
232 0.62298525
233 0.62335786
234 0.6236238
235 0.62396575
236 0.62423806
237 0.62446089
238 0.62479188
239 0.62516333
240 0.62546197
241 0.6257888
242 0.62616443
243 0.62635834
244 0.62661355
245 0.62678985
246 0.62704641
247 0.6272778
248 0.62758336
249 0.62797115
250 0.62822066
251 0.62842821
252 0.62870079
253 0.6289882
254 0.62911019
255 0.62948857
256 0.62979599
257 0.63011752
258 0.63027956
259 0.63049488
260 0.63063097
261 0.63087181
262 0.63103783
263 0.63132135
264 0.63161744
265 0.63180096
266 0.63200286
267 0.63226123
268 0.63252826
269 0.63286379
270 0.63306236
271 0.63341647
272 0.63364547
273 0.63399751
274 0.63427756
275 0.63455951
276 0.63481769
277 0.63502011
278 0.63547068
279 0.63562865
280 0.63585937
281 0.63600657
282 0.63639047
283 0.63667973
284 0.63710888
285 0.63735179
286 0.63761918
287 0.63772879
288 0.63784136
289 0.63800099
290 0.63830043
291 0.63855472
292 0.63870729
293 0.63885193
294 0.63900671
295 0.63907794
296 0.63927451
297 0.63939496
298 0.6396157
299 0.63971725
300 0.63993557
301 0.64019647
302 0.64046124
303 0.64068266
304 0.64087647
305 0.64109461
306 0.64135445
307 0.64164965
308 0.64193504
309 0.64215915
310 0.64240975
311 0.64269188
312 0.64295859
313 0.64313643
314 0.64331442
315 0.64356229
316 0.64392742
317 0.64406406
318 0.64423485
319 0.6443851
320 0.64457976
321 0.64476028
322 0.64502782
323 0.64518839
324 0.64534453
325 0.64547254
326 0.64570415
327 0.64589703
328 0.64617712
329 0.6464428
330 0.64661425
331 0.6468959
332 0.64705875
333 0.64717355
334 0.647446
335 0.64767015
336 0.64792241
337 0.64815391
338 0.64838023
339 0.64878696
340 0.64892616
341 0.64911072
342 0.64923301
343 0.64928954
344 0.6494433
345 0.64961734
346 0.64982879
347 0.64996245
348 0.65028259
349 0.65035035
350 0.65044003
351 0.65054987
352 0.65071552
353 0.65092063
354 0.65102223
355 0.65118799
356 0.65129352
357 0.65146382
358 0.65158537
359 0.65187881
360 0.6520533
361 0.65233461
362 0.65248257
363 0.65258137
364 0.6528007
365 0.65300305
366 0.65306696
367 0.65308275
368 0.65325378
369 0.65338987
370 0.65359475
371 0.65366519
372 0.65385895
373 0.65404972
374 0.65411304
375 0.65432034
376 0.65438984
377 0.65455104
378 0.65474373
379 0.65495838
380 0.65515142
381 0.65541534
382 0.65553712
383 0.65574515
384 0.65596633
385 0.6561228
386 0.65639938
387 0.65659463
388 0.65666366
389 0.65682148
390 0.65699517
391 0.65712042
392 0.6573383
393 0.65744497
394 0.65757781
395 0.65768983
396 0.65786835
397 0.65789639
398 0.65795892
399 0.65807613
400 0.65816984
401 0.65821584
402 0.65846565
403 0.6586932
404 0.65881606
405 0.65900289
406 0.65926073
407 0.6593457
408 0.65951751
409 0.6596369
410 0.65981681
411 0.66001967
412 0.66018287
413 0.6603713
414 0.66050423
415 0.66076817
416 0.66084987
417 0.66102501
418 0.66135865
419 0.66150619
420 0.66160662
421 0.66184429
422 0.66199875
423 0.66209543
424 0.66231738
425 0.66235643
426 0.66259616
427 0.66275548
428 0.66282206
429 0.66294466
430 0.66300856
431 0.66317349
432 0.66335109
433 0.66351288
434 0.66366212
435 0.66376258
436 0.66394075
437 0.66406957
438 0.66423459
439 0.66437069
440 0.66446275
441 0.66452281
442 0.66475396
443 0.6648389
444 0.6651028
445 0.66529636
446 0.66539192
447 0.66554949
448 0.66565865
449 0.665796
450 0.66588781
451 0.66591466
452 0.66597444
453 0.66607117
454 0.66619728
455 0.66631559
456 0.66640503
457 0.6665053
458 0.6665995
459 0.66668083
460 0.66688322
461 0.66698657
462 0.66720792
463 0.6673542
464 0.66739514
465 0.66747035
466 0.66767441
467 0.66785496
468 0.66802751
469 0.66806344
470 0.66825728
471 0.66835892
472 0.66848222
473 0.668672
474 0.66872323
475 0.66881866
476 0.66890581
477 0.66906283
478 0.66915458
479 0.66923321
480 0.66934523
481 0.66953267
482 0.6695723
483 0.6696861
484 0.66983524
485 0.66993057
486 0.66998633
487 0.67007174
488 0.6701901
489 0.67029723
490 0.67055213
491 0.67069872
492 0.67073821
493 0.67077498
494 0.67091862
495 0.67102415
496 0.67108815
497 0.67122277
498 0.67150425
499 0.67159365
500 0.67167521
501 0.67174971
502 0.67187165
503 0.67193681
504 0.67203749
505 0.67214445
506 0.67226555
507 0.67237566
508 0.67243895
509 0.67258153
510 0.67261481
511 0.67264336
512 0.67280758
513 0.67288347
514 0.67295729
515 0.67301876
516 0.67306852
517 0.67310107
518 0.67317902
519 0.6733141
520 0.67339948
521 0.67351844
522 0.67368541
523 0.67377363
524 0.67382004
525 0.6738833
526 0.67392945
527 0.67398988
528 0.67413389
529 0.67418095
530 0.67427604
531 0.67434546
532 0.67436619
533 0.67444157
534 0.67453044
535 0.67461021
536 0.67465039
537 0.67470684
538 0.67483645
539 0.67490551
540 0.67504165
541 0.67513135
542 0.67520269
543 0.67522743
544 0.67535528
545 0.67543972
546 0.67549185
547 0.67563153
548 0.67569927
549 0.67578331
550 0.67598323
551 0.67607533
552 0.67615956
553 0.67622067
554 0.67636359
555 0.67645987
556 0.67652839
557 0.67659094
558 0.67669664
559 0.67671744
560 0.67677582
561 0.6768319
562 0.67687099
563 0.6768915
564 0.67698573
565 0.67702967
566 0.67714881
567 0.67728425
568 0.67734659
569 0.67748337
570 0.67751703
571 0.67763872
572 0.67769381
573 0.67785416
574 0.67798621
575 0.67802143
576 0.67812349
577 0.67830894
578 0.67835934
579 0.67845651
580 0.67855283
581 0.67864607
582 0.67867666
583 0.67871794
584 0.6788049
585 0.67893196
586 0.67903902
587 0.67906802
588 0.67921345
589 0.67933326
590 0.67937447
591 0.67941694
592 0.67948291
593 0.67955743
594 0.67956768
595 0.67959149
596 0.67964684
597 0.6798023
598 0.67989131
599 0.67991587
600 0.67993058
601 0.68000764
602 0.68007051
603 0.6801426
604 0.68021358
605 0.68030732
606 0.68039542
607 0.6804518
608 0.6805167
609 0.68062649
610 0.6806979
611 0.6807453
612 0.68076799
613 0.68086915
614 0.68108145
615 0.68118123
616 0.6812339
617 0.68129962
618 0.68130254
619 0.68136288
620 0.68145262
621 0.68150226
622 0.68159505
623 0.68177691
624 0.6819229
625 0.68199198
626 0.68213952
627 0.68219895
628 0.68224668
629 0.68237835
630 0.68242788
631 0.68253658
632 0.68255688
633 0.68259495
634 0.68264631
635 0.68268495
636 0.68270071
637 0.68274825
638 0.68284665
639 0.68288528
640 0.68294226
641 0.68299812
642 0.68309603
643 0.68313546
644 0.68318423
645 0.68323834
646 0.6832617
647 0.68334718
648 0.68341525
649 0.68356747
650 0.68359413
651 0.68363772
652 0.68368775
653 0.68374868
654 0.68390725
655 0.68392191
656 0.68392813
657 0.68399369
658 0.68407861
659 0.68413863
660 0.68426147
661 0.68431959
662 0.68438417
663 0.68440763
664 0.684496
665 0.68453391
666 0.68459978
667 0.68463337
668 0.68468145
669 0.68480198
670 0.68487738
671 0.68493373
672 0.68498979
673 0.68509127
674 0.68512476
675 0.68519691
676 0.68526241
677 0.68535699
678 0.68552921
679 0.68553415
680 0.68561268
681 0.68570146
682 0.68572091
683 0.68578275
684 0.68583292
685 0.68591766
686 0.6859846
687 0.6860374
688 0.686091
689 0.68613722
690 0.68615656
691 0.6862096
692 0.68628437
693 0.68639214
694 0.68643654
695 0.6864434
696 0.6866099
697 0.68666415
698 0.68679872
699 0.68681322
700 0.68691211
701 0.68699364
702 0.68706651
703 0.68713128
704 0.68715515
705 0.68720989
706 0.68723065
707 0.68732754
708 0.68745435
709 0.68750211
710 0.68756211
711 0.68760676
713 0.68771358
714 0.68780168
715 0.6878716
716 0.68806187
717 0.68812982
718 0.6881572
719 0.6881979
720 0.68821936
721 0.68834484
722 0.68842017
723 0.68850056
724 0.68854319
725 0.68856524
726 0.68857614
727 0.68859864
728 0.68862291
729 0.68866817
730 0.68874332
731 0.68877072
732 0.68879568
733 0.68888037
734 0.68905107
735 0.68909864
736 0.68915472
737 0.68920084
738 0.68928693
739 0.68932853
740 0.68937515
741 0.68940434
742 0.68941047
743 0.6894255
744 0.68950043
745 0.68955134
746 0.68965118
747 0.68967016
748 0.6897387
749 0.68979859
750 0.68986989
751 0.68988143
752 0.68998679
753 0.69002537
754 0.69004555
755 0.69009141
756 0.69019505
757 0.69022782
758 0.69030412
759 0.69037645
760 0.69041746
761 0.690492
762 0.69055172
763 0.69056154
764 0.69057706
765 0.6906693
766 0.69072961
767 0.69079367
768 0.69081644
770 0.69083258
771 0.6908654
772 0.69088096
773 0.69089143
774 0.69090537
775 0.69094444
776 0.69100603
779 0.69104062
780 0.69110049
781 0.69123118
782 0.69129986
783 0.69137156
784 0.69143114
786 0.69151161
787 0.69157242
788 0.69162536
789 0.691652
791 0.69175123
792 0.69180316
793 0.69180619
795 0.69185412
796 0.69185933
797 0.69188151
798 0.69194177
799 0.69211554
800 0.6922276
801 0.69230018
802 0.69241149
804 0.69246898
805 0.69251776
806 0.69254005
807 0.69258864
808 0.69259832
809 0.69262317
810 0.69266731
812 0.69272457
813 0.69274348
815 0.69278588
816 0.6927973
817 0.69279824
818 0.69286396
819 0.69290786
820 0.69297874
821 0.69308037
822 0.69313717
823 0.69316013
824 0.69316181
825 0.6931927
826 0.69322359
827 0.69324067
828 0.69326618
829 0.69331365
830 0.69334671
831 0.69335048
832 0.6934145
833 0.69348149
834 0.69353235
835 0.69358699
836 0.69362356
837 0.6937462
839 0.69389933
840 0.69391132
841 0.69395034
842 0.69399166
843 0.69406546
844 0.6940749
845 0.69408861
846 0.69412655
847 0.6941732
848 0.6942688
849 0.69433623
850 0.69435345
851 0.69440178
852 0.69442547
853 0.69444517
854 0.69445446
855 0.69451812
856 0.69459992
857 0.69464034
858 0.69464786
859 0.69466224
860 0.6947103
862 0.69473153
864 0.69480384
865 0.69481504
867 0.69482566
868 0.69491369
869 0.69495104
870 0.69500236
871 0.695007
872 0.69500942
873 0.69510992
874 0.69514966
875 0.69519401
876 0.69523669
877 0.69523994
878 0.69527584
879 0.69530298
880 0.69544622
881 0.69549948
882 0.69557646
883 0.69561553
884 0.69566327
887 0.69569518
888 0.69575143
889 0.69578612
890 0.69586094
891 0.6958674
892 0.69591341
893 0.69594939
894 0.69597772
895 0.69604558
896 0.69607187
897 0.69615822
898 0.69618871
899 0.69619722
900 0.69625689
901 0.69631785
902 0.69636337
903 0.69641102
904 0.69647535
905 0.69647673
906 0.69650812
908 0.69651899
909 0.69652164
910 0.69657644
911 0.69662818
912 0.6966747
913 0.69669279
914 0.696752
915 0.69680587
916 0.69687572
917 0.69692277
918 0.69694619
919 0.69702212
920 0.69703588
921 0.69706739
922 0.69715145
923 0.69716292
924 0.69717646
925 0.69721001
926 0.69723462
927 0.6972847
928 0.69733644
929 0.69738724
930 0.69743082
931 0.69747784
932 0.69750458
933 0.69752355
934 0.69752991
935 0.69753305
938 0.69759163
939 0.69768103
940 0.69773619
941 0.6977764
942 0.69778069
943 0.69780202
944 0.69780669
945 0.69781321
946 0.69784038
947 0.69788977
948 0.69789247
949 0.69789595
950 0.69792564
951 0.69792651
952 0.69793769
953 0.69794502
954 0.6980118
955 0.69807427
956 0.69812846
957 0.69813249
958 0.69813609
959 0.69814922
961 0.69821207
962 0.69824714
963 0.69826673
964 0.6983005
965 0.69834592
966 0.69834969
967 0.69835972
968 0.69836213
970 0.69839904
971 0.69841512
972 0.69843884
973 0.69847165
974 0.69849676
975 0.69855017
976 0.69856393
977 0.69860012
979 0.69864979
981 0.69867997
982 0.69873108
983 0.6987408
984 0.6987807
986 0.69880249
988 0.69892212
991 0.69893675
993 0.69895505
994 0.69897057
995 0.69901186
996 0.69902915
997 0.69906552
998 0.69909172
999 0.69909586
1000 0.69914363
1002 0.6992256
1003 0.69930313
1005 0.69933874
1006 0.69934658
1007 0.69936274
1008 0.69937095
1009 0.69939533
1010 0.69940419
1011 0.69941515
1012 0.69941704
1013 0.69941716
1014 0.69946644
1015 0.69949619
1016 0.69950687
1017 0.69952013
1018 0.69954089
1019 0.69960766
1020 0.69964202
1021 0.69965663
1022 0.69969372
1023 0.69971731
1024 0.69975577
1025 0.69980381
1026 0.69981377
1027 0.69982723
1028 0.69986157
1030 0.69989446
1031 0.69990517
1032 0.69992943
1033 0.69993511
1034 0.69994417
1035 0.70000133
1036 0.70004506
1038 0.70006989
1039 0.70009332
1040 0.70011283
1041 0.70012479
1042 0.70017135
1043 0.7001859
1044 0.70020257
1046 0.7002493
1047 0.70030989
1048 0.7003606
1049 0.70037076
1050 0.70041199
1051 0.70042646
1052 0.70044382
1053 0.7004756
1054 0.70048207
1055 0.70052246
1057 0.70053524
1058 0.70057101
1059 0.70061787
1060 0.70061922
1061 0.70065344
1062 0.70067134
1063 0.70067605
1064 0.70068966
1065 0.70071977
1067 0.70075832
1068 0.70080969
1069 0.70083363
1071 0.70083569
1072 0.70084685
1073 0.70085613
1074 0.7008972
1075 0.70089763
1076 0.70092836
1077 0.70094969
1078 0.70095244
1079 0.70099267
1080 0.70103948
1081 0.70105006
1082 0.70106352
1083 0.70106359
1084 0.70106425
1085 0.70108855
1086 0.70110402
1087 0.70111719
1088 0.70112471
1089 0.7011501
1090 0.70116838
1091 0.70117948
1092 0.70118603
1093 0.70118607
1094 0.7012375
1095 0.70125078
1096 0.70125623
1097 0.70127756
1098 0.70131486
1100 0.70132341
1102 0.70133142
1103 0.70137167
1104 0.70138045
1106 0.70139084
1108 0.70139679
1110 0.701398
1111 0.70141526
1112 0.70143832
1115 0.70145334
1116 0.70151236
1118 0.70152604
1119 0.70153652
1121 0.70156884
1122 0.70161399
1123 0.70169599
1124 0.7017004
1125 0.70170233
1126 0.70170647
1127 0.70171264
1128 0.70177678
1129 0.70178371
1133 0.70182313
1134 0.70182508
1135 0.70184918
1136 0.70185159
1137 0.70185516
1138 0.70185624
1139 0.70186195
1141 0.70187255
1142 0.70188072
1145 0.70191494
1146 0.70195616
1147 0.70196207
1148 0.70197088
1149 0.70197491
1150 0.70198056
1152 0.70198828
1155 0.7020134
1156 0.70206574
1157 0.70208609
1158 0.70208791
1159 0.70213412
1160 0.70218228
1161 0.70219774
1162 0.70220054
1163 0.70221531
1164 0.70223845
1167 0.70229654
1168 0.70232522
1173 0.70235332
1175 0.70236752
1176 0.70239055
1177 0.70241003
1180 0.7024267
1186 0.70246176
1187 0.70251796
1189 0.70253089
1190 0.70258315
1191 0.70261908
1192 0.70263081
1193 0.70264026
1194 0.70267197
1195 0.70269252
1196 0.7027141
1197 0.70273588
1198 0.70275717
1203 0.7027594
1204 0.70279646
1205 0.70280837
1208 0.70281205
1210 0.70282758
1211 0.70285322
1213 0.7028734
1214 0.70293748
1215 0.70293784
1217 0.70294925
1218 0.7030419
1219 0.70309057
1220 0.70311149
1223 0.70311372
1225 0.70315388
1226 0.70316597
1228 0.70316765
1229 0.70324219
1230 0.70325934
1231 0.70329763
1233 0.70330013
1237 0.70331639
1238 0.7033263
1239 0.70335463
1240 0.70338271
1241 0.70343796
1242 0.70345625
1243 0.70346664
1244 0.70349472
1245 0.70352297
1246 0.70356077
1247 0.70358118
1248 0.70359705
1249 0.70360052
1250 0.70360407
1251 0.70360623
1252 0.70363657
1254 0.70364428
1255 0.70364773
1256 0.70365658
1258 0.70366624
1259 0.70366769
1261 0.70369335
1264 0.70370468
1266 0.70371263
1268 0.7037323
1269 0.70377065
1270 0.70377415
1271 0.7037781
1275 0.70379371
1276 0.70379653
1277 0.70381344
1278 0.70383549
1279 0.70383553
1280 0.70383998
1281 0.70385717
1283 0.70387452
1285 0.70387907
1286 0.70391737
1287 0.70392455
1290 0.70394089
1292 0.70395696
1293 0.70396436
1294 0.70397852
1296 0.70398543
1298 0.70403214
1299 0.70404522
1301 0.70405977
1303 0.70407848
1305 0.70410053
1306 0.70411334
1307 0.70412731
1308 0.70413679
1309 0.70417651
1310 0.70419381
1312 0.70420485
1313 0.7042269
1317 0.70422819
1319 0.70424843
1321 0.7042751
1325 0.70429651
1327 0.70434203
1329 0.70434341
1330 0.70437499
1332 0.70439401
1333 0.70440274
1334 0.7044174
1338 0.70443895
1340 0.70444756
1341 0.70447308
1342 0.70448406
1343 0.7044857
1345 0.70449114
1346 0.70451533
1348 0.70456594
1349 0.70459298
1352 0.70461989
1358 0.70463061
1359 0.70465394
1363 0.7046546
1364 0.70467557
1365 0.70468225
1367 0.70471363
1368 0.70473116
1371 0.70474918
1374 0.70475393
1378 0.70477533
1379 0.70479252
1380 0.70482001
1382 0.70485033
1383 0.70487336
1384 0.70489347
1385 0.70491382
1386 0.70492771
1392 0.70494288
1401 0.70495238
1403 0.70495291
1405 0.70495966
1407 0.70497039
1409 0.70498731
1412 0.70500129
1413 0.70500865
1415 0.70500947
1417 0.70501055
1420 0.70501739
1424 0.70504124
1426 0.70504927
1428 0.70505897
1429 0.7050658
1431 0.70507124
1433 0.70507473
1435 0.70509037
1436 0.70510153
1438 0.70512957
1440 0.70516348
1442 0.70517038
1443 0.70517988
1444 0.70521495
1446 0.70522859
1447 0.70524805
1450 0.70526018
1451 0.70526823
1452 0.70526965
1453 0.70527263
1454 0.70528311
1455 0.70529108
1461 0.70530176
1462 0.70530844
1465 0.70531731
1467 0.70531755
1469 0.7053228
1470 0.70533151
1471 0.70536854
1472 0.70537634
1475 0.70537855
1476 0.70539496
1477 0.70539925
1479 0.70542057
1481 0.70543821
1484 0.70543998
1485 0.70544132
1494 0.70544912
1495 0.70545353
1498 0.70546827
1499 0.70547389
1501 0.70547778
1505 0.70549403
1511 0.70550232
1512 0.70551011
1513 0.70552328
1517 0.70553021
1518 0.70554453
1519 0.70554918
1527 0.70555081
1530 0.70556622
1533 0.70557724
1534 0.70559544
1535 0.70561864
1538 0.70562971
1539 0.70563398
1541 0.70564607
1543 0.70566326
1549 0.70566473
1554 0.70567349
1555 0.70571128
1561 0.70573921
1563 0.70574261
1569 0.70574682
1571 0.70575879
1578 0.70576659
1583 0.70578918
1585 0.7058103
1593 0.70581524
1594 0.70581636
1597 0.7058401
1598 0.70585754
1599 0.70585938
1600 0.70586574
1608 0.7058845
1615 0.70595487
1627 0.70597201
1628 0.70597421
1631 0.70601036
1632 0.70601796
1638 0.70604514
1640 0.70606985
1641 0.70607191
1642 0.7060823
1651 0.70611341
1657 0.70611744
1658 0.70612231
1662 0.7061477
1672 0.7061749
1673 0.70618146
1676 0.70618789
1680 0.70620513
1681 0.70620585
1682 0.70620739
1686 0.70621631
1690 0.7062267
1694 0.70623111
1702 0.70625872
1708 0.70626196
1718 0.70626257
1736 0.70627498
1755 0.70627634
1769 0.70628874
1785 0.70630451
1795 0.70630618
1797 0.70630703
1811 0.70631358
1825 0.70634162
1830 0.70634322
1841 0.70634763
1855 0.70637555
1860 0.70637687
1866 0.70640819
1868 0.70642777
1874 0.70644809
1877 0.70645717
1889 0.70646833
1919 0.70651756
1927 0.70651968
1939 0.70652294
1951 0.70655913
1952 0.7065623
1974 0.7065784
1978 0.70658027
1988 0.70660653
2089 0.70661056
2127 0.70661127
2184 0.70661805
2247 0.70662766
2255 0.70663207
2357 0.70663849
