0 0.465641
1 0.472169
3 0.474859
4 0.479857
7 0.48101
8 0.4844
9 0.485247
10 0.48709
12 0.487934
13 0.490778
15 0.49588
17 0.496677
20 0.497363
22 0.497366
24 0.498051
26 0.501363
27 0.504622
30 0.505804
31 0.512145
32 0.514683
35 0.514982
36 0.516628
37 0.51715
38 0.517952
40 0.518183
43 0.521452
44 0.521946
48 0.523317
49 0.524098
54 0.526529
56 0.526776
60 0.528025
62 0.53201
64 0.53211
66 0.532543
67 0.537342
69 0.542322
74 0.54401
87 0.545402
88 0.548219
89 0.548929
90 0.55032
91 0.556972
93 0.564464
101 0.565379
102 0.566983
104 0.567077
108 0.568873
109 0.570056
113 0.570756
118 0.574926
123 0.577059
126 0.577414
127 0.578227
130 0.581822
135 0.58484
136 0.586561
139 0.588629
157 0.590837
158 0.592662
159 0.595344
169 0.598333
170 0.598749
172 0.598995
174 0.600884
179 0.60107
185 0.602133
191 0.6033
202 0.604374
205 0.606952
208 0.609128
215 0.612381
223 0.613923
230 0.618464
231 0.623001
232 0.62487
242 0.628303
248 0.630215
250 0.630644
252 0.632574
262 0.632785
273 0.633463
283 0.633474
294 0.633519
295 0.633739
298 0.634334
299 0.638261
301 0.640221
311 0.642757
316 0.650064
320 0.651694
322 0.651957
331 0.652304
339 0.652875
349 0.65305
350 0.65332
354 0.654457
360 0.65489
362 0.660068
364 0.660932
366 0.661013
370 0.664359
373 0.666526
379 0.666906
388 0.667146
398 0.668605
402 0.670299
411 0.670982
420 0.671656
424 0.672285
432 0.672677
440 0.677605
444 0.681262
455 0.681832
470 0.682175
482 0.682329
493 0.682871
495 0.683418
496 0.684505
515 0.685261
520 0.687185
533 0.687426
536 0.687799
547 0.689853
550 0.6914
558 0.691469
617 0.693263
625 0.694335
644 0.69597
646 0.69729
647 0.698226
660 0.699265
673 0.702196
678 0.70341
707 0.704483
709 0.70699
781 0.708543
837 0.709112
839 0.709567
922 0.711297
986 0.711501
1058 0.711903
1089 0.712042
1275 0.712871
1467 0.712895
1471 0.716598
1599 0.716782
