0 0.492623
1 0.494825
5 0.498843
7 0.501175
8 0.501839
9 0.504025
10 0.50479
11 0.507756
18 0.507793
21 0.509005
24 0.515253
25 0.516487
28 0.517204
31 0.517328
35 0.518149
38 0.520732
39 0.521211
41 0.524647
43 0.528809
49 0.531827
50 0.533725
52 0.534569
53 0.534875
54 0.534919
55 0.536508
56 0.539449
57 0.540251
58 0.540925
60 0.54353
61 0.545211
72 0.545363
73 0.546549
74 0.548752
78 0.550062
80 0.551532
87 0.556687
89 0.559273
92 0.563228
94 0.566845
95 0.56737
96 0.572503
103 0.575106
106 0.577834
114 0.579333
116 0.583686
117 0.583981
122 0.585254
124 0.587211
133 0.587418
139 0.58838
143 0.589254
153 0.595693
154 0.599836
162 0.601079
163 0.602227
169 0.604045
175 0.604088
176 0.60686
191 0.608676
214 0.611213
221 0.612652
231 0.614023
232 0.614089
241 0.616249
249 0.617161
262 0.618022
266 0.620771
267 0.622858
273 0.623955
294 0.624178
297 0.625086
299 0.627506
303 0.628331
309 0.629227
337 0.630589
341 0.63179
348 0.632829
356 0.633236
365 0.635234
369 0.636038
371 0.636337
377 0.636473
379 0.63945
383 0.641985
385 0.64415
395 0.648823
418 0.650398
424 0.65058
426 0.650844
446 0.651219
447 0.653139
448 0.653478
460 0.657556
497 0.659261
501 0.660865
520 0.661952
522 0.662375
564 0.664508
567 0.666742
571 0.668146
577 0.669253
589 0.671015
590 0.671661
606 0.674612
616 0.674988
640 0.677566
661 0.678847
680 0.679854
691 0.68058
713 0.684578
736 0.685378
739 0.68626
764 0.687375
766 0.687837
770 0.687907
772 0.688358
812 0.693315
817 0.693409
818 0.69549
847 0.695904
848 0.697045
860 0.701851
892 0.704792
897 0.706225
955 0.706414
964 0.70906
1041 0.709831
1055 0.713454
1098 0.71497
1223 0.715193
1252 0.715533
1444 0.716483
1481 0.718109
1512 0.718888
