0 0.509429
1 0.510706
2 0.511755
3 0.512415
6 0.513571
8 0.516334
9 0.520551
10 0.521084
11 0.522122
14 0.523611
15 0.523797
17 0.525795
21 0.528525
22 0.529156
23 0.52925
27 0.529588
29 0.530238
33 0.532952
36 0.53444
43 0.536259
47 0.537955
49 0.539292
51 0.539882
52 0.541043
54 0.546385
64 0.552823
70 0.553308
72 0.554879
78 0.555242
80 0.556777
81 0.557832
85 0.559233
87 0.562046
93 0.564738
97 0.565495
98 0.568162
99 0.568453
102 0.568796
104 0.568835
106 0.570245
107 0.575374
110 0.575418
111 0.578977
114 0.581479
122 0.584089
123 0.585161
124 0.587371
128 0.587473
129 0.591725
134 0.593904
148 0.601994
149 0.602265
152 0.603669
165 0.606255
170 0.607034
186 0.60811
192 0.610162
193 0.612371
194 0.614322
202 0.61542
205 0.619324
211 0.619491
218 0.621725
225 0.621791
228 0.624326
230 0.624987
231 0.627641
236 0.628181
239 0.62871
250 0.629079
262 0.629099
265 0.63002
266 0.631299
270 0.631876
271 0.63309
274 0.635752
276 0.636611
286 0.63758
289 0.638312
291 0.638963
303 0.63921
304 0.639532
307 0.640557
308 0.643449
323 0.645518
329 0.647406
336 0.648902
338 0.649874
344 0.650492
345 0.651281
346 0.656054
352 0.657912
360 0.65882
372 0.659638
378 0.662155
394 0.664441
418 0.666567
422 0.666727
429 0.667959
436 0.668372
454 0.670436
455 0.672973
457 0.674067
482 0.674407
487 0.674441
501 0.674444
510 0.674951
515 0.67649
520 0.679061
528 0.681611
541 0.683984
547 0.688496
559 0.688624
584 0.691181
602 0.692654
632 0.693693
659 0.694009
661 0.69596
709 0.697654
715 0.700107
749 0.700502
760 0.701313
798 0.703712
914 0.704813
955 0.706232
1000 0.708146
1016 0.708318
1103 0.709196
