0 0.502425
1 0.503844
4 0.504907
6 0.510936
10 0.515776
12 0.516228
14 0.517251
15 0.521953
18 0.525399
21 0.527521
22 0.529443
23 0.530722
24 0.533586
28 0.533815
29 0.534653
30 0.535
31 0.536241
33 0.537454
39 0.539648
40 0.542302
41 0.542612
43 0.544019
44 0.544293
45 0.54627
47 0.548151
51 0.54893
52 0.549205
55 0.549619
57 0.551105
59 0.554411
61 0.554414
64 0.555228
65 0.558046
66 0.559477
71 0.560127
77 0.563473
78 0.5638
79 0.56508
82 0.567942
88 0.571782
90 0.572618
95 0.576964
96 0.581895
98 0.58391
106 0.587188
110 0.59141
111 0.595067
115 0.595168
118 0.596667
129 0.596737
131 0.598882
134 0.603502
139 0.603905
144 0.604347
154 0.604781
155 0.607117
158 0.609441
162 0.612416
165 0.613175
166 0.617152
168 0.617219
174 0.619809
179 0.620848
181 0.623129
186 0.62501
194 0.625018
210 0.625205
233 0.626221
239 0.627297
242 0.628346
244 0.631563
252 0.632364
267 0.632524
272 0.634499
274 0.635839
276 0.636113
281 0.636184
282 0.63934
290 0.640311
300 0.642752
309 0.643667
311 0.645801
321 0.6463
324 0.646353
336 0.64997
357 0.652544
360 0.653288
366 0.653994
372 0.657934
382 0.659999
385 0.660208
386 0.660851
406 0.661317
409 0.662133
412 0.665214
460 0.666241
466 0.669902
475 0.673417
477 0.673906
492 0.675601
495 0.675767
509 0.675979
523 0.67671
524 0.677714
538 0.678986
539 0.680226
547 0.681113
557 0.68142
577 0.681546
584 0.682693
612 0.683307
626 0.683772
667 0.685159
677 0.687239
686 0.690219
787 0.692398
842 0.692425
843 0.693254
880 0.695458
889 0.695815
963 0.697119
1007 0.698735
1024 0.698976
1050 0.700674
1191 0.704267
1436 0.705383
