0 0.489469
3 0.49102
4 0.491767
5 0.492523
6 0.493589
8 0.495687
9 0.496439
11 0.505516
13 0.50596
14 0.508741
15 0.512408
19 0.513758
22 0.515225
26 0.517876
31 0.517981
36 0.519046
37 0.520795
38 0.52329
39 0.523673
41 0.526553
45 0.529972
48 0.531324
58 0.533975
60 0.534064
66 0.535374
67 0.536773
68 0.537515
73 0.538145
75 0.541906
76 0.543843
78 0.54491
87 0.547043
89 0.547606
95 0.549123
98 0.549291
99 0.550301
100 0.553381
101 0.554184
102 0.55648
103 0.557055
104 0.558278
105 0.558959
106 0.561514
108 0.563482
110 0.563763
112 0.564422
115 0.56551
117 0.566788
118 0.567607
125 0.570008
138 0.570449
154 0.571565
155 0.572417
162 0.575117
174 0.576114
177 0.578055
181 0.579239
182 0.583323
183 0.585146
184 0.586865
187 0.587902
196 0.589273
204 0.590311
205 0.592229
209 0.593131
214 0.597167
218 0.597455
221 0.598866
241 0.600335
243 0.600985
247 0.6021
249 0.60244
253 0.602684
256 0.603057
257 0.603305
263 0.603692
267 0.607763
268 0.608754
275 0.610772
276 0.611294
280 0.611377
282 0.613835
291 0.615251
305 0.615943
306 0.616647
310 0.623605
323 0.624401
325 0.62588
327 0.626781
329 0.628505
334 0.628775
338 0.631095
359 0.633068
362 0.63503
372 0.636791
385 0.637057
399 0.639868
414 0.642482
416 0.643497
417 0.644032
434 0.64458
454 0.644713
499 0.646915
500 0.648252
502 0.651497
512 0.651591
529 0.652512
550 0.654691
584 0.654829
624 0.655777
690 0.655781
735 0.656831
739 0.656948
752 0.658403
759 0.662272
760 0.663128
801 0.666721
849 0.666856
855 0.668773
874 0.669696
901 0.670341
912 0.673178
923 0.673589
926 0.674642
927 0.674925
945 0.67526
951 0.675347
976 0.675515
996 0.676651
1005 0.677247
1020 0.680536
1064 0.68102
1084 0.681086
1094 0.683135
1110 0.683256
1112 0.685302
1126 0.685716
1133 0.686074
1159 0.686529
1211 0.68724
1215 0.687276
1218 0.690815
1250 0.69117
1292 0.692777
1317 0.692906
1340 0.693767
1470 0.694638
1555 0.697029
1561 0.697131
1628 0.697351
1657 0.697754
1795 0.697921
