0 0.495702
1 0.496211
2 0.502025
4 0.505831
5 0.509574
6 0.509603
9 0.509902
10 0.512022
14 0.513207
15 0.514821
16 0.517204
18 0.518666
19 0.521279
20 0.523333
21 0.524643
27 0.529375
30 0.530319
34 0.531147
38 0.533293
40 0.534001
47 0.536948
49 0.540496
50 0.541893
55 0.547405
56 0.549638
57 0.550652
64 0.552607
65 0.555712
72 0.557176
73 0.558744
74 0.558747
79 0.561934
81 0.56452
85 0.567898
92 0.571748
93 0.572958
97 0.573182
98 0.573377
100 0.580483
101 0.585129
110 0.585761
111 0.58808
113 0.591579
116 0.594391
121 0.598364
122 0.602269
123 0.602494
128 0.603041
129 0.604411
134 0.606115
135 0.607365
137 0.608953
141 0.610574
143 0.611398
144 0.614657
147 0.62239
149 0.622549
150 0.623162
152 0.623612
154 0.623711
157 0.625579
160 0.6279
161 0.628315
163 0.630864
173 0.632544
178 0.633571
196 0.636763
201 0.637709
203 0.642102
206 0.642707
224 0.643829
234 0.646646
241 0.650022
262 0.650384
268 0.655211
272 0.657027
280 0.659331
285 0.659746
286 0.659892
304 0.660308
310 0.662134
314 0.664022
325 0.666815
330 0.66703
331 0.667789
333 0.668419
339 0.670628
345 0.676882
369 0.677506
392 0.67806
396 0.678865
402 0.679436
404 0.679661
427 0.68014
428 0.680521
462 0.682001
466 0.682351
489 0.687088
505 0.689934
523 0.690481
530 0.6922
543 0.69316
566 0.696822
577 0.698276
591 0.698888
598 0.699691
669 0.701888
710 0.702264
762 0.702402
795 0.706179
809 0.708076
830 0.70876
865 0.709451
879 0.710781
952 0.711899
953 0.712537
1023 0.713292
1121 0.715014
1290 0.716648
1303 0.718519
1407 0.719592
1511 0.720421
1535 0.72146
