0 0.484334
1 0.487971
3 0.49029
4 0.499922
5 0.50039
8 0.502693
11 0.505409
13 0.507433
16 0.508626
19 0.50911
20 0.509145
23 0.511595
25 0.512163
26 0.512655
27 0.513385
29 0.514564
31 0.516587
32 0.521106
34 0.521414
39 0.52372
41 0.524075
42 0.525617
43 0.529438
44 0.531325
45 0.535721
49 0.535914
54 0.537369
57 0.537982
59 0.541843
61 0.542958
62 0.548896
64 0.550447
65 0.555404
66 0.555724
72 0.558149
74 0.558286
75 0.559532
78 0.560267
82 0.565799
83 0.566621
85 0.567183
88 0.567969
91 0.570479
93 0.570894
96 0.57458
97 0.576744
98 0.578016
101 0.578096
102 0.579981
103 0.58039
105 0.585767
117 0.586236
132 0.593163
134 0.593721
143 0.595258
144 0.596038
146 0.597129
150 0.597564
153 0.603547
168 0.609734
173 0.610512
176 0.61333
178 0.613836
179 0.617278
181 0.620766
182 0.624285
184 0.624916
188 0.627336
192 0.629062
200 0.630212
206 0.631901
208 0.632147
215 0.632191
226 0.635621
228 0.637654
230 0.638915
234 0.642111
254 0.642334
282 0.642737
301 0.643205
302 0.644557
303 0.645906
309 0.648758
315 0.65123
324 0.651412
325 0.652689
331 0.65598
332 0.656486
335 0.658103
346 0.658759
359 0.662571
367 0.663012
372 0.665353
382 0.665512
397 0.665795
400 0.665797
407 0.666879
413 0.66739
421 0.66817
426 0.669449
442 0.671177
480 0.671419
481 0.674009
492 0.67403
493 0.675582
498 0.681914
511 0.683277
512 0.68454
543 0.68555
566 0.686548
625 0.688323
654 0.69283
661 0.694238
665 0.697475
686 0.698019
717 0.69844
734 0.699123
791 0.699547
851 0.700122
911 0.702258
975 0.702845
1016 0.703741
1024 0.703931
1085 0.704444
1119 0.704666
1121 0.70476
1150 0.705325
1204 0.70537
1327 0.707947
1346 0.710366
1383 0.712669
1386 0.712837
1440 0.714225
1600 0.714861
1662 0.715783
1860 0.715915
1919 0.720838
