0 0.469695
1 0.469881
2 0.473059
3 0.477213
4 0.478796
6 0.483134
7 0.484464
8 0.485616
10 0.48922
11 0.492461
12 0.493263
13 0.493443
17 0.49505
20 0.498387
23 0.499912
26 0.501505
27 0.505397
29 0.508579
32 0.510324
37 0.512351
38 0.516386
40 0.517505
42 0.51761
46 0.518301
47 0.518718
49 0.520333
50 0.521692
51 0.524525
55 0.525366
56 0.528895
57 0.530093
60 0.531208
62 0.533337
64 0.534328
65 0.53617
69 0.538684
70 0.540371
71 0.544112
72 0.544369
75 0.548386
80 0.548853
82 0.548982
83 0.549051
84 0.551631
86 0.556841
92 0.560099
99 0.563518
101 0.563676
103 0.564326
105 0.565319
108 0.567582
111 0.568229
116 0.570773
124 0.572379
125 0.573651
127 0.575345
130 0.576194
132 0.577019
135 0.578837
144 0.580331
145 0.580426
146 0.584908
149 0.585133
158 0.586081
159 0.591683
160 0.59349
168 0.595569
169 0.597318
174 0.59849
176 0.601465
178 0.602444
183 0.603071
188 0.60691
190 0.608184
192 0.612068
196 0.615076
200 0.616546
203 0.616787
212 0.617803
217 0.619719
219 0.620058
224 0.622956
228 0.623238
229 0.623679
231 0.625597
241 0.626271
256 0.626533
261 0.626599
263 0.627951
269 0.629431
273 0.631146
278 0.637036
284 0.638374
287 0.639587
292 0.640164
294 0.641203
297 0.64404
314 0.646204
316 0.652069
325 0.65246
332 0.654672
343 0.655284
361 0.658263
369 0.659541
372 0.661472
381 0.66751
396 0.669637
417 0.670938
430 0.672241
437 0.673182
442 0.673875
453 0.674013
456 0.674376
472 0.675894
487 0.676119
496 0.67672
528 0.677175
535 0.677484
538 0.678365
546 0.679319
558 0.679522
567 0.67967
588 0.679833
593 0.680971
625 0.68219
631 0.684002
636 0.684823
637 0.686617
696 0.688942
722 0.69115
774 0.69164
796 0.691665
809 0.691877
1014 0.692984
1042 0.696601
