0 0.509113
2 0.510929
4 0.511162
5 0.514785
6 0.515583
12 0.518375
13 0.518562
14 0.520248
15 0.523259
19 0.528239
21 0.529315
24 0.532677
26 0.534084
30 0.535701
31 0.536652
36 0.537901
37 0.541161
39 0.546362
45 0.549686
46 0.551585
51 0.553279
52 0.557421
55 0.560492
58 0.564059
61 0.565589
64 0.56619
67 0.566994
70 0.568976
71 0.573427
74 0.574734
75 0.577711
88 0.579194
89 0.580934
91 0.583942
92 0.58485
98 0.591574
100 0.593591
111 0.593602
112 0.596576
117 0.597294
125 0.597977
128 0.601922
136 0.602966
143 0.604318
151 0.604615
154 0.605751
169 0.606169
171 0.606638
173 0.608858
180 0.611954
193 0.615708
198 0.616636
204 0.617549
215 0.619932
227 0.620264
235 0.622399
247 0.624976
260 0.625042
282 0.626156
283 0.626958
285 0.628405
300 0.630017
301 0.630899
321 0.634143
339 0.635887
365 0.637407
370 0.637596
376 0.638471
380 0.641087
382 0.644193
392 0.648863
404 0.65098
408 0.651261
466 0.654258
483 0.655375
521 0.657064
554 0.661134
577 0.661212
593 0.66292
600 0.663849
614 0.664061
635 0.666878
643 0.668209
652 0.669985
673 0.672177
674 0.673704
693 0.675521
695 0.676155
696 0.677477
737 0.679104
749 0.68248
755 0.683259
799 0.686416
904 0.686992
931 0.687564
950 0.688534
979 0.689573
1139 0.690144
1164 0.690617
1211 0.691299
1245 0.69154
1296 0.692231
