0 0.485807
2 0.485892
4 0.486462
5 0.492626
8 0.494105
9 0.495806
12 0.498995
13 0.50132
15 0.502435
16 0.503282
17 0.505424
19 0.508249
20 0.511332
21 0.511762
22 0.512859
25 0.514375
27 0.514595
30 0.518128
31 0.52184
34 0.523421
39 0.529862
41 0.530437
42 0.531868
43 0.533263
44 0.533913
47 0.534452
48 0.536152
50 0.538361
54 0.540772
59 0.544118
60 0.54738
61 0.54954
68 0.55105
69 0.552192
70 0.553244
72 0.556803
73 0.5609
75 0.562646
79 0.565739
91 0.567328
95 0.569618
97 0.570009
99 0.57058
101 0.572879
102 0.575087
105 0.57694
108 0.577803
110 0.579929
112 0.583981
113 0.584018
117 0.587197
120 0.589561
124 0.591458
125 0.59185
126 0.593024
131 0.594981
133 0.595952
134 0.599427
145 0.601993
146 0.602702
147 0.604323
154 0.604817
155 0.605805
157 0.605807
158 0.610391
161 0.611333
163 0.611541
167 0.613388
170 0.614294
174 0.616013
179 0.617417
183 0.620519
185 0.622804
199 0.624043
201 0.624206
203 0.626017
212 0.63146
215 0.631814
225 0.637361
226 0.639288
227 0.639309
238 0.640764
246 0.642851
257 0.643812
281 0.643963
301 0.644718
308 0.6455
310 0.648675
315 0.648678
316 0.649825
317 0.650239
331 0.653217
337 0.657646
353 0.657986
371 0.659025
380 0.661111
382 0.666244
395 0.668136
405 0.668391
408 0.671635
415 0.672785
427 0.673646
437 0.674617
442 0.677376
463 0.679191
482 0.679279
511 0.679793
516 0.680026
519 0.681868
547 0.681966
569 0.68318
575 0.683891
581 0.68418
588 0.68934
641 0.690867
677 0.695294
711 0.695926
733 0.697229
734 0.697694
768 0.699311
837 0.699668
862 0.701713
877 0.701848
975 0.703739
1087 0.705056
1198 0.70573
1239 0.707535
1254 0.708023
1409 0.708452
1517 0.709145
1597 0.71078
