0 0.485751
1 0.486474
2 0.488835
3 0.490951
5 0.49206
6 0.492415
8 0.496733
9 0.499784
11 0.505626
12 0.506668
14 0.508194
15 0.510274
18 0.513028
21 0.513285
23 0.513975
27 0.51424
29 0.515293
35 0.520538
38 0.521195
39 0.524307
40 0.524642
44 0.528476
45 0.535551
46 0.535677
47 0.538352
48 0.541593
49 0.54279
50 0.54421
54 0.548728
56 0.549394
57 0.550417
58 0.551788
59 0.555534
60 0.556344
62 0.56134
63 0.564629
69 0.565765
71 0.566366
75 0.569682
80 0.57075
81 0.571998
82 0.572641
84 0.573186
89 0.57399
90 0.574033
91 0.57852
97 0.580608
101 0.5825
108 0.584982
110 0.587432
112 0.587821
114 0.589402
121 0.589831
127 0.591449
136 0.594266
137 0.596699
138 0.596841
141 0.597232
142 0.600077
150 0.604975
151 0.606379
156 0.607255
168 0.608015
169 0.61083
170 0.611676
173 0.613636
177 0.613908
178 0.61503
179 0.615448
182 0.615918
185 0.616991
199 0.618978
201 0.619948
206 0.624654
213 0.625797
216 0.628617
220 0.630696
223 0.633136
233 0.637242
234 0.637997
247 0.638064
253 0.642326
262 0.643938
268 0.647913
274 0.650291
276 0.653008
282 0.653469
287 0.653557
293 0.65374
312 0.654377
318 0.655416
339 0.656432
348 0.656652
354 0.657874
373 0.658947
379 0.659212
380 0.661845
389 0.662398
395 0.662737
417 0.66342
420 0.665075
434 0.665808
452 0.665813
465 0.665884
494 0.666888
515 0.667809
523 0.669706
527 0.670054
558 0.672883
659 0.67329
664 0.677299
680 0.679924
701 0.683754
743 0.685257
768 0.685751
882 0.687355
910 0.68759
954 0.688944
1034 0.689284
1119 0.689951
1122 0.693815
1194 0.695386
1309 0.698601
1527 0.698764
1583 0.699871
1608 0.700947
