0 0.471708
1 0.475331
2 0.476304
3 0.479946
4 0.481096
6 0.48154
7 0.482209
15 0.484165
17 0.489134
19 0.493229
22 0.502269
23 0.508368
24 0.509682
25 0.511139
26 0.511183
27 0.512493
32 0.514294
33 0.520104
37 0.524246
40 0.528061
42 0.534553
47 0.535474
48 0.539323
50 0.54354
51 0.548554
53 0.549952
56 0.551173
57 0.555843
59 0.556117
62 0.557939
66 0.559032
67 0.560296
70 0.561706
71 0.561834
75 0.562094
76 0.564285
78 0.565991
81 0.567594
85 0.567819
86 0.569438
88 0.570672
89 0.570859
91 0.572054
101 0.572628
102 0.576079
108 0.577497
111 0.581926
113 0.582573
116 0.583544
117 0.585962
119 0.589469
123 0.590144
131 0.591235
132 0.594697
134 0.595575
139 0.596586
140 0.599932
151 0.600268
155 0.603796
156 0.607405
157 0.609708
162 0.611961
164 0.613369
169 0.614343
176 0.615382
182 0.616722
185 0.617164
187 0.617193
196 0.618915
197 0.623909
201 0.625614
214 0.626505
220 0.628772
221 0.629622
226 0.630424
227 0.632619
242 0.635308
248 0.636879
254 0.637145
278 0.63754
280 0.638674
287 0.639127
290 0.643104
295 0.6455
297 0.645595
307 0.648306
340 0.652499
348 0.653381
349 0.654958
352 0.655908
358 0.655929
366 0.656956
370 0.661451
377 0.662197
379 0.662815
385 0.664626
408 0.665721
415 0.670043
418 0.672663
429 0.673778
442 0.677439
445 0.678449
455 0.678892
457 0.679166
460 0.683076
470 0.684339
554 0.685794
557 0.687345
576 0.687891
601 0.68805
613 0.688911
629 0.690552
639 0.693201
659 0.693532
683 0.695862
684 0.69681
717 0.697185
734 0.699471
745 0.701841
748 0.702222
781 0.704427
883 0.706606
895 0.710199
901 0.711752
910 0.713293
940 0.715689
945 0.716006
1069 0.716689
1252 0.717483
