0 0.498554
6 0.499602
7 0.500753
10 0.501993
11 0.508247
12 0.510577
15 0.514203
16 0.515757
18 0.518374
24 0.5187
27 0.520924
31 0.524496
34 0.52551
39 0.527006
40 0.527447
42 0.528138
46 0.529225
47 0.531223
48 0.534294
51 0.535029
55 0.537965
59 0.540557
63 0.541151
64 0.5412
68 0.544396
70 0.544484
75 0.54455
81 0.544764
82 0.54548
90 0.546889
93 0.547868
96 0.550374
99 0.551574
102 0.555236
103 0.556421
105 0.557137
110 0.55972
113 0.561297
120 0.561336
122 0.563913
123 0.564019
125 0.567588
126 0.571022
128 0.573612
129 0.575067
130 0.575177
140 0.575688
146 0.578157
150 0.584022
153 0.586179
156 0.5889
160 0.595864
161 0.597857
162 0.597959
166 0.598739
168 0.599269
176 0.600421
179 0.602634
180 0.605745
183 0.606566
185 0.608221
187 0.608977
188 0.613108
196 0.613627
201 0.616025
212 0.618329
213 0.620493
216 0.621226
222 0.621714
231 0.621986
234 0.624617
238 0.626058
241 0.627052
242 0.631157
250 0.632449
252 0.632476
256 0.636151
264 0.642225
269 0.643077
280 0.644064
291 0.646882
293 0.646898
298 0.652554
300 0.655055
309 0.655583
327 0.655773
331 0.658551
332 0.660326
333 0.662961
334 0.666364
346 0.666793
356 0.66893
363 0.671418
379 0.672509
383 0.672663
387 0.676637
411 0.678941
428 0.679273
440 0.679603
447 0.679623
460 0.6807
463 0.68096
500 0.682238
540 0.685394
550 0.687072
567 0.689134
573 0.68968
580 0.69121
609 0.691913
714 0.692647
858 0.692892
904 0.697198
1035 0.698039
1145 0.701461
1256 0.702346
1280 0.702791
1307 0.703186
1374 0.703449
1481 0.703587
1638 0.704995
