0 0.501655
1 0.502536
2 0.502804
3 0.503746
4 0.50783
6 0.511576
7 0.514244
8 0.514996
9 0.518795
10 0.519365
12 0.523983
13 0.526313
18 0.526703
19 0.527617
22 0.532931
24 0.533318
27 0.535386
28 0.536478
29 0.536604
39 0.53856
40 0.540287
41 0.543888
44 0.546985
45 0.547722
48 0.554689
49 0.554754
50 0.557106
54 0.558406
55 0.558935
60 0.566914
62 0.569951
68 0.570562
72 0.570779
73 0.570816
76 0.57236
77 0.573513
80 0.577171
81 0.57768
82 0.58155
84 0.584754
92 0.585793
93 0.58596
95 0.587195
98 0.591631
101 0.5948
103 0.595021
104 0.596171
106 0.59712
108 0.59875
116 0.600405
125 0.604542
127 0.605438
130 0.606346
131 0.609642
133 0.616783
134 0.618357
135 0.618667
136 0.620694
148 0.622416
153 0.623798
154 0.624228
157 0.625588
158 0.627214
164 0.629546
165 0.630573
166 0.633483
171 0.636346
173 0.637732
174 0.639424
188 0.643165
196 0.645708
197 0.645846
205 0.646204
229 0.649901
240 0.653409
248 0.654185
253 0.654859
255 0.658883
257 0.661041
263 0.66609
272 0.669638
280 0.671842
281 0.673246
285 0.675808
287 0.678258
301 0.679265
355 0.680585
371 0.680958
379 0.681036
384 0.682668
392 0.684481
403 0.68679
412 0.688912
453 0.690899
503 0.691302
530 0.692467
539 0.69687
564 0.697417
568 0.698408
603 0.698442
610 0.699575
633 0.700662
661 0.700881
761 0.701372
770 0.702151
835 0.702398
883 0.702472
988 0.707801
1229 0.713683
