0 0.485679
1 0.486197
2 0.488647
3 0.490777
6 0.496085
8 0.497
10 0.499353
11 0.501245
13 0.502616
15 0.503691
17 0.506163
20 0.508577
21 0.509209
22 0.50948
23 0.511582
24 0.512928
28 0.514036
30 0.515857
32 0.520221
33 0.522012
35 0.523904
41 0.525049
43 0.525403
44 0.526225
47 0.529795
48 0.531146
49 0.532472
53 0.534739
55 0.535481
58 0.536261
62 0.537211
67 0.539068
68 0.54165
69 0.551264
71 0.553804
73 0.560854
75 0.564068
84 0.567663
87 0.568443
88 0.570901
97 0.571814
98 0.574197
101 0.575172
102 0.575974
103 0.576074
105 0.576701
108 0.577517
110 0.577789
117 0.578074
123 0.579315
133 0.584621
149 0.589113
159 0.593921
171 0.59411
182 0.595108
187 0.595253
190 0.598513
193 0.599373
201 0.603278
208 0.604173
217 0.604269
218 0.605072
233 0.606473
239 0.616822
240 0.620831
244 0.624012
247 0.626306
257 0.626524
260 0.627138
261 0.628842
269 0.631174
275 0.635041
290 0.638853
293 0.640561
306 0.641217
313 0.641948
326 0.644247
327 0.645528
336 0.645716
353 0.648249
359 0.65184
364 0.651981
368 0.653809
369 0.655213
379 0.658354
390 0.662224
402 0.662796
403 0.663585
404 0.664446
405 0.667693
411 0.668304
433 0.670411
438 0.671881
453 0.673408
461 0.674447
476 0.677521
484 0.68104
492 0.681889
494 0.683039
528 0.683608
548 0.683855
609 0.686361
660 0.688602
701 0.689313
820 0.690989
834 0.693012
878 0.693556
922 0.694638
1030 0.697927
1163 0.698528
1264 0.699196
1276 0.699478
1409 0.700741
1484 0.700918
1554 0.701794
