0 0.466235
1 0.468687
3 0.472576
4 0.474784
7 0.476513
9 0.477628
13 0.481252
17 0.487701
18 0.487924
24 0.488345
25 0.488474
27 0.490211
28 0.49128
30 0.495355
33 0.497561
36 0.498568
37 0.501704
39 0.504004
40 0.505056
41 0.506625
43 0.508985
45 0.510075
46 0.511184
47 0.513
49 0.513908
50 0.51396
51 0.515758
56 0.515852
60 0.516383
63 0.517086
67 0.517884
79 0.518667
86 0.525626
90 0.527617
91 0.527864
92 0.530844
96 0.5336
97 0.534335
98 0.537468
102 0.540429
105 0.541744
106 0.54738
108 0.547771
111 0.551468
118 0.553731
123 0.55403
127 0.557131
130 0.558876
135 0.564692
138 0.571133
140 0.572336
153 0.573815
156 0.575364
160 0.576821
162 0.577123
166 0.579135
168 0.579857
175 0.586116
176 0.589397
180 0.589852
181 0.592016
184 0.592046
190 0.592571
193 0.596188
196 0.597604
198 0.598346
207 0.599369
211 0.599798
213 0.600339
217 0.601765
233 0.60315
238 0.605994
241 0.606668
243 0.606993
244 0.611391
247 0.612618
249 0.613025
257 0.61411
263 0.615149
278 0.615503
282 0.618853
284 0.622397
314 0.623368
318 0.625851
319 0.626494
322 0.626714
356 0.626789
357 0.626814
358 0.627385
361 0.628155
363 0.629141
364 0.629635
393 0.632239
401 0.635678
413 0.636081
417 0.636547
462 0.63918
467 0.643792
482 0.646363
485 0.647652
490 0.656148
495 0.658628
503 0.660187
508 0.663123
516 0.664064
525 0.665185
540 0.665674
548 0.66614
594 0.666725
602 0.667136
604 0.669527
621 0.669802
624 0.674759
628 0.676123
646 0.67616
654 0.676361
673 0.67643
676 0.677275
692 0.682142
697 0.682556
715 0.683984
718 0.684733
734 0.687529
767 0.689079
784 0.690219
876 0.691586
926 0.692994
1046 0.694001
1097 0.696134
1127 0.696751
1187 0.697827
