0 0.48763
1 0.488683
3 0.492661
5 0.494749
6 0.496515
8 0.496737
9 0.500496
11 0.50142
13 0.502429
14 0.502803
17 0.504299
18 0.507961
19 0.508988
20 0.509483
21 0.510475
22 0.513061
25 0.518211
26 0.518941
29 0.519215
33 0.520282
34 0.520304
36 0.522971
37 0.524492
38 0.528313
42 0.528641
51 0.529462
52 0.531198
62 0.531364
64 0.533117
66 0.534148
67 0.53441
68 0.536151
69 0.536414
74 0.536939
77 0.537051
79 0.539259
81 0.543345
86 0.544397
88 0.549986
92 0.551119
95 0.552221
102 0.554394
104 0.555469
107 0.558046
108 0.559665
109 0.561428
111 0.564408
112 0.565298
119 0.566992
121 0.568785
128 0.56939
132 0.570941
135 0.573339
149 0.573521
152 0.577578
156 0.581928
157 0.582879
168 0.583426
180 0.583429
182 0.585861
197 0.590191
201 0.590766
208 0.593062
212 0.593595
214 0.595582
215 0.597064
220 0.599756
228 0.604781
233 0.606501
235 0.611029
242 0.612016
248 0.615407
251 0.617484
256 0.623182
260 0.625105
275 0.627662
281 0.629835
289 0.637347
291 0.638655
302 0.639416
304 0.639647
309 0.641804
314 0.643756
315 0.644595
324 0.645061
327 0.645971
329 0.646314
331 0.646969
332 0.648224
345 0.648435
348 0.649649
352 0.649677
366 0.64983
377 0.650565
383 0.651942
386 0.655154
421 0.655292
446 0.656152
454 0.657207
462 0.660159
463 0.663139
464 0.66358
479 0.664771
496 0.666375
504 0.669796
508 0.670519
509 0.676335
522 0.676383
564 0.677342
566 0.679065
567 0.681543
577 0.681683
621 0.683918
649 0.685116
658 0.685282
708 0.687004
736 0.688252
740 0.690769
741 0.691216
782 0.693342
799 0.695411
826 0.696923
843 0.700779
869 0.701174
897 0.702085
1067 0.703449
1259 0.703594
1330 0.704543
1530 0.706084
