0 0.493974
2 0.498025
5 0.499666
6 0.501793
7 0.503296
10 0.510199
12 0.511433
13 0.513129
14 0.516667
24 0.5194
25 0.520579
29 0.52147
30 0.525052
34 0.526251
35 0.527232
41 0.527957
47 0.529249
48 0.529752
50 0.533428
52 0.5357
54 0.538832
57 0.541539
64 0.546395
68 0.547997
69 0.549569
75 0.553555
79 0.553976
85 0.556255
92 0.556878
95 0.560972
98 0.563475
101 0.565425
102 0.567083
103 0.569001
107 0.570723
109 0.57105
113 0.575421
114 0.579919
115 0.582631
116 0.584265
118 0.584276
119 0.585962
121 0.588436
123 0.590679
128 0.595458
140 0.598689
143 0.598911
144 0.601078
148 0.602401
156 0.605021
159 0.605223
169 0.608484
175 0.610743
179 0.613699
185 0.615903
191 0.616942
197 0.620039
199 0.620839
206 0.624459
207 0.625053
216 0.625549
220 0.627754
223 0.629835
229 0.631362
238 0.631509
239 0.633416
247 0.638365
248 0.639374
255 0.641133
256 0.641636
257 0.648268
264 0.64969
268 0.649941
285 0.65113
294 0.651348
295 0.6533
300 0.653657
311 0.654504
315 0.65454
316 0.656948
319 0.661082
362 0.661708
364 0.664004
373 0.66769
375 0.669145
391 0.669202
398 0.669205
430 0.670483
431 0.67274
432 0.675372
445 0.67685
446 0.677805
465 0.68043
500 0.680656
509 0.68081
534 0.681183
544 0.682137
561 0.684027
574 0.685534
577 0.685868
611 0.686264
627 0.686748
640 0.686817
644 0.687235
648 0.688323
660 0.689269
702 0.690341
752 0.69207
761 0.692792
767 0.694339
780 0.695913
868 0.69719
873 0.698731
880 0.699201
900 0.70127
1000 0.702187
1082 0.703533
1116 0.705132
1147 0.7055
1156 0.70665
1364 0.708203
