0 0.496237
4 0.498786
7 0.501516
8 0.502533
10 0.505464
11 0.50924
16 0.513618
17 0.513804
19 0.516339
24 0.517489
29 0.519032
32 0.520651
33 0.522787
35 0.523027
41 0.523536
42 0.523956
45 0.526285
48 0.527312
49 0.529962
50 0.533503
57 0.535285
62 0.536032
68 0.53669
70 0.537634
72 0.542063
73 0.543654
78 0.544248
79 0.548343
81 0.548621
88 0.549195
90 0.550277
92 0.552897
93 0.554352
95 0.557247
96 0.558558
97 0.559114
99 0.562396
100 0.565332
106 0.567388
110 0.570561
112 0.573193
118 0.573357
129 0.574541
142 0.576831
143 0.576914
147 0.581412
148 0.583074
150 0.586979
159 0.588954
166 0.596213
171 0.597816
173 0.59846
174 0.600507
175 0.603338
181 0.608795
183 0.609285
184 0.611604
186 0.61528
189 0.617987
192 0.621687
194 0.621993
195 0.622544
202 0.623452
205 0.624399
209 0.626952
214 0.629641
217 0.631363
225 0.631996
233 0.632068
234 0.632612
241 0.634612
267 0.635311
268 0.635838
283 0.638271
293 0.639718
297 0.640082
307 0.641033
313 0.642059
316 0.649036
334 0.650154
346 0.651132
364 0.651249
369 0.652642
382 0.65341
404 0.656263
409 0.657344
426 0.657405
439 0.658212
450 0.660176
461 0.661886
468 0.663872
483 0.664265
487 0.665959
497 0.666911
512 0.668275
522 0.670205
526 0.670936
546 0.671162
549 0.671788
567 0.672904
572 0.674279
579 0.67552
588 0.67677
627 0.677631
628 0.678368
634 0.680832
664 0.681023
673 0.684816
678 0.685666
692 0.685899
704 0.686103
713 0.686189
787 0.687381
799 0.688659
804 0.690304
892 0.690611
910 0.692189
913 0.692631
1022 0.693653
1123 0.696025
1298 0.700005
1329 0.700049
1438 0.702853
1543 0.704572
