0 0.489818
1 0.495835
2 0.497142
5 0.503593
6 0.505905
7 0.512935
11 0.513779
13 0.517649
14 0.519142
15 0.521688
16 0.524958
20 0.525662
21 0.526053
22 0.528485
24 0.528603
26 0.528957
28 0.536245
29 0.537093
31 0.537231
33 0.539056
35 0.544329
36 0.546352
47 0.550487
49 0.550907
52 0.554938
54 0.555281
55 0.558181
62 0.56154
67 0.563266
69 0.563909
70 0.56424
75 0.566176
77 0.566837
80 0.567343
84 0.568078
87 0.569102
97 0.56982
98 0.576979
100 0.581579
104 0.583494
108 0.583662
117 0.588081
120 0.588113
122 0.591864
123 0.595108
130 0.595671
142 0.597288
159 0.598921
160 0.60316
164 0.607257
168 0.609732
182 0.612333
183 0.61336
186 0.613433
195 0.614647
207 0.616544
209 0.61796
217 0.620051
223 0.620054
232 0.620362
234 0.620554
240 0.621882
243 0.623567
245 0.627242
246 0.628482
249 0.629893
255 0.632918
277 0.633184
278 0.635755
283 0.637326
284 0.639353
285 0.643593
312 0.644187
316 0.645714
329 0.646054
334 0.648754
336 0.652628
338 0.653302
361 0.654654
365 0.657196
373 0.660572
378 0.661861
381 0.665039
383 0.666571
392 0.669076
393 0.670277
405 0.671105
412 0.673119
417 0.673437
430 0.674281
439 0.675689
447 0.676491
468 0.678267
489 0.678957
500 0.680092
504 0.680495
523 0.682199
553 0.684531
555 0.685809
585 0.687449
591 0.687461
593 0.687911
717 0.68895
741 0.689012
744 0.689481
805 0.691203
821 0.695239
958 0.695599
997 0.6962
1006 0.696205
1043 0.69766
