0 0.485579
1 0.486684
2 0.490841
4 0.491703
5 0.492981
9 0.494717
15 0.496902
17 0.497101
18 0.499304
24 0.501842
27 0.502068
29 0.503239
33 0.509876
34 0.511686
38 0.514012
42 0.514452
43 0.514957
44 0.517675
45 0.517808
46 0.523289
47 0.525215
49 0.526413
50 0.528049
51 0.528589
53 0.531324
57 0.533521
59 0.534587
62 0.534704
66 0.536632
68 0.537178
71 0.538516
73 0.539437
74 0.540475
75 0.542028
76 0.54398
79 0.545314
81 0.54764
91 0.549057
92 0.550818
94 0.55083
99 0.550977
104 0.55355
106 0.556796
115 0.5589
117 0.559704
128 0.560528
129 0.562277
130 0.562981
138 0.567012
139 0.567336
140 0.569037
143 0.572249
148 0.574137
149 0.574811
152 0.577247
169 0.578225
170 0.579201
172 0.58246
178 0.583597
184 0.585413
185 0.587084
187 0.587975
197 0.589798
204 0.5919
211 0.598685
238 0.601181
241 0.602933
243 0.603324
254 0.603871
257 0.606904
271 0.611738
276 0.613106
277 0.614014
278 0.614666
310 0.615866
314 0.619539
319 0.620086
330 0.623461
331 0.624032
340 0.626473
341 0.631224
348 0.632072
356 0.634034
399 0.634907
408 0.635276
420 0.63697
421 0.637096
434 0.637602
438 0.638462
439 0.640614
445 0.6407
447 0.642421
453 0.643829
461 0.644094
478 0.646617
501 0.647553
533 0.650943
547 0.65376
560 0.654068
565 0.654394
571 0.654916
591 0.657912
602 0.657997
607 0.65805
612 0.658711
614 0.660226
615 0.661418
678 0.664852
680 0.665673
719 0.669743
761 0.671218
782 0.672611
787 0.673627
800 0.673898
802 0.674519
812 0.674687
816 0.674781
840 0.675256
848 0.675868
850 0.67759
853 0.679106
858 0.679295
873 0.679705
894 0.680758
942 0.681187
1036 0.684569
1085 0.686486
1177 0.687803
1198 0.689258
1298 0.689949
1325 0.691229
1363 0.691295
1374 0.691507
