0 0.480832
1 0.484049
2 0.484851
3 0.495683
6 0.50052
8 0.500563
9 0.504746
12 0.50517
13 0.505632
14 0.507765
27 0.510622
29 0.51355
31 0.513563
36 0.513893
41 0.519548
42 0.520852
44 0.521844
45 0.52543
47 0.526116
54 0.527575
56 0.530417
57 0.531836
59 0.532383
61 0.532878
64 0.532911
65 0.532968
68 0.537551
73 0.539607
74 0.541425
77 0.545942
85 0.547827
88 0.548556
94 0.549919
95 0.551271
97 0.552889
98 0.554584
99 0.555202
100 0.556698
102 0.55734
103 0.559918
107 0.56265
115 0.564197
119 0.564635
125 0.564961
126 0.566449
133 0.57323
143 0.576518
145 0.578563
146 0.579484
154 0.582113
155 0.583484
165 0.583487
172 0.587002
173 0.588464
192 0.590019
196 0.590769
197 0.592828
203 0.593704
211 0.594165
212 0.596969
214 0.599498
220 0.602118
227 0.603116
230 0.603766
240 0.604301
244 0.605255
246 0.605497
251 0.605866
265 0.606523
271 0.607507
280 0.608462
283 0.608628
287 0.609275
296 0.610135
298 0.61358
300 0.615715
306 0.622954
309 0.623028
321 0.623435
323 0.624416
331 0.625589
347 0.626665
361 0.627187
398 0.627791
399 0.630235
408 0.632222
410 0.637227
418 0.6387
432 0.640003
437 0.640554
443 0.643869
455 0.645169
463 0.645659
467 0.646311
471 0.646885
473 0.650073
481 0.65165
519 0.651993
528 0.65332
547 0.653429
555 0.65485
564 0.65501
578 0.6576
612 0.658443
617 0.658857
629 0.659526
636 0.659665
657 0.6637
668 0.663748
710 0.666704
752 0.666799
783 0.669375
837 0.671064
849 0.67277
893 0.674374
910 0.6765
921 0.678011
950 0.67896
974 0.681275
979 0.684256
1006 0.685035
1035 0.686074
1187 0.686481
1345 0.687025
1578 0.687805
1708 0.688129
1868 0.688946
1927 0.689158
