0 0.510423
1 0.510463
5 0.51276
7 0.515465
9 0.520947
10 0.520986
20 0.522399
26 0.522484
27 0.532243
28 0.5329
30 0.534174
32 0.537835
33 0.538672
34 0.541934
35 0.542476
36 0.543235
37 0.543523
40 0.543609
42 0.544074
52 0.545353
62 0.548977
64 0.550623
72 0.555404
73 0.560361
75 0.565036
77 0.567011
80 0.567506
83 0.569398
93 0.571903
94 0.572879
95 0.574173
96 0.578271
97 0.580303
98 0.580832
101 0.582595
106 0.58394
108 0.584738
126 0.585072
128 0.588691
130 0.589285
137 0.589648
141 0.593994
146 0.595827
148 0.597145
149 0.598696
151 0.601273
154 0.603658
156 0.605863
159 0.606855
163 0.607316
168 0.608473
177 0.610805
183 0.610872
195 0.611387
196 0.614798
198 0.615266
213 0.61924
222 0.619251
226 0.622408
227 0.624059
228 0.624862
231 0.628463
242 0.630478
248 0.631507
267 0.634352
273 0.634385
286 0.637775
288 0.637829
297 0.637875
301 0.64053
311 0.641744
357 0.644615
359 0.646726
370 0.648656
387 0.651801
388 0.653175
404 0.653313
410 0.655093
457 0.658505
488 0.65952
507 0.661405
519 0.662698
520 0.663619
524 0.664049
541 0.664163
542 0.664256
546 0.664584
552 0.664673
557 0.665753
587 0.665907
597 0.668369
610 0.671012
623 0.673814
643 0.674811
657 0.67576
684 0.676999
685 0.677131
707 0.677357
732 0.678399
733 0.679452
746 0.680828
747 0.682726
751 0.683163
772 0.684207
797 0.685059
822 0.687643
833 0.68811
837 0.688889
839 0.691378
882 0.693263
916 0.695324
947 0.695738
954 0.698324
1034 0.69889
1193 0.699504
1293 0.700244
1415 0.700326
1461 0.701394
1465 0.701501
