0 0.480094
1 0.482457
4 0.483157
5 0.484953
6 0.487816
7 0.489069
8 0.490912
9 0.493957
11 0.494905
12 0.495991
13 0.496424
17 0.499131
21 0.50082
24 0.503796
28 0.506859
29 0.510611
32 0.510875
33 0.512953
34 0.515665
37 0.516108
40 0.518434
41 0.519805
42 0.521907
45 0.523895
46 0.525205
48 0.525746
50 0.527108
52 0.52865
53 0.529741
56 0.53134
59 0.532912
61 0.535919
63 0.538218
69 0.540735
71 0.543891
76 0.550204
79 0.551976
81 0.553921
83 0.555641
85 0.556959
88 0.559707
95 0.560098
98 0.561649
115 0.566153
119 0.567731
122 0.568826
127 0.568945
128 0.56899
135 0.57139
140 0.572754
141 0.572754
145 0.574029
150 0.574041
151 0.577649
156 0.577811
159 0.580447
161 0.584952
162 0.585771
171 0.592879
176 0.59694
177 0.59704
181 0.598843
183 0.59914
188 0.601706
196 0.602347
200 0.603729
207 0.607394
212 0.608432
215 0.609646
218 0.610533
224 0.612469
237 0.613378
249 0.615995
252 0.617278
256 0.617928
262 0.62007
272 0.621186
276 0.624576
278 0.625981
281 0.629634
286 0.631997
288 0.632061
302 0.634393
317 0.635551
323 0.63646
337 0.63804
338 0.646318
358 0.647352
359 0.650169
360 0.651489
368 0.654853
379 0.655756
384 0.656129
388 0.656416
421 0.658547
433 0.658649
435 0.65934
439 0.660689
440 0.661335
474 0.662842
481 0.662868
482 0.663477
500 0.664853
528 0.667453
545 0.667904
563 0.668821
568 0.670077
583 0.671268
588 0.67618
595 0.678561
610 0.679392
611 0.681311
664 0.681967
679 0.682461
698 0.685874
700 0.68935
701 0.68979
731 0.691265
752 0.691359
842 0.69177
878 0.69242
888 0.692459
939 0.69772
1009 0.697903
1013 0.697915
1051 0.699062
