0 0.516502
3 0.518393
4 0.521653
6 0.522891
7 0.522962
8 0.524508
13 0.528903
15 0.53042
16 0.532172
17 0.536336
24 0.539183
25 0.542293
27 0.543668
29 0.54876
31 0.548986
33 0.549832
34 0.552398
35 0.560814
36 0.562222
40 0.565199
45 0.565645
51 0.567161
54 0.568777
59 0.572217
60 0.573656
65 0.576356
66 0.577727
69 0.579143
70 0.579701
71 0.57983
74 0.580846
80 0.583925
84 0.583937
90 0.586853
93 0.586954
96 0.587282
103 0.590518
106 0.590744
110 0.59224
114 0.594517
117 0.596636
121 0.596856
122 0.59694
125 0.59822
131 0.599023
135 0.602212
137 0.603789
140 0.605851
152 0.608739
166 0.610875
167 0.616027
180 0.616365
182 0.616786
184 0.617464
190 0.618653
194 0.619166
195 0.619758
197 0.620245
201 0.622831
202 0.623272
204 0.624246
209 0.624534
222 0.624805
251 0.625634
255 0.630305
257 0.631718
259 0.633718
261 0.633818
265 0.634
267 0.634648
268 0.636933
276 0.637585
280 0.640402
291 0.643239
305 0.643571
325 0.643607
326 0.644437
341 0.647541
357 0.649873
361 0.651193
371 0.651504
409 0.654069
410 0.654071
420 0.65515
421 0.657326
427 0.657538
432 0.658366
455 0.658864
460 0.660733
525 0.664158
530 0.667113
535 0.667327
556 0.668148
578 0.668474
590 0.669124
616 0.669807
630 0.671203
649 0.67227
654 0.674473
672 0.676474
697 0.679275
698 0.67969
739 0.680273
746 0.681553
759 0.682305
834 0.682366
842 0.683992
868 0.685382
882 0.68593
1002 0.688467
1003 0.689706
1040 0.691657
1080 0.694395
1159 0.695592
1186 0.699098
1246 0.699429
1258 0.700395
1333 0.701039
1571 0.702236
1672 0.704956
