0 0.473635
1 0.477216
2 0.480453
3 0.484019
4 0.48455
6 0.491128
9 0.499251
10 0.499759
11 0.500812
12 0.501868
14 0.50334
17 0.504625
18 0.506351
21 0.506418
22 0.509044
24 0.509065
27 0.512219
30 0.51435
33 0.514771
35 0.520727
36 0.522801
37 0.524031
38 0.525849
39 0.526518
42 0.526681
43 0.527122
44 0.52869
47 0.528894
48 0.531806
49 0.532512
53 0.534296
57 0.536097
60 0.537622
62 0.539673
63 0.541352
78 0.542275
81 0.544279
82 0.545559
85 0.548283
88 0.548934
89 0.54937
92 0.549559
98 0.552991
100 0.556268
101 0.55653
103 0.558473
105 0.559972
109 0.561673
116 0.564648
119 0.565496
121 0.567848
122 0.570739
132 0.574364
136 0.576261
143 0.577587
152 0.579155
157 0.581796
158 0.582767
166 0.583967
168 0.584542
171 0.587223
175 0.587563
177 0.588128
178 0.588208
179 0.588821
183 0.5907
185 0.593007
189 0.594122
192 0.596103
194 0.596147
196 0.598624
198 0.600542
201 0.605614
204 0.611531
205 0.614108
206 0.616926
208 0.617555
211 0.619807
215 0.620155
218 0.622363
224 0.623378
225 0.624172
238 0.625727
243 0.626378
249 0.626564
250 0.62915
251 0.632529
253 0.636146
261 0.636975
268 0.638669
269 0.63983
271 0.641886
288 0.64192
292 0.643091
295 0.643544
307 0.643682
327 0.644188
332 0.645529
341 0.645823
345 0.647278
346 0.650532
360 0.651223
361 0.65591
381 0.657329
404 0.658985
418 0.660704
420 0.661525
431 0.662739
441 0.662776
458 0.663813
477 0.663901
481 0.66572
498 0.669304
519 0.673691
521 0.674793
568 0.675161
597 0.676971
602 0.676992
623 0.677336
629 0.677957
641 0.680023
650 0.680749
653 0.683142
660 0.68521
746 0.685682
749 0.686721
757 0.68718
767 0.68765
776 0.687967
789 0.689354
791 0.689925
798 0.690359
828 0.691386
880 0.692961
911 0.693487
946 0.694281
999 0.694695
1003 0.697754
1096 0.698299
1116 0.69953
