0 0.500124
1 0.501428
2 0.501554
4 0.502692
7 0.50595
9 0.508162
10 0.513558
13 0.51589
15 0.516409
16 0.519993
17 0.524573
21 0.524639
22 0.528089
23 0.529274
24 0.529623
26 0.530531
30 0.532322
38 0.534714
39 0.53784
41 0.539592
43 0.540726
45 0.542734
46 0.546183
48 0.548636
49 0.55082
51 0.553155
52 0.556327
57 0.557126
62 0.562049
64 0.564016
73 0.567095
75 0.568525
78 0.568796
81 0.570117
84 0.571893
87 0.574092
88 0.575882
89 0.576368
92 0.576446
105 0.578776
110 0.579204
111 0.580301
116 0.58369
120 0.585262
122 0.586263
123 0.593804
124 0.597358
125 0.602152
131 0.60322
136 0.607517
140 0.611697
147 0.614715
149 0.615144
151 0.61882
152 0.620992
153 0.623044
159 0.623972
162 0.62539
163 0.626146
165 0.628073
166 0.628628
179 0.629694
185 0.631222
193 0.632483
195 0.635866
197 0.63881
200 0.639691
206 0.640159
215 0.64102
220 0.643562
229 0.643599
238 0.64394
247 0.644651
256 0.646373
262 0.647755
277 0.649715
280 0.651842
281 0.652387
284 0.652934
291 0.657687
327 0.658098
335 0.659121
337 0.659686
351 0.659934
358 0.662713
363 0.663474
377 0.666617
378 0.668939
383 0.669731
395 0.66987
413 0.671528
442 0.675279
458 0.675475
464 0.676923
468 0.68179
478 0.683108
492 0.683984
531 0.686705
611 0.686717
633 0.687616
640 0.688008
642 0.689434
647 0.689811
711 0.690495
755 0.693128
805 0.693531
808 0.694331
820 0.69698
844 0.697924
944 0.698391
998 0.701011
1244 0.701702
