0 0.507383
1 0.508264
2 0.514713
5 0.515686
10 0.516899
12 0.517511
13 0.518965
14 0.519398
15 0.521816
18 0.523183
19 0.523303
20 0.524854
21 0.528542
24 0.531223
26 0.533828
27 0.534736
28 0.535429
30 0.536243
37 0.53689
40 0.537366
45 0.538563
47 0.539677
56 0.540068
61 0.542968
62 0.544197
67 0.548145
71 0.550213
73 0.551621
74 0.553326
76 0.556945
85 0.557879
86 0.558904
87 0.559585
93 0.559968
96 0.561286
97 0.566983
98 0.571146
100 0.573607
102 0.573961
107 0.575004
110 0.575825
111 0.578138
115 0.584703
117 0.58669
119 0.587288
125 0.590905
146 0.593455
147 0.5966
151 0.599113
154 0.599581
156 0.601928
158 0.604745
159 0.605108
161 0.606112
169 0.606778
172 0.610963
186 0.61312
189 0.618081
190 0.618292
206 0.62127
212 0.621493
213 0.624557
218 0.625724
230 0.626127
239 0.626548
250 0.627217
254 0.628153
255 0.63181
256 0.632868
257 0.633477
272 0.63377
274 0.634002
276 0.638387
279 0.640686
280 0.641531
283 0.64264
295 0.64279
316 0.646015
328 0.647519
334 0.648245
350 0.649311
360 0.650444
361 0.650784
362 0.653902
394 0.654069
396 0.655851
417 0.657109
430 0.658902
435 0.659517
445 0.661428
464 0.663352
467 0.666084
483 0.666318
498 0.672361
502 0.673961
509 0.677858
522 0.680792
526 0.682926
552 0.683892
581 0.685551
585 0.687104
586 0.687308
598 0.68746
623 0.68753
634 0.687858
646 0.687968
648 0.688538
658 0.688706
667 0.689127
671 0.69017
705 0.690981
721 0.695961
729 0.699056
847 0.699813
873 0.700264
922 0.702521
1067 0.705012
1211 0.705938
1380 0.708035
1498 0.708121
1686 0.709013
