0 0.471136
3 0.471166
4 0.471533
5 0.475497
9 0.478678
12 0.480174
14 0.4845
17 0.48646
18 0.488958
19 0.491717
22 0.491744
23 0.491761
25 0.494338
27 0.49855
34 0.501808
36 0.507881
38 0.510169
39 0.510264
40 0.513384
41 0.517809
44 0.52156
46 0.526949
47 0.530449
49 0.533628
53 0.53443
57 0.536634
59 0.536802
64 0.540913
71 0.541381
72 0.543947
74 0.548475
75 0.549927
78 0.551815
80 0.553907
81 0.557377
85 0.561917
88 0.562865
91 0.564551
92 0.56838
94 0.569753
95 0.570949
104 0.573506
108 0.574442
117 0.575621
120 0.57914
121 0.58025
126 0.583316
129 0.588438
131 0.589505
132 0.592944
140 0.594445
144 0.595354
146 0.595447
147 0.595601
155 0.595906
159 0.597635
165 0.599526
167 0.600635
171 0.602365
175 0.603647
179 0.604172
183 0.605153
189 0.606539
196 0.610086
200 0.612003
202 0.613217
203 0.614765
204 0.615339
205 0.618867
209 0.622531
216 0.623059
221 0.623194
225 0.625012
227 0.626706
232 0.627796
246 0.628405
248 0.629784
251 0.629971
257 0.630621
261 0.633171
262 0.636002
269 0.636313
279 0.63686
282 0.639223
284 0.640084
291 0.642267
292 0.644056
296 0.647244
305 0.647706
316 0.648745
336 0.653791
341 0.654049
345 0.654543
346 0.655804
349 0.657523
357 0.659611
360 0.660673
364 0.666451
370 0.666757
388 0.667106
400 0.667614
414 0.670514
419 0.672063
420 0.675081
432 0.675902
436 0.675905
437 0.677256
438 0.677322
480 0.682039
533 0.68258
545 0.683695
576 0.685286
577 0.68894
606 0.689909
608 0.691997
652 0.693315
696 0.69469
734 0.697022
786 0.697452
802 0.702533
837 0.703356
840 0.703705
880 0.707741
928 0.709366
1075 0.709409
1167 0.711844
1211 0.712089
1220 0.71401
1240 0.714431
