0 0.481425
7 0.481677
8 0.48241
9 0.488303
12 0.489012
14 0.491222
17 0.492824
21 0.49442
22 0.495489
23 0.49854
24 0.499585
27 0.502677
30 0.504644
31 0.508264
32 0.513388
34 0.51377
36 0.515856
39 0.51622
40 0.516672
41 0.521128
42 0.523813
44 0.530538
49 0.533994
50 0.537084
59 0.542008
62 0.544555
63 0.546779
68 0.55002
77 0.551992
80 0.553763
86 0.554856
87 0.55495
89 0.555132
93 0.559561
94 0.562532
95 0.56582
98 0.567237
104 0.568238
108 0.575205
111 0.578232
114 0.581423
117 0.583314
120 0.586307
125 0.587285
130 0.587804
131 0.588092
133 0.590491
134 0.591676
136 0.592638
138 0.594342
144 0.594648
153 0.596958
155 0.597162
160 0.59729
165 0.601821
166 0.602506
169 0.603959
174 0.604911
179 0.607041
197 0.610854
204 0.614008
216 0.615418
218 0.617441
220 0.617985
221 0.618392
224 0.620806
230 0.62368
240 0.623961
264 0.625739
269 0.629926
271 0.631155
272 0.633281
278 0.638122
280 0.638387
290 0.638891
294 0.639821
303 0.642635
320 0.642772
322 0.644449
327 0.645238
359 0.645929
364 0.64664
369 0.64945
404 0.650452
405 0.65435
412 0.654397
431 0.655808
433 0.657011
443 0.657962
448 0.659513
452 0.66079
462 0.661483
470 0.662756
480 0.663285
481 0.665031
485 0.665254
487 0.668047
490 0.669898
514 0.670857
533 0.671693
566 0.673847
596 0.675236
630 0.677742
635 0.678789
647 0.679164
648 0.679786
659 0.680255
660 0.682158
671 0.683521
680 0.684839
694 0.685104
729 0.686535
735 0.686889
762 0.689022
781 0.690263
815 0.690421
820 0.690747
869 0.691201
927 0.693278
957 0.693509
1014 0.696487
1035 0.698737
1076 0.69954
1090 0.701147
1231 0.704976
1341 0.705631
1382 0.706072
