1 0.49281821782178
2 0.49555236633663
3 0.49766241584158
4 0.4997247029703
5 0.50116269306931
6 0.50302918811881
7 0.50480837623762
8 0.50688503960396
9 0.50889486138614
10 0.51130959405941
11 0.51303131683168
12 0.51470678217822
13 0.51594527722772
14 0.51760043564356
15 0.51935353465347
16 0.52109767326733
17 0.52273433663366
18 0.5239
19 0.52627898019802
20 0.52819730693069
21 0.52953967326733
22 0.5309142970297
23 0.53300063366337
24 0.53437453465347
25 0.53569268316832
26 0.53705412871287
27 0.53842787128713
28 0.54058020792079
29 0.54194361386139
30 0.54320697029703
31 0.5446179009901
32 0.54604199009901
33 0.54739166336634
34 0.54878176237624
35 0.54988718811881
36 0.55094976237624
37 0.55252835643564
38 0.55365858415842
39 0.55491275247525
40 0.55634250495049
41 0.55739211881188
42 0.55914599009901
43 0.56010456435644
44 0.56162294059406
45 0.56272020792079
46 0.56394188118812
47 0.56509171287129
48 0.56608862376238
49 0.56701227722772
50 0.56770725742574
51 0.56870866336634
52 0.56991515841584
53 0.57152467326733
54 0.57275920792079
55 0.57386034653465
56 0.57503679207921
57 0.57560445544554
58 0.57686158415842
59 0.57791494059406
60 0.5785908019802
61 0.5795337029703
62 0.58065104950495
63 0.58161681188119
64 0.5825898019802
65 0.58348442574257
66 0.58458289108911
67 0.58529825742574
68 0.58625858415842
69 0.58741267326733
70 0.5885327029703
71 0.58959545544554
72 0.59056671287129
73 0.59103376237624
74 0.59177314851485
75 0.5924138019802
76 0.59307194059406
77 0.59388062376238
78 0.59447373267327
79 0.59542366336634
80 0.59593556435644
81 0.59710725742574
82 0.59772254455446
83 0.59857414851485
84 0.59973184158416
85 0.60019441584158
86 0.60082125742574
87 0.60153936633663
88 0.60226701980198
89 0.60333174257426
90 0.60408624752475
91 0.60476789108911
92 0.6054621980198
93 0.60606624752475
94 0.60673817821782
95 0.60778299009901
96 0.60852482178218
97 0.6090593960396
98 0.60958357425743
99 0.61009693069307
100 0.61090130693069
101 0.61129496039604
102 0.61210968316832
103 0.61266189108911
104 0.61306273267327
105 0.6138507029703
106 0.6143188019802
107 0.61532647524752
108 0.61589791089109
109 0.61648421782178
110 0.61724823762376
111 0.61789630693069
112 0.61849344554455
113 0.61921956435644
114 0.61961153465347
115 0.62014141584158
116 0.62074265346535
117 0.62129828712871
118 0.6216108019802
119 0.62193622772277
120 0.62226985148515
121 0.62283936633663
122 0.62331784158416
123 0.62370099009901
124 0.62403300990099
125 0.62461026732673
126 0.6251487029703
127 0.62562886138614
128 0.62610166336634
129 0.6267590990099
130 0.62708286138614
131 0.62752500990099
132 0.62777171287129
133 0.62824975247525
134 0.62872892079208
135 0.62915420792079
136 0.62969463366337
137 0.63010887128713
138 0.63034813861386
139 0.63062157425743
140 0.63111958415842
141 0.631703
142 0.63217555445545
143 0.63259853465347
144 0.63317045544554
145 0.63370704950495
146 0.63430632673267
147 0.63464901980198
148 0.63502204950495
149 0.63543928712871
150 0.63585062376238
151 0.63651804950495
152 0.63689865346535
153 0.63740969306931
154 0.63790911881188
155 0.63839603960396
156 0.63879563366337
157 0.63909415841584
158 0.63951614851485
159 0.64001756435644
160 0.64035606930693
161 0.64070020792079
162 0.64128218811881
163 0.64152355445545
164 0.64190822772277
165 0.64239600990099
166 0.64265934653465
167 0.6430325049505
168 0.64335167326733
169 0.64370591089109
170 0.64406088118812
171 0.64439528712871
172 0.64490238613861
173 0.64507089108911
174 0.64538830693069
175 0.64577981188119
176 0.64625653465347
177 0.64670714851485
178 0.6469776039604
179 0.64724696039604
180 0.64755562376238
181 0.64777435643564
182 0.64823436633663
183 0.64838701980198
184 0.64863696039604
185 0.64896179207921
186 0.6493057029703
187 0.6495840990099
188 0.64983540594059
189 0.65037240594059
190 0.65065513861386
191 0.65093727722772
192 0.65116478217822
193 0.65131746534653
194 0.65158194059406
195 0.65179825742574
196 0.65226417821782
197 0.6526177029703
198 0.65282745544554
199 0.65310610891089
200 0.65331482178218
201 0.65351732673267
202 0.65397212871287
203 0.65427306930693
204 0.65453384158416
205 0.65497600990099
206 0.65515552475247
207 0.65537752475247
208 0.65553103960396
209 0.65578923762376
210 0.6559944950495
211 0.65608163366337
212 0.65652731683168
213 0.65675412871287
214 0.6568222970297
215 0.65705613861386
216 0.65733600990099
217 0.65762702970297
218 0.6576790990099
219 0.65804430693069
220 0.65861968316832
221 0.65878251485148
222 0.65908011881188
223 0.65919777227723
224 0.65968713861386
225 0.66001486138614
226 0.66012072277228
227 0.66030446534653
228 0.66033691089109
229 0.66064005940594
230 0.66078302970297
231 0.66084952475247
232 0.66099316831683
233 0.66131591089109
234 0.66172328712871
235 0.66189501980198
236 0.66195299009901
237 0.66218255445545
238 0.66231085148515
239 0.66269632673267
240 0.66285648514851
241 0.6631951980198
242 0.66333275247525
243 0.6635681980198
244 0.66379659405941
245 0.66409234653465
246 0.66438933663366
247 0.66457776237624
248 0.66470902970297
249 0.66472114851485
250 0.66504565346535
251 0.66512871287129
252 0.66517003960396
253 0.66558244554455
254 0.66584786138614
255 0.6659407029703
256 0.66611106930693
257 0.66655181188119
258 0.66679838613861
259 0.66691969306931
260 0.66698516831683
261 0.66716737623762
262 0.66724793069307
263 0.66778588118812
264 0.66795088118812
265 0.66822610891089
266 0.66850472277228
267 0.66880035643564
268 0.66885273267327
269 0.6691730990099
270 0.66933948514851
271 0.6694560990099
272 0.66957605940594
273 0.66968265346535
274 0.66991100990099
275 0.67027243564356
276 0.67048892079208
277 0.67061127722772
278 0.67081085148515
279 0.67099961386139
280 0.67121615841584
281 0.6714281980198
282 0.67146841584158
283 0.67166291089109
284 0.67183304950495
285 0.67197277227723
286 0.67221499009901
287 0.67240720792079
288 0.67258073267327
289 0.67267394059406
290 0.67275125742574
291 0.67287078217822
292 0.67296662376238
293 0.67309911881188
294 0.67321976237624
295 0.67323331683168
296 0.67333378217822
297 0.67350851485148
298 0.67353330693069
299 0.6735452970297
300 0.67361289108911
301 0.67361611881188
302 0.67367289108911
303 0.67389906930693
304 0.67397740594059
305 0.67412802970297
306 0.67421483168317
307 0.67422474257426
308 0.67427775247525
309 0.67435347524752
310 0.6744296039604
311 0.67470456435644
312 0.67480726732673
313 0.67492122772277
314 0.67502968316832
315 0.67509500990099
316 0.67527962376238
317 0.67530636633663
318 0.67542841584158
319 0.6755162970297
320 0.67558633663366
321 0.67575298019802
322 0.67584792079208
323 0.67590426732673
324 0.67613966336634
325 0.67621391089109
326 0.67627723762376
327 0.67641832673267
328 0.67657069306931
329 0.67672233663366
330 0.67684593069307
331 0.67704773267327
332 0.67719886138614
333 0.67725835643564
334 0.67733123762376
335 0.67742800990099
336 0.67750536633663
337 0.67752423762376
338 0.67768799009901
339 0.67779658415842
340 0.67787428712871
341 0.67795100990099
342 0.67797035643564
343 0.6780382970297
344 0.6781605049505
345 0.67827431683168
346 0.67833647524752
347 0.67843141584158
348 0.67859310891089
349 0.67866373267327
350 0.67870104950495
351 0.67874296039604
352 0.6789648019802
353 0.67909896039604
354 0.67925661386139
355 0.67930282178218
356 0.67943705940594
357 0.67945755445545
358 0.67959649504951
359 0.67963388118812
360 0.67967397029703
361 0.67982301980198
362 0.68006378217822
363 0.6801062970297
364 0.68025006930693
365 0.68039557425743
366 0.68054838613861
367 0.68065777227723
368 0.68073512871287
369 0.68076181188119
370 0.68105092079208
371 0.68112611881188
372 0.68128255445545
373 0.68134050495049
374 0.6813729009901
375 0.68146100990099
376 0.68148765346535
377 0.68164315841584
378 0.68166721782178
379 0.68172937623762
380 0.68179442574257
381 0.68184876237624
382 0.6819923960396
383 0.68203634653465
384 0.68210582178218
385 0.68223673267327
386 0.68252085148515
387 0.68253950495049
388 0.68257308910891
389 0.68263275247525
390 0.68273430693069
391 0.68281910891089
392 0.68287285148515
393 0.68298472277228
394 0.68307732673267
395 0.68309335643564
396 0.68317413861386
397 0.68324148514851
398 0.68325833663366
399 0.68338474257426
400 0.68353294059406
401 0.68356327722772
402 0.6836254950495
403 0.68376884158416
404 0.68378068316832
405 0.68378579207921
406 0.68385066336634
407 0.68398111881188
409 0.68402286138614
410 0.68416085148515
411 0.68423014851485
412 0.68437795049505
413 0.68455115841584
414 0.6845689009901
415 0.68458366336634
416 0.68460102970297
417 0.68466047524752
418 0.68468066336634
419 0.68473468316832
420 0.68480387128713
421 0.68492340594059
422 0.6849371980198
423 0.68507614851485
424 0.68507928712871
425 0.68526665346535
426 0.68533682178218
427 0.68536367326733
428 0.6854566039604
430 0.68549991089109
431 0.68557441584158
432 0.68557922772277
433 0.68563635643564
434 0.68572521782178
435 0.68588344554455
436 0.68589426732673
437 0.68597596039604
438 0.68599516831683
440 0.68599745544554
441 0.68604505940594
442 0.68614128712871
443 0.68627920792079
444 0.68632968316832
445 0.68636178217822
446 0.6864539009901
447 0.68656892079208
448 0.68657793069307
449 0.68665782178218
450 0.68670328712871
451 0.68672968316832
452 0.68681089108911
453 0.68687477227723
454 0.68688771287129
455 0.68696562376238
456 0.6870037029703
457 0.68708085148515
458 0.68711223762376
459 0.68712372277228
460 0.68718727722772
461 0.68718941584158
462 0.68719544554455
463 0.68723889108911
464 0.68726883168317
465 0.6872927029703
466 0.68734659405941
467 0.68754972277228
468 0.68760521782178
469 0.68765416831683
470 0.68772383168317
471 0.68778066336634
472 0.68778679207921
473 0.68786182178218
474 0.68797948514851
475 0.68799331683168
476 0.68804401980198
477 0.68815583168317
478 0.68820338613861
479 0.68828356435644
480 0.68833400990099
481 0.68843042574257
482 0.68849440594059
483 0.68851282178218
484 0.68854383168317
485 0.68868794059406
488 0.68869500990099
489 0.68880865346535
490 0.68882523762376
491 0.68885918811881
492 0.68886816831683
493 0.68895258415842
494 0.68900630693069
495 0.6891033960396
497 0.68916263366337
498 0.68920004950495
499 0.68932684158416
500 0.68935205940594
502 0.68944765346535
503 0.68947099009901
504 0.68949147524752
506 0.68951189108911
507 0.68952794059406
508 0.6896219009901
510 0.6897196039604
511 0.68973466336634
512 0.68982030693069
513 0.68996377227723
514 0.68999815841584
515 0.6900002970297
516 0.69008930693069
517 0.69010376237624
518 0.69023208910891
519 0.69024785148515
520 0.6902563960396
521 0.69026071287129
522 0.6902871980198
523 0.69030023762376
524 0.69032046534653
525 0.69033100990099
526 0.69042037623762
527 0.69042267326733
528 0.69045312871287
529 0.69047883168317
530 0.69051105940594
531 0.69052682178218
532 0.69057198019802
534 0.69059201980198
535 0.69063746534653
536 0.69066924752475
538 0.69068232673267
539 0.69069536633663
541 0.69071430693069
543 0.69080065346535
545 0.6908089009901
546 0.69085150495049
548 0.69090462376238
550 0.69092477227723
551 0.69101865346535
552 0.69101935643564
553 0.6910279009901
555 0.69104799009901
556 0.69109204950495
557 0.69109527722772
558 0.69111155445545
560 0.69116069306931
561 0.69119143564356
562 0.69120867326733
563 0.6912179009901
564 0.69131032673267
565 0.69132406930693
566 0.69134858415842
567 0.69135969306931
569 0.69137811881188
571 0.69145684158416
572 0.6914985049505
574 0.6914987029703
575 0.6915720990099
577 0.69161100990099
578 0.69166517821782
580 0.69167856435644
582 0.69172248514851
583 0.69175018811881
584 0.69184658415842
586 0.69190159405941
588 0.69192200990099
589 0.69192698019802
591 0.69202069306931
592 0.69202724752475
593 0.69204735643564
595 0.69205764356436
596 0.69212479207921
598 0.69216605940594
599 0.69219667326733
600 0.6922363960396
602 0.6922365049505
603 0.69225607920792
606 0.69225845544554
607 0.69227887128713
608 0.69231202970297
609 0.69232537623762
611 0.69242388118812
613 0.69242771287129
615 0.69244613861386
616 0.69244674257426
618 0.69245104950495
620 0.69245536633663
621 0.69247424752475
622 0.69248756435644
623 0.69249930693069
625 0.69251506930693
627 0.69255227722772
628 0.69264635643564
632 0.69274122772277
633 0.69285434653465
635 0.69292510891089
638 0.69294375247525
639 0.6929588019802
641 0.692969
642 0.69306733663366
644 0.69306827722772
648 0.69309540594059
650 0.69319371287129
651 0.69323177227723
652 0.69324362376238
653 0.69325318811881
654 0.693299
655 0.69330888118812
658 0.69336598019802
660 0.69340902970297
661 0.69343098019802
662 0.69351036633663
663 0.69353045544554
666 0.69354335643564
667 0.6935555049505
671 0.69356854455446
673 0.69361737623762
674 0.69363227722772
675 0.69365781188119
678 0.6936617029703
679 0.69370007920792
680 0.69372066336634
682 0.69373269306931
686 0.69375900990099
689 0.69375962376238
690 0.69376345544554
692 0.69378846534653
693 0.69379278217822
697 0.69380031683168
700 0.69380143564356
702 0.69381478217822
703 0.69386693069307
705 0.69389320792079
708 0.69392024752475
713 0.69393252475248
715 0.6939648019802
717 0.69402054455446
718 0.69407479207921
720 0.69411289108911
721 0.69413993069307
724 0.69419703960396
730 0.6942539009901
732 0.69428691089109
736 0.69430376237624
737 0.69434402970297
738 0.69439550495049
741 0.69443833663366
754 0.69447453465347
755 0.69453946534653
762 0.69460344554455
765 0.69461254455446
771 0.69461734653465
775 0.69463292079208
779 0.69466221782178
781 0.69467396039604
786 0.69468610891089
791 0.69469945544554
795 0.69470241584158
797 0.69470305940594
816 0.69472148514851
818 0.69476612871287
830 0.69477837623762
831 0.69477847524752
833 0.69483724752475
838 0.69486735643564
842 0.69487634653465
843 0.69488547524752
878 0.69492356435644
890 0.6949601980198
900 0.69496114851485
901 0.69496195049505
910 0.69496427722772
911 0.6949827029703
949 0.69499198019802
969 0.69505778217822
992 0.69506576237624
1001 0.69507007920792
1074 0.69512491089109
