0 0.516982
1 0.523564
3 0.534557
4 0.53974
5 0.542902
6 0.547525
7 0.551231
9 0.551255
10 0.554527
11 0.556121
20 0.560041
22 0.564442
27 0.568825
29 0.569869
34 0.57157
35 0.571963
37 0.575723
38 0.576856
40 0.580898
43 0.584919
44 0.586519
45 0.586624
47 0.588526
54 0.590343
63 0.592171
72 0.602711
76 0.606211
77 0.608454
88 0.611717
90 0.62035
96 0.624865
104 0.628026
106 0.629399
107 0.639366
110 0.641068
114 0.647714
121 0.649207
150 0.653884
152 0.656605
153 0.657698
167 0.662339
170 0.666555
174 0.667129
176 0.667344
177 0.67064
179 0.672604
220 0.677747
224 0.685192
243 0.6852
263 0.690891
269 0.696778
279 0.698638
306 0.699639
351 0.701668
422 0.701899
425 0.703788
477 0.703945
518 0.709583
548 0.709976
671 0.711293
