0 0.46008
2 0.460316
3 0.460845
5 0.46763
6 0.478041
9 0.481803
12 0.483234
17 0.484185
18 0.485045
19 0.487884
20 0.492285
21 0.492723
28 0.500824
29 0.517452
31 0.520616
32 0.521754
33 0.529835
35 0.53107
42 0.534661
43 0.534878
48 0.535541
49 0.537116
51 0.539155
52 0.546391
53 0.548761
56 0.556879
61 0.559958
63 0.567116
64 0.572806
65 0.578214
79 0.583015
83 0.586811
84 0.590633
89 0.596556
98 0.598212
111 0.601771
120 0.604627
126 0.60584
129 0.606457
158 0.616401
167 0.619505
170 0.626282
177 0.629688
204 0.634768
209 0.635456
210 0.641505
232 0.643124
260 0.645001
266 0.645132
273 0.647451
277 0.647744
311 0.657821
356 0.661554
358 0.664818
378 0.665466
406 0.666388
457 0.669643
459 0.670608
485 0.677736
510 0.678246
519 0.679838
532 0.680011
546 0.683392
609 0.68474
720 0.688588