0 0.507587
3 0.508854
4 0.512934
5 0.513244
6 0.523855
8 0.527317
13 0.527449
14 0.529241
15 0.5361
18 0.538883
20 0.543751
27 0.544302
28 0.546715
29 0.552104
37 0.560809
38 0.566247
49 0.573396
51 0.585118
54 0.589037
61 0.589193
64 0.593816
67 0.597271
72 0.605149
78 0.614144
81 0.619393
85 0.623959
87 0.625584
89 0.630158
96 0.637263
103 0.645896
118 0.649776
124 0.651181
132 0.654818
144 0.658284
159 0.660358
165 0.664705
172 0.668527
205 0.670556
229 0.671406
237 0.674001
259 0.679318
265 0.685355
266 0.692001
281 0.694244
284 0.695943
364 0.696605
399 0.698717
442 0.699581
