0 0.486226
2 0.48914
3 0.49198
11 0.499321
14 0.500941
15 0.505465
17 0.507402
18 0.518706
19 0.526018
22 0.526114
25 0.529763
29 0.529868
30 0.537271
32 0.541347
33 0.546368
34 0.552702
37 0.555957
38 0.560562
39 0.567254
41 0.572287
44 0.58007
46 0.584729
48 0.587052
52 0.588692
54 0.593976
56 0.598886
69 0.601678
70 0.603043
74 0.604957
92 0.607222
96 0.611141
97 0.612943
105 0.614319
110 0.620782
118 0.621141
121 0.623089
122 0.626551
127 0.627063
128 0.631383
134 0.633925
143 0.644262
154 0.645274
155 0.647524
159 0.649798
161 0.651794
181 0.655085
216 0.65682
220 0.659551
224 0.670191
234 0.676766
239 0.681996
247 0.686067
252 0.688141
265 0.688159
271 0.691533
274 0.692881
343 0.693732
386 0.699315
447 0.702462
560 0.707425
625 0.709017
732 0.709079