0 0.495752
1 0.495973
6 0.496642
7 0.507331
8 0.511463
9 0.513138
11 0.515679
14 0.516237
15 0.516469
16 0.518048
20 0.521576
22 0.526437
23 0.531163
24 0.535721
28 0.538045
33 0.540824
36 0.546206
37 0.555804
41 0.556804
42 0.562368
44 0.565823
46 0.579133
50 0.587925
52 0.591295
54 0.59334
62 0.599259
63 0.609385
64 0.612184
66 0.616192
72 0.617812
75 0.623414
90 0.632697
99 0.636568
111 0.636726
113 0.643698
115 0.647335
119 0.652391
126 0.659712
128 0.662363
129 0.66791
138 0.670564
140 0.681243
145 0.684891
152 0.691072
159 0.695762
185 0.696263
222 0.698146
244 0.700007
336 0.701324
399 0.705168
442 0.705857
