0 0.516836
1 0.517743
5 0.518723
7 0.519723
9 0.521767
10 0.528416
11 0.535099
12 0.53832
13 0.5416
14 0.546799
18 0.549003
21 0.552981
22 0.553374
23 0.558633
26 0.565514
28 0.571358
29 0.575275
30 0.575947
39 0.576991
46 0.579694
47 0.581496
48 0.583344
51 0.586848
55 0.596662
58 0.597755
61 0.599003
62 0.603152
66 0.608331
71 0.613609
72 0.615002
76 0.616704
79 0.622459
95 0.628373
108 0.630108
125 0.634
141 0.634244
144 0.638625
150 0.639318
163 0.643261
166 0.643654
168 0.647079
175 0.647741
187 0.648591
198 0.653908
205 0.657813
213 0.662366
233 0.66412
243 0.665028
251 0.666548
275 0.668389
303 0.668891
305 0.669233
306 0.672338
316 0.674277
375 0.675303
414 0.67552
415 0.675585
497 0.676125
563 0.677057
648 0.679715
