0 0.544007
3 0.549818
6 0.550329
7 0.551492
9 0.563684
16 0.563704
23 0.5724
25 0.5766
28 0.581358
30 0.58188
32 0.582637
35 0.58947
38 0.591676
39 0.597281
41 0.598998
42 0.602841
44 0.603443
51 0.604713
53 0.60647
63 0.612119
66 0.621798
69 0.622346
74 0.62259
76 0.623596
78 0.627058
80 0.628569
84 0.634023
90 0.635066
96 0.63536
110 0.639008
124 0.646109
129 0.649214
136 0.653026
142 0.653091
143 0.653535
164 0.656312
171 0.656393
174 0.658051
204 0.65903
206 0.661609
212 0.662073
224 0.666474
234 0.667163
260 0.667233
300 0.668815
316 0.671065
321 0.673127
327 0.67314
366 0.674875
403 0.678328
412 0.67899
455 0.681643
463 0.683769
497 0.684984
516 0.686949
