0 0.491651
3 0.493898
4 0.49643
8 0.49771
10 0.498378
11 0.502616
15 0.513775
16 0.514337
18 0.515018
19 0.515476
20 0.521591
21 0.522751
22 0.523959
27 0.527321
28 0.529807
30 0.536479
32 0.5388
35 0.538986
37 0.540435
40 0.547483
44 0.551651
45 0.553233
52 0.554852
54 0.558033
55 0.559438
59 0.563873
67 0.565962
68 0.566564
69 0.567226
72 0.567581
73 0.571268
77 0.573296
87 0.577937
90 0.5788
98 0.583592
104 0.584432
110 0.584544
111 0.591015
112 0.593734
116 0.59473
129 0.595943
132 0.598495
133 0.602288
136 0.606333
140 0.607618
147 0.615295
149 0.616
153 0.619105
157 0.62114
159 0.624988
164 0.627495
167 0.628987
169 0.632441
170 0.633996
176 0.64044
188 0.641441
193 0.644733
196 0.645414
198 0.647577
212 0.656462
221 0.658659
234 0.662234
245 0.663019
251 0.663895
253 0.670541
261 0.670843
270 0.672577
293 0.678619
305 0.679565
329 0.687938
349 0.688776
356 0.692992
364 0.696314
378 0.697246
400 0.702689
448 0.703148
460 0.703252
463 0.705121
478 0.70887
483 0.71073
550 0.712765
655 0.713058