0 0.491699
2 0.498347
3 0.505522
8 0.511559
11 0.512332
15 0.517136
17 0.519946
19 0.524459
20 0.525373
28 0.527447
29 0.528109
34 0.533187
39 0.540198
41 0.544864
45 0.550405
47 0.553518
49 0.555668
54 0.566993
56 0.571749
58 0.577798
66 0.579763
68 0.587903
71 0.593997
81 0.59439
82 0.598666
89 0.602479
93 0.605138
102 0.608775
113 0.6126
116 0.615171
117 0.625461
125 0.63051
129 0.632371
132 0.63297
134 0.633031
137 0.63828
148 0.644743
172 0.645244
175 0.64535
207 0.648853
230 0.654896
232 0.658006
246 0.660116
283 0.666504
289 0.671072
315 0.674274
318 0.676965
334 0.67718
349 0.679979
361 0.684703
377 0.68943
392 0.690099
419 0.691183
445 0.691872
470 0.692235
591 0.698252
692 0.698546