0 0.503933
2 0.504139
6 0.507012
7 0.508516
11 0.508941
12 0.5142
13 0.516806
14 0.518817
15 0.536174
16 0.536236
21 0.543069
27 0.555791
28 0.55851
29 0.55887
31 0.561854
32 0.563019
33 0.565262
34 0.570196
35 0.575994
36 0.579655
41 0.580317
44 0.58066
45 0.58192
46 0.582792
47 0.586672
48 0.591741
49 0.596376
58 0.597496
59 0.61887
60 0.626654
61 0.62931
63 0.629902
67 0.631356
72 0.63388
81 0.634069
86 0.634401
88 0.639389
90 0.641712
95 0.643437
102 0.645312
114 0.651424
116 0.65158
119 0.654534
120 0.657176
124 0.657733
131 0.66227
133 0.664131
135 0.665449
138 0.666903
169 0.673366
172 0.67557
180 0.675802
190 0.680467
193 0.683365
199 0.686087
234 0.687019
275 0.693836
337 0.694999
353 0.697657
362 0.702296
441 0.707104
