0 0.49737
1 0.511002
2 0.520671
3 0.529459
4 0.531603
8 0.534719
9 0.539032
10 0.541927
11 0.547541
13 0.551384
14 0.556176
15 0.561382
16 0.56418
18 0.572961
22 0.579187
28 0.580166
34 0.58493
39 0.585359
40 0.588326
43 0.592193
45 0.592305
46 0.594684
51 0.599248
55 0.601109
57 0.601653
60 0.601799
63 0.601816
71 0.603811
72 0.609156
73 0.613183
74 0.619143
76 0.622266
83 0.623333
84 0.624521
86 0.626018
96 0.626519
99 0.632433
101 0.632549
117 0.63495
118 0.636525
121 0.63661
133 0.640202
134 0.640899
136 0.644252
146 0.645992
156 0.650311
163 0.652967
164 0.659784
175 0.659847
176 0.663417
193 0.665491
205 0.66731
214 0.669349
239 0.670136
249 0.670481
274 0.672804
281 0.678053
321 0.679401
362 0.682745
363 0.683695
380 0.685724
410 0.691037
431 0.693655
449 0.696346
474 0.701978
481 0.703568
482 0.71003
512 0.711049
548 0.713946
650 0.714784
679 0.717624
791 0.718972
878 0.722819
