0 0.492228
3 0.493615
5 0.497074
6 0.498973
10 0.500136
11 0.510374
16 0.511401
19 0.51256
25 0.516403
26 0.522108
28 0.522729
31 0.531134
32 0.532668
35 0.542554
37 0.544789
42 0.54492
43 0.550539
47 0.554239
53 0.560153
54 0.560948
55 0.563788
58 0.566327
60 0.566996
61 0.569911
66 0.573026
74 0.575824
77 0.581169
79 0.583017
87 0.584084
91 0.584257
93 0.585501
97 0.586436
98 0.589708
101 0.591569
105 0.591832
125 0.592102
126 0.593289
131 0.60178
134 0.6035
136 0.605822
137 0.609144
139 0.61145
140 0.623733
150 0.62663
151 0.630443
160 0.633118
165 0.634989
167 0.64074
178 0.645759
180 0.64704
183 0.647477
189 0.648398
192 0.64848
196 0.658975
202 0.660567
229 0.662641
253 0.664459
264 0.666639
265 0.670195
266 0.675963
269 0.677617
287 0.678042
295 0.679391
352 0.679828
364 0.683465
370 0.683585
376 0.686276
428 0.68734
493 0.689862
600 0.691143
703 0.69641
730 0.696918
781 0.698104
830 0.699341
