0 0.528889
2 0.531212
6 0.534166
9 0.535199
11 0.535281
13 0.536686
15 0.537121
16 0.538469
18 0.544756
19 0.55058
22 0.552299
25 0.55271
27 0.553103
37 0.55849
38 0.559002
39 0.559669
40 0.5664
44 0.568899
47 0.581323
55 0.591104
56 0.602967
59 0.607956
65 0.61397
67 0.615705
76 0.61767
82 0.624933
91 0.625364
95 0.630275
98 0.63536
100 0.639172
104 0.642764
120 0.643307
122 0.644982
134 0.6457
135 0.647774
144 0.651113
145 0.651255
146 0.65278
153 0.658134
166 0.66073
167 0.665242
179 0.665816
229 0.666848
280 0.673009
311 0.677033
321 0.680858
335 0.681192
342 0.681277
412 0.681492
434 0.682776
435 0.688181
455 0.689575
465 0.690194
485 0.691102
564 0.695436
