0 0.538831
1 0.542674
2 0.549976
5 0.552935
9 0.555775
10 0.560974
16 0.575493
20 0.585338
21 0.587287
23 0.596075
31 0.605033
40 0.606013
41 0.606342
42 0.608208
43 0.608782
48 0.610131
49 0.611173
52 0.613585
57 0.613689
59 0.613905
62 0.615648
67 0.61787
70 0.621507
80 0.625451
102 0.631712
104 0.639156
105 0.64345
106 0.645479
107 0.651509
112 0.654231
113 0.654694
132 0.655169
133 0.655314
147 0.656255
150 0.662192
156 0.663458
166 0.663478
202 0.664872
209 0.668296
211 0.669234
216 0.670279
225 0.67335
233 0.673692
252 0.674338
291 0.676581
313 0.678576
356 0.681413
371 0.682712
383 0.683983
397 0.68532
438 0.685806
443 0.688861
481 0.691966
504 0.6923
522 0.694975
620 0.695411
