0 0.490033
2 0.492274
4 0.496999
7 0.502442
8 0.510361
9 0.513952
11 0.519053
17 0.535089
19 0.537239
22 0.541513
23 0.546761
28 0.547276
29 0.549012
33 0.556274
34 0.557044
36 0.560047
40 0.562904
42 0.565304
43 0.568268
44 0.570886
47 0.580667
50 0.580685
54 0.585445
62 0.586693
78 0.589608
82 0.598396
87 0.602716
88 0.603456
92 0.604851
95 0.608979
98 0.613086
99 0.615217
107 0.620236
114 0.623884
115 0.630562
117 0.632784
127 0.633384
144 0.635549
150 0.640728
159 0.641707
160 0.646245
178 0.651204
189 0.651435
194 0.652104
220 0.654057
231 0.6554
257 0.655793
274 0.660361
328 0.665087
331 0.676646
369 0.678812
387 0.680431
427 0.681039
446 0.682774
462 0.683383
480 0.684788
512 0.687747
543 0.687964
582 0.690366
635 0.691298
686 0.693956
702 0.695304
