0 0.47092
3 0.479143
4 0.483948
5 0.48999
7 0.493688
8 0.499648
10 0.505278
14 0.511914
17 0.513067
18 0.513462
22 0.52119
25 0.523516
26 0.525057
32 0.52545
33 0.525556
34 0.525797
36 0.528683
38 0.535342
39 0.538842
40 0.541388
46 0.546064
49 0.546452
53 0.551768
58 0.556169
59 0.561001
61 0.566102
63 0.568482
64 0.571934
65 0.575269
66 0.580349
70 0.589514
77 0.596569
81 0.597004
84 0.598399
87 0.602183
99 0.605023
107 0.611784
112 0.614211
113 0.614368
130 0.616122
133 0.621467
134 0.624815
155 0.626397
164 0.638754
180 0.640159
185 0.640767
189 0.642352
195 0.644832
214 0.64678
222 0.649256
225 0.651754
234 0.654788
244 0.655171
246 0.656791
252 0.656808
253 0.662338
255 0.665252
263 0.667654
265 0.669129
279 0.670441
290 0.672401
296 0.674261
330 0.677522
336 0.682123
362 0.68502
371 0.685116
479 0.688171
543 0.696341
572 0.696403
607 0.698465
732 0.701737