0 0.526341
2 0.531294
3 0.531895
4 0.53481
5 0.536498
12 0.549571
13 0.561104
17 0.564917
19 0.570044
23 0.571626
24 0.573026
29 0.57894
30 0.579177
31 0.581502
32 0.585745
33 0.586773
35 0.587581
36 0.597162
37 0.599426
44 0.602774
45 0.606239
53 0.6081
54 0.608433
59 0.608808
60 0.610203
81 0.618873
82 0.619088
105 0.630942
107 0.632961
117 0.633812
119 0.633881
125 0.63619
126 0.641773
139 0.64301
143 0.646647
153 0.649052
175 0.6527
182 0.653949
189 0.65471
193 0.655925
194 0.657112
209 0.664622
215 0.667876
220 0.670199
225 0.67484
226 0.677001
239 0.68042
254 0.685092
280 0.687912
297 0.691039
338 0.693515
368 0.695273
389 0.700157
393 0.700659
494 0.700677
495 0.705757
500 0.708304
524 0.710347
611 0.711878
666 0.713161
667 0.71378