0 0.49993
2 0.506323
3 0.509642
5 0.513783
6 0.518185
8 0.520209
9 0.528997
10 0.535669
11 0.538562
16 0.541459
19 0.549784
22 0.551705
23 0.555385
24 0.555924
28 0.564607
29 0.564776
30 0.565868
31 0.568366
33 0.569198
35 0.573839
37 0.578803
38 0.584764
40 0.585266
41 0.585923
43 0.590221
47 0.594033
49 0.595453
51 0.596184
52 0.598917
61 0.602836
62 0.605725
64 0.608048
68 0.608921
69 0.612118
72 0.615134
74 0.61761
75 0.618532
97 0.618648
98 0.623828
102 0.629199
105 0.634519
116 0.635048
123 0.641091
125 0.642299
153 0.650114
154 0.651425
158 0.653669
162 0.654357
164 0.656419
178 0.66133
183 0.667774
187 0.670174
196 0.675282
205 0.684138
220 0.689386
236 0.689761
258 0.692437
266 0.694434
290 0.69487
300 0.695568
304 0.699143
319 0.700845
370 0.706822
446 0.707572
