0 0.522943
4 0.52537
5 0.536265
7 0.536368
13 0.537241
14 0.538285
17 0.544931
18 0.550069
20 0.550458
22 0.555401
26 0.558564
28 0.563503
29 0.570261
33 0.574104
36 0.575574
39 0.575804
40 0.598063
48 0.603999
53 0.605964
64 0.606076
66 0.608027
78 0.609582
82 0.610013
83 0.611326
90 0.611648
92 0.618619
94 0.619121
97 0.625082
99 0.625589
100 0.630105
106 0.633752
109 0.637218
112 0.641841
129 0.647778
142 0.649027
145 0.651438
149 0.656201
155 0.659659
182 0.659821
184 0.663023
186 0.666728
205 0.673829
227 0.674448
275 0.676522
324 0.679542
335 0.685407
361 0.688026
382 0.695222
386 0.702439
513 0.710989
