0 0.500054
4 0.500862
5 0.503701
6 0.507299
7 0.51065
8 0.513805
15 0.516291
16 0.52091
18 0.533025
23 0.535099
24 0.537418
28 0.538972
31 0.539951
34 0.544916
38 0.550291
42 0.565188
45 0.56699
46 0.576299
47 0.578678
48 0.584726
54 0.585777
56 0.587256
60 0.589931
61 0.593122
64 0.59422
66 0.59919
69 0.601989
79 0.603548
80 0.60417
88 0.604702
93 0.610776
97 0.614048
111 0.619795
118 0.620457
120 0.620665
125 0.621273
142 0.623929
144 0.627566
148 0.629042
150 0.630054
154 0.634611
158 0.639581
166 0.639656
177 0.640349
200 0.642381
210 0.643445
217 0.646701
219 0.650548
220 0.656708
227 0.658743
230 0.664283
233 0.665403
236 0.665957
242 0.667576
245 0.67577
250 0.679299
257 0.683398
261 0.684341
293 0.68939
316 0.694975
321 0.696412
377 0.697042
385 0.699567
412 0.700874
415 0.701385
420 0.705111
467 0.710021
495 0.710663
548 0.711794
556 0.71427
565 0.714365
