0 0.47909
3 0.481122
4 0.482101
5 0.483741
10 0.489184
12 0.495098
14 0.498895
17 0.499484
19 0.50922
20 0.518798
22 0.524143
23 0.525207
24 0.527073
28 0.534325
29 0.53695
33 0.538409
41 0.54305
46 0.547726
52 0.551364
61 0.567763
62 0.568862
63 0.570953
64 0.574567
65 0.576702
70 0.577333
72 0.579201
74 0.580524
81 0.586292
83 0.593828
84 0.6005
86 0.610518
87 0.619127
88 0.620587
89 0.622428
91 0.624828
93 0.627089
96 0.631493
104 0.633567
114 0.636889
119 0.64096
124 0.642154
127 0.642266
132 0.644067
134 0.64675
135 0.647455
137 0.648776
138 0.649079
149 0.655235
151 0.6572
158 0.663361
160 0.664023
186 0.67134
192 0.673299
197 0.677934
198 0.681098
202 0.693773
228 0.694275
234 0.694356
240 0.695042
275 0.696867
325 0.700385
352 0.704085
381 0.709573
396 0.709593
434 0.71624