0 0.46946
1 0.473999
3 0.486721
8 0.491794
10 0.50329
11 0.503559
14 0.505588
16 0.508575
17 0.508767
19 0.51159
21 0.517629
24 0.53274
25 0.542475
30 0.550773
31 0.558945
34 0.564354
35 0.565016
37 0.568777
41 0.569204
44 0.576508
46 0.589457
47 0.589968
50 0.598436
54 0.599134
55 0.602978
64 0.603214
74 0.604314
88 0.605203
93 0.607559
96 0.608396
113 0.613482
126 0.617181
128 0.61787
129 0.624111
136 0.624131
149 0.628705
159 0.63646
189 0.636946
204 0.637547
222 0.638734
241 0.6437
244 0.644984
254 0.651448
263 0.655519
269 0.657154
272 0.659952
290 0.660454
298 0.660993
305 0.666072
314 0.669408
318 0.671442
324 0.677278
348 0.679161
354 0.685624
386 0.689792
390 0.690729
405 0.691245
425 0.694837
526 0.700347
571 0.705469
628 0.714101
