0 0.467785
5 0.47336
6 0.478025
8 0.482449
9 0.487996
10 0.48855
13 0.490597
16 0.496301
23 0.502602
24 0.504844
25 0.509526
27 0.516762
28 0.521385
31 0.524
32 0.531154
34 0.53939
35 0.542965
39 0.552052
41 0.557635
43 0.561952
45 0.565832
48 0.569938
61 0.574611
62 0.578946
70 0.586538
74 0.592114
78 0.592812
79 0.595499
82 0.59823
83 0.598494
84 0.60514
86 0.606616
89 0.613891
91 0.616784
100 0.617177
119 0.620992
120 0.623667
121 0.623904
122 0.62638
130 0.627728
134 0.629589
142 0.630907
162 0.639668
176 0.641163
177 0.644692
206 0.646092
212 0.652135
217 0.652577
234 0.65272
239 0.663151
243 0.664885
278 0.668698
316 0.676142
344 0.678753
366 0.68073
369 0.681259
384 0.681813
399 0.68655
403 0.690187
443 0.690295
455 0.694117
469 0.694448
478 0.695067
481 0.697271
530 0.700526
572 0.701774
623 0.70296
633 0.70804
700 0.708058
