0 0.484616
1 0.48651
2 0.488767
5 0.489791
6 0.493201
7 0.497615
11 0.503664
13 0.516682
15 0.529874
16 0.533972
20 0.538764
23 0.544453
24 0.552148
32 0.556157
37 0.561862
41 0.567738
44 0.570081
45 0.573961
46 0.581823
48 0.582161
49 0.58862
60 0.591031
68 0.594623
70 0.596946
79 0.597868
82 0.5984
84 0.602185
107 0.606479
110 0.609319
115 0.610012
116 0.611508
127 0.612082
130 0.614422
134 0.619187
136 0.621105
141 0.624252
142 0.624574
147 0.625837
149 0.626599
151 0.629722
153 0.63041
154 0.63473
155 0.63739
168 0.63993
170 0.641587
177 0.644503
187 0.644598
195 0.646536
199 0.653937
200 0.658847
203 0.659125
205 0.667675
207 0.671913
210 0.674129
222 0.67599
242 0.676371
243 0.680097
270 0.681618
271 0.684305
279 0.68645
313 0.691728
322 0.696895
379 0.697397
407 0.698745
508 0.704216
