0 0.490949
1 0.498546
3 0.499214
4 0.505887
7 0.524511
11 0.524515
16 0.525691
17 0.527339
19 0.530988
22 0.533388
23 0.539997
27 0.543486
30 0.562499
37 0.572093
38 0.574133
42 0.575508
45 0.578494
46 0.582096
49 0.586984
51 0.587733
52 0.59329
55 0.595789
71 0.616488
77 0.617018
81 0.62274
90 0.624236
100 0.624278
103 0.624492
111 0.62729
115 0.630545
122 0.633172
123 0.639099
125 0.642166
133 0.646085
145 0.658515
153 0.662273
162 0.667359
175 0.672727
182 0.67341
189 0.679458
196 0.682728
219 0.683029
236 0.683328
270 0.685347
272 0.688232
278 0.690633
303 0.692351
325 0.693699
339 0.695225
352 0.698439
370 0.702014
414 0.703589
480 0.705396
538 0.706717
641 0.707311
692 0.709212
708 0.711943
831 0.711953
