0 0.457781
2 0.471232
4 0.47935
6 0.480175
7 0.488103
10 0.491856
18 0.498176
19 0.512382
24 0.517552
25 0.517895
32 0.526103
33 0.532772
34 0.533851
35 0.533933
38 0.534506
40 0.535692
41 0.536127
43 0.537128
44 0.543809
45 0.54396
49 0.552183
51 0.555689
52 0.556986
53 0.564042
54 0.56529
55 0.56545
63 0.57493
68 0.574948
69 0.583364
71 0.595111
79 0.597135
84 0.602938
88 0.605836
108 0.610894
112 0.61232
126 0.619694
127 0.621175
133 0.622746
136 0.623087
145 0.629722
158 0.630024
159 0.63123
163 0.63147
167 0.644488
169 0.644988
171 0.645286
179 0.649886
187 0.650865
197 0.654565
199 0.65537
202 0.656775
206 0.657437
216 0.664165
220 0.678218
233 0.684266
258 0.68602
285 0.686639
291 0.686785
323 0.686862
357 0.688481
374 0.691753
453 0.697161
485 0.701005
517 0.702465
599 0.704662
