0 0.511029
1 0.512121
2 0.514942
3 0.516176
4 0.518083
5 0.520233
7 0.521066
8 0.526137
9 0.536349
11 0.540918
12 0.546166
15 0.553315
16 0.558624
17 0.560985
19 0.562519
22 0.56352
30 0.565016
33 0.566013
35 0.567648
40 0.576596
41 0.577264
48 0.581194
49 0.582059
57 0.589375
58 0.597925
61 0.608953
62 0.609622
68 0.610285
70 0.612504
78 0.619125
88 0.623207
89 0.623568
95 0.626523
100 0.628782
101 0.632054
105 0.637497
118 0.637932
126 0.643775
127 0.644294
132 0.64462
134 0.647323
150 0.648644
151 0.650967
153 0.651568
166 0.651869
170 0.654709
176 0.659565
178 0.660762
199 0.66741
219 0.669445
224 0.67622
227 0.676854
246 0.677356
253 0.682383
257 0.683668
269 0.685742
275 0.686129
278 0.691474
334 0.691647
336 0.692598
361 0.695396
371 0.698511
410 0.702013
