0 0.436089
1 0.445368
2 0.456387
3 0.458008
5 0.459495
6 0.470391
8 0.472931
9 0.476866
11 0.478487
16 0.482496
17 0.491802
19 0.500733
21 0.507781
22 0.508465
23 0.514189
26 0.517148
29 0.521354
30 0.531536
31 0.537107
32 0.542177
33 0.542687
34 0.54406
37 0.548618
38 0.550152
39 0.554428
40 0.55622
41 0.556857
46 0.559934
48 0.565848
52 0.56678
53 0.570072
54 0.573538
60 0.577194
61 0.577581
63 0.579609
67 0.579721
69 0.587361
71 0.587825
73 0.591637
82 0.595393
90 0.600413
93 0.600645
105 0.602514
106 0.603337
107 0.60892
118 0.609578
129 0.612108
133 0.616872
135 0.617289
142 0.621396
145 0.627438
147 0.630276
149 0.630712
154 0.632165
169 0.633089
170 0.638057
186 0.642709
200 0.643195
208 0.649027
219 0.65029
233 0.653324
245 0.656915
250 0.671385
268 0.674346
284 0.675429
303 0.676645
317 0.677219
319 0.680703
343 0.682574
349 0.68338
394 0.68524
411 0.687859
417 0.689478
445 0.692031
459 0.692094
467 0.700644
502 0.700975
518 0.707712
536 0.708898
541 0.709414
596 0.715034
611 0.716509
673 0.721441
730 0.722809
838 0.724057
