0 0.484521
1 0.490794
3 0.503639
4 0.504783
5 0.506811
6 0.514086
7 0.517283
9 0.519322
10 0.530701
14 0.532836
17 0.537297
19 0.539972
20 0.546807
25 0.547365
26 0.550619
30 0.550928
33 0.554481
34 0.559269
40 0.563213
41 0.564791
42 0.566846
43 0.567398
53 0.573699
56 0.580345
64 0.582715
66 0.58282
68 0.586639
80 0.593603
84 0.602562
86 0.606497
94 0.6084
95 0.613027
99 0.617087
100 0.617303
107 0.617398
116 0.624755
117 0.62628
123 0.627614
130 0.628913
144 0.630072
158 0.631542
160 0.631562
167 0.631999
174 0.638561
180 0.644598
182 0.648164
205 0.648258
206 0.652102
207 0.652353
221 0.659642
235 0.659975
239 0.6625
241 0.66853
250 0.672601
264 0.677854
267 0.679637
274 0.682046
278 0.683907
281 0.686705
287 0.687098
288 0.688163
365 0.688598
366 0.690217
394 0.691484
503 0.692172