0 0.499682
2 0.504345
5 0.512818
9 0.514439
15 0.514544
19 0.521587
20 0.533392
23 0.539159
24 0.540961
25 0.543437
26 0.549275
28 0.553413
30 0.556668
32 0.557165
33 0.561314
36 0.562012
42 0.567595
44 0.575853
47 0.578096
57 0.578174
60 0.581692
61 0.584098
65 0.590672
66 0.596746
67 0.608326
73 0.608547
75 0.608983
81 0.611249
97 0.611649
98 0.611958
112 0.621589
134 0.623994
145 0.628183
156 0.631945
160 0.633159
161 0.639662
189 0.645071
198 0.647337
203 0.653741
204 0.657563
205 0.661498
207 0.662816
212 0.675027
220 0.676336
225 0.678027
273 0.68454
328 0.686409
350 0.686425
387 0.68669
423 0.693877
460 0.695812
488 0.696526
556 0.697999
592 0.698661
679 0.699697
