0 0.506316
3 0.509087
4 0.511149
7 0.512646
8 0.515665
9 0.528179
14 0.530861
23 0.539609
25 0.542116
27 0.543066
30 0.543412
37 0.547689
42 0.54996
45 0.560464
50 0.563202
53 0.564927
55 0.574175
57 0.575479
58 0.578661
59 0.58028
68 0.583119
69 0.592355
80 0.598055
83 0.603638
87 0.604528
92 0.605337
93 0.606868
100 0.61297
102 0.626276
111 0.630963
113 0.631025
115 0.636274
119 0.640915
137 0.64355
138 0.645858
145 0.645888
155 0.651088
162 0.659134
168 0.66422
171 0.66525
182 0.67088
236 0.671542
256 0.674245
274 0.676771
353 0.682316
365 0.688779
401 0.689079
510 0.696273
548 0.697217
632 0.700756
700 0.700851
705 0.703505
