0 0.501356
1 0.504926
2 0.507433
3 0.511078
6 0.511342
8 0.511735
9 0.523019
10 0.523049
11 0.523881
14 0.527546
16 0.529683
23 0.533414
26 0.535072
33 0.548066
36 0.556409
39 0.559716
44 0.562921
49 0.564885
52 0.56629
56 0.570112
58 0.573703
67 0.57739
68 0.580985
81 0.584778
87 0.589352
90 0.589372
92 0.590678
95 0.602889
96 0.603001
97 0.609151
108 0.60982
110 0.609961
114 0.610176
118 0.61131
128 0.614697
130 0.615594
139 0.618758
141 0.619004
142 0.624295
146 0.632341
149 0.632585
156 0.632651
161 0.638905
162 0.647537
171 0.647831
183 0.648316
189 0.649309
202 0.651637
204 0.654213
215 0.656888
240 0.658414
242 0.661519
245 0.663995
254 0.668518
257 0.66944
263 0.676031
291 0.677537
316 0.677788
321 0.679763
338 0.683182
364 0.685043
379 0.686258
380 0.688475
403 0.689476
494 0.693585
