0 0.463239
1 0.48304
2 0.483349
7 0.485942
8 0.48983
9 0.495784
11 0.49951
12 0.5024
17 0.504359
20 0.504701
23 0.50947
31 0.513292
32 0.513626
33 0.51735
34 0.526232
38 0.53949
45 0.544899
52 0.553195
56 0.555169
59 0.558734
64 0.561145
68 0.562229
72 0.568483
75 0.578414
76 0.578526
79 0.582251
80 0.584099
82 0.590136
83 0.591433
84 0.596711
86 0.59833
87 0.601842
89 0.604059
106 0.608496
108 0.611476
109 0.616618
110 0.620553
111 0.624328
117 0.63532
128 0.636669
136 0.637342
138 0.638711
141 0.641112
142 0.641708
149 0.646788
150 0.64685
172 0.647082
179 0.651815
188 0.651885
190 0.652897
203 0.657842
204 0.657999
207 0.660624
219 0.666954
240 0.669359
248 0.669996
262 0.670383
283 0.672004
327 0.673923
332 0.67676
348 0.677043
360 0.67788
363 0.679741
371 0.682216
372 0.683021
383 0.683813
392 0.68572
393 0.687966
396 0.688585
421 0.692813
423 0.694228
484 0.694562
503 0.69593
539 0.697247