0 0.489504
1 0.493203
6 0.493897
7 0.495516
10 0.503643
13 0.504057
14 0.511095
19 0.514292
21 0.521121
23 0.524014
24 0.528415
32 0.529104
37 0.533848
38 0.53998
45 0.543241
48 0.548348
49 0.55149
53 0.565481
75 0.569328
83 0.580616
92 0.586048
94 0.593733
101 0.601336
107 0.604592
108 0.607072
109 0.61312
112 0.619793
117 0.623255
120 0.623597
128 0.626376
135 0.626482
138 0.631538
139 0.633861
142 0.635721
152 0.636821
159 0.645676
166 0.650925
186 0.658142
192 0.658992
193 0.662634
202 0.666628
246 0.666766
279 0.668828
288 0.671038
324 0.6732
352 0.674484
362 0.675289
379 0.678663
399 0.680737
420 0.68104
452 0.681903
466 0.687346
476 0.69005
489 0.694077
551 0.700539
583 0.703337
600 0.706068
602 0.706079
618 0.706514
661 0.708731
