0 0.529817
7 0.533639
11 0.534815
14 0.542485
16 0.546601
17 0.55503
22 0.558101
23 0.571788
27 0.578281
28 0.584928
29 0.596417
30 0.601381
31 0.608054
33 0.608841
36 0.618641
39 0.619334
42 0.624413
53 0.628197
58 0.630333
77 0.631854
79 0.634163
80 0.636957
81 0.643379
91 0.644251
92 0.645656
100 0.649384
103 0.65014
108 0.650236
116 0.655106
127 0.657945
133 0.658382
139 0.6584
167 0.660134
168 0.661857
182 0.663367
196 0.666437
215 0.672325
219 0.673722
229 0.680005
246 0.686755
250 0.6879
253 0.688736
272 0.689541
289 0.691787
293 0.693937
294 0.694152
296 0.696197
297 0.697119
305 0.703279
353 0.705353
358 0.707551
375 0.708794
411 0.710043
459 0.710175
531 0.711767
551 0.714787
653 0.715753
660 0.720101
689 0.720163