0 0.513444
1 0.521534
2 0.524448
6 0.528195
11 0.529174
18 0.532233
19 0.532543
23 0.533674
24 0.542559
25 0.548495
28 0.554957
29 0.558469
30 0.564174
31 0.569275
32 0.57083
36 0.572455
39 0.575449
40 0.582472
42 0.584645
45 0.591066
46 0.594879
48 0.596398
55 0.59752
64 0.601364
69 0.607768
70 0.6081
71 0.609902
84 0.611867
90 0.615445
91 0.617519
94 0.617853
98 0.620002
99 0.623101
101 0.623676
103 0.624597
110 0.63127
122 0.633412
125 0.639572
135 0.639585
139 0.64304
141 0.649082
151 0.657715
173 0.663158
174 0.674055
236 0.677403
251 0.677635
287 0.679667
314 0.680827
324 0.682347
378 0.683197
475 0.684594
545 0.685427
