0 0.482879
2 0.4845
3 0.488344
5 0.491033
6 0.491971
7 0.498464
8 0.508155
9 0.508623
13 0.510697
17 0.510807
19 0.51733
21 0.521659
22 0.52336
25 0.524847
26 0.526161
27 0.533996
28 0.548892
29 0.55169
30 0.553747
36 0.554383
39 0.56061
40 0.565859
42 0.572532
53 0.575717
55 0.582688
57 0.583872
58 0.593653
66 0.597634
67 0.601791
68 0.608423
81 0.608811
83 0.611792
86 0.614008
92 0.617821
96 0.623602
105 0.627482
118 0.628414
122 0.633556
140 0.637635
146 0.641457
152 0.645187
155 0.650504
158 0.653457
161 0.655253
165 0.661899
168 0.662821
177 0.670584
181 0.674219
194 0.675284
196 0.678619
200 0.679949
220 0.680372
241 0.682905
249 0.683567
278 0.684972
286 0.695646
287 0.701363
294 0.703013
297 0.704228
298 0.706193
306 0.708053
327 0.710529
353 0.711334
