0 0.493521
1 0.496224
3 0.500803
5 0.504095
6 0.508768
7 0.51471
12 0.517495
13 0.51946
14 0.522447
15 0.527527
17 0.531852
18 0.5385
20 0.541393
21 0.54469
22 0.555487
23 0.559331
25 0.565245
26 0.566062
33 0.570684
37 0.574237
41 0.574332
42 0.580174
44 0.582349
46 0.584658
47 0.585508
49 0.585571
58 0.585972
59 0.591058
60 0.59181
62 0.596694
67 0.597914
68 0.59846
70 0.60202
71 0.604859
76 0.606652
81 0.60867
83 0.609792
93 0.610452
105 0.617753
110 0.618868
114 0.625459
130 0.633137
138 0.633175
139 0.635835
150 0.636824
153 0.63692
155 0.639496
156 0.641646
161 0.643399
164 0.65009
189 0.655964
198 0.658346
210 0.667988
221 0.670232
225 0.672023
227 0.673824
276 0.676459
291 0.682501
311 0.6841
359 0.686132
362 0.68713
425 0.690773
433 0.692169
460 0.695483
562 0.696287
