0 0.516767
3 0.530954
4 0.532823
5 0.533384
8 0.535346
10 0.536015
19 0.541423
20 0.542769
21 0.543063
23 0.548253
24 0.548261
26 0.557961
31 0.558517
36 0.561258
42 0.572546
44 0.578828
45 0.585254
47 0.586205
51 0.586508
58 0.587317
64 0.592637
65 0.598436
72 0.604431
79 0.609822
81 0.611556
85 0.612065
90 0.612452
93 0.617128
94 0.622833
97 0.62385
98 0.626331
100 0.626832
105 0.628116
121 0.64522
139 0.647067
148 0.653705
151 0.659793
154 0.661867
171 0.663728
177 0.664054
182 0.676471
191 0.677025
206 0.678782
212 0.681743
229 0.690531
230 0.691768
235 0.69559
239 0.696426
264 0.701915
267 0.702999
306 0.70308
340 0.705634
350 0.709387
388 0.710573
426 0.716016
444 0.716034
456 0.716097
498 0.716582
