0 0.484704
1 0.485139
4 0.495809
5 0.50091
7 0.502771
8 0.514403
9 0.5176
10 0.518257
13 0.520908
19 0.522359
23 0.528302
26 0.532462
31 0.534196
39 0.539963
41 0.540652
42 0.545356
43 0.552599
47 0.55693
51 0.560095
52 0.560287
56 0.561335
58 0.561606
61 0.562545
63 0.568594
70 0.568987
71 0.574235
72 0.576195
85 0.578154
86 0.580282
89 0.582417
90 0.588966
94 0.594996
105 0.599469
110 0.601501
126 0.603075
135 0.608039
145 0.611362
151 0.614046
156 0.617654
162 0.618775
165 0.62029
172 0.626451
175 0.632411
178 0.632431
179 0.638684
185 0.645973
188 0.65236
191 0.656008
211 0.657728
221 0.658994
237 0.663491
238 0.674281
257 0.679841
277 0.683604
280 0.686016
296 0.687635
297 0.689437
308 0.691961
353 0.692107
460 0.693173
491 0.69339
571 0.694322
577 0.698252
