0 0.459132
2 0.461779
4 0.464287
6 0.469567
7 0.473643
9 0.475291
10 0.480097
11 0.486283
12 0.48936
13 0.492158
14 0.492908
15 0.495151
19 0.498124
20 0.499408
22 0.499428
27 0.502891
30 0.506252
31 0.506489
35 0.510049
37 0.520391
38 0.522607
44 0.534033
47 0.539229
48 0.544997
51 0.549739
52 0.561314
58 0.579142
61 0.579624
63 0.588763
64 0.591165
65 0.593762
73 0.601455
74 0.602574
76 0.603542
77 0.605507
79 0.606878
81 0.608226
88 0.613635
89 0.615879
93 0.617092
95 0.619887
100 0.62533
121 0.62608
122 0.629619
124 0.631942
130 0.635712
136 0.641716
137 0.646957
147 0.647291
151 0.650476
167 0.65255
173 0.652985
174 0.655619
185 0.660957
197 0.661053
205 0.662672
231 0.662916
254 0.665647
265 0.668893
270 0.669378
311 0.674986
314 0.675051
325 0.67536
343 0.676503
392 0.677138
400 0.678353
499 0.68509
506 0.687152
571 0.689049
616 0.68911
663 0.691139