0 0.524296
1 0.52592
2 0.526406
3 0.528551
4 0.529352
5 0.530143
6 0.53166
7 0.534682
11 0.53921
12 0.540172
14 0.542075
19 0.542936
20 0.546497
24 0.547683
26 0.557632
28 0.560333
32 0.566993
34 0.56715
35 0.576886
37 0.578412
38 0.580888
39 0.582403
40 0.582754
43 0.590319
44 0.595724
45 0.595828
49 0.600044
50 0.604171
52 0.607994
54 0.608014
61 0.608263
63 0.616329
69 0.618652
70 0.628892
76 0.633656
85 0.633904
88 0.636978
90 0.64027
98 0.644248
105 0.645677
107 0.64619
115 0.649104
118 0.6529
126 0.654929
141 0.669508
149 0.67645
155 0.676562
162 0.676628
166 0.67772
177 0.678048
184 0.68132
220 0.683593
232 0.685827
241 0.687688
257 0.688472
297 0.689932
310 0.693581
340 0.697808
383 0.699843
402 0.700718
499 0.705066
526 0.707128
642 0.708607
682 0.709822
713 0.711062
755 0.712593
