0 0.513673
2 0.520975
3 0.539603
6 0.54191
18 0.543938
19 0.546257
20 0.552695
22 0.555493
23 0.563525
31 0.569213
33 0.570566
36 0.571659
39 0.574692
49 0.579295
53 0.58743
54 0.590934
56 0.594746
58 0.600115
64 0.600352
69 0.606385
79 0.609951
81 0.610256
85 0.610951
87 0.612477
89 0.620349
94 0.621508
101 0.626593
107 0.632938
115 0.635181
116 0.635574
118 0.641338
133 0.642813
137 0.64836
138 0.656533
144 0.661498
150 0.667081
155 0.667931
200 0.668567
209 0.669248
242 0.67012
258 0.671446
264 0.671541
283 0.675435
284 0.676133
330 0.676984
331 0.67774
352 0.684424
355 0.687078
415 0.687159
473 0.693208
529 0.695804
589 0.696306
608 0.696557
715 0.698718
717 0.704348
816 0.706209
