0 0.499363
4 0.506349
8 0.507288
9 0.510854
10 0.518137
11 0.520169
13 0.521784
15 0.524739
16 0.525677
17 0.528218
22 0.537908
24 0.541917
25 0.544442
26 0.544473
28 0.544819
32 0.558993
33 0.562751
34 0.56708
37 0.570985
43 0.574599
53 0.577597
63 0.586361
65 0.588565
71 0.590261
75 0.591241
77 0.595754
82 0.599181
83 0.600418
84 0.603671
87 0.606462
91 0.607814
94 0.610517
96 0.62011
98 0.620596
106 0.626363
108 0.630331
111 0.636794
113 0.637368
117 0.639007
119 0.64085
127 0.644242
134 0.645977
145 0.648224
148 0.649056
152 0.657288
153 0.65732
175 0.660832
177 0.661177
178 0.667429
192 0.669131
201 0.669768
238 0.670618
243 0.673515
250 0.680486
251 0.684299
266 0.68633
267 0.688434
297 0.691076
343 0.691378
417 0.694028
497 0.696227
557 0.696553
606 0.696793
675 0.699372
690 0.699759
693 0.700195
818 0.704704
911 0.706565
1001 0.707001
