0 0.558631
1 0.568972
3 0.570293
7 0.572359
12 0.574103
16 0.578379
21 0.578888
24 0.583686
29 0.590246
30 0.590935
31 0.59489
39 0.600765
40 0.602413
42 0.615605
50 0.621761
52 0.624876
54 0.630643
61 0.631566
62 0.63261
66 0.637297
67 0.639371
71 0.640069
80 0.641701
88 0.647133
99 0.647377
100 0.654236
105 0.662512
107 0.671516
120 0.671582
135 0.673643
155 0.675891
165 0.678594
172 0.679344
204 0.68403
244 0.688348
247 0.692375
284 0.69563
338 0.696768
396 0.69707
404 0.698266
467 0.700649
471 0.702549
