0 0.527403
1 0.528112
2 0.529328
12 0.53174
15 0.532677
19 0.533189
26 0.5348
28 0.541341
34 0.548202
37 0.55148
44 0.556121
46 0.55701
51 0.560282
52 0.573663
54 0.575218
58 0.581378
62 0.58196
71 0.590845
73 0.590922
74 0.59258
78 0.598917
80 0.601656
81 0.609304
91 0.610894
103 0.616497
108 0.625327
111 0.625758
112 0.627377
116 0.629207
127 0.631357
140 0.639003
152 0.641637
158 0.646544
187 0.649441
189 0.649876
198 0.651273
214 0.651599
220 0.652326
222 0.655648
223 0.658301
245 0.658883
247 0.662341
254 0.668803
267 0.670198
269 0.679901
281 0.680881
320 0.683281
321 0.685317
324 0.685737
335 0.689312
338 0.690244
372 0.696981
377 0.703628
419 0.704466
452 0.708396
477 0.711236
491 0.714448
493 0.714746
504 0.716481
516 0.716717
635 0.722347
