0 0.5037
1 0.504975
7 0.508437
8 0.517355
9 0.521285
10 0.530766
12 0.533166
20 0.540814
24 0.541059
25 0.544564
32 0.547362
34 0.549681
43 0.552229
47 0.553273
50 0.554432
53 0.558051
55 0.561158
56 0.562008
60 0.563748
61 0.569961
62 0.576721
66 0.577383
69 0.584222
74 0.589705
75 0.59014
79 0.594828
80 0.594933
83 0.595765
88 0.60201
92 0.603804
96 0.604741
104 0.604886
124 0.605356
127 0.607603
134 0.612514
148 0.616041
149 0.616061
152 0.620813
154 0.633627
155 0.637033
160 0.638363
161 0.641272
175 0.64196
179 0.642026
184 0.64636
190 0.650439
203 0.656207
211 0.660185
218 0.661804
219 0.662354
233 0.665623
241 0.668895
257 0.67247
265 0.675308
274 0.676996
276 0.678042
316 0.679219
341 0.680071
367 0.690597
396 0.691465
428 0.693631
470 0.694902
582 0.696936
