0 0.481998
1 0.48401
8 0.485892
9 0.487868
10 0.489566
13 0.498294
22 0.498374
23 0.50357
24 0.510646
29 0.513344
33 0.515002
36 0.516863
39 0.517079
41 0.524075
44 0.536182
47 0.537161
54 0.543122
55 0.548371
61 0.550989
66 0.55977
69 0.564075
71 0.569634
75 0.571475
78 0.57288
81 0.579687
85 0.583963
86 0.586761
88 0.59251
89 0.598932
97 0.602959
100 0.604649
102 0.605352
104 0.617215
105 0.622023
106 0.622897
128 0.623749
141 0.624251
148 0.624544
154 0.63439
157 0.636376
163 0.641592
167 0.642518
173 0.644734
174 0.645367
177 0.650123
183 0.650141
187 0.651776
207 0.655572
216 0.656234
217 0.663051
235 0.666131
258 0.66721
277 0.668666
283 0.669713
324 0.679137
349 0.681827
370 0.685251
395 0.68687
401 0.68689
419 0.687169
454 0.688476
527 0.688708
562 0.689645
678 0.690038
