0 0.468503
1 0.473677
2 0.479064
3 0.480491
4 0.483633
5 0.485367
8 0.489125
9 0.492678
10 0.493201
12 0.499238
13 0.506803
15 0.508836
18 0.510473
19 0.51721
24 0.522717
25 0.526741
27 0.533204
28 0.543051
30 0.546481
31 0.551704
32 0.552059
33 0.560125
37 0.560699
42 0.561404
44 0.563029
50 0.564649
53 0.564865
54 0.567516
56 0.570775
57 0.571216
60 0.571616
64 0.582549
65 0.585602
66 0.595398
67 0.597533
69 0.600076
74 0.606722
75 0.608751
78 0.612736
83 0.618666
84 0.619612
87 0.62031
88 0.622006
102 0.622943
106 0.626235
115 0.627722
119 0.628146
125 0.630305
129 0.634475
134 0.636412
143 0.638293
147 0.641465
160 0.644168
162 0.651817
172 0.658617
183 0.658951
185 0.661604
201 0.664727
216 0.664823
252 0.66626
256 0.67117
263 0.680812
270 0.684619
288 0.686129
309 0.687525
332 0.690146
354 0.690671
416 0.692425
481 0.695264
520 0.69541
