0 0.460743
1 0.462093
2 0.467569
3 0.467639
6 0.471452
9 0.472287
10 0.477632
12 0.478881
14 0.486904
17 0.494469
20 0.498854
21 0.505981
23 0.514354
24 0.518174
28 0.521087
29 0.52454
32 0.526952
33 0.529289
35 0.531964
37 0.533645
39 0.536221
40 0.540017
41 0.547848
43 0.549307
46 0.551438
47 0.55526
49 0.558837
50 0.55913
54 0.561288
57 0.56179
58 0.568011
59 0.572688
64 0.57585
65 0.587713
70 0.592651
72 0.592854
78 0.594359
81 0.600421
84 0.602743
89 0.609044
92 0.610251
93 0.61445
98 0.618552
101 0.622396
103 0.624017
105 0.624094
110 0.62829
112 0.62853
116 0.633285
117 0.633383
123 0.635358
128 0.640891
136 0.647051
144 0.648912
151 0.650531
171 0.651899
176 0.654739
184 0.65575
190 0.661686
223 0.668988
248 0.672266
263 0.672518
265 0.677796
267 0.684218
269 0.690235
280 0.6922
283 0.697708
328 0.698012
348 0.701347
