0 0.453563
2 0.463299
3 0.466132
5 0.470463
6 0.476046
8 0.480289
9 0.484772
13 0.488266
14 0.494308
16 0.499333
17 0.508209
19 0.514257
20 0.516314
21 0.522776
24 0.52451
26 0.528558
27 0.531674
28 0.532087
29 0.535909
33 0.5373
34 0.538109
36 0.541401
38 0.548047
40 0.548132
41 0.550472
44 0.555436
47 0.560472
48 0.564853
49 0.566714
55 0.576445
59 0.578507
62 0.580466
68 0.583972
69 0.587617
70 0.592304
71 0.598814
74 0.600388
76 0.601194
85 0.602805
94 0.616046
95 0.620853
97 0.624797
102 0.630616
109 0.639368
120 0.642907
136 0.64916
141 0.655432
155 0.657051
164 0.662689
171 0.664717
174 0.666677
198 0.667375
208 0.671947
212 0.675792
229 0.676652
235 0.680107
236 0.680724
248 0.683052
267 0.686564
269 0.687912
275 0.690388
277 0.6905
284 0.690703
310 0.692184
323 0.695276
328 0.696343
347 0.698069
382 0.698643
386 0.700204
388 0.701572
407 0.704476
410 0.706136
463 0.706529
465 0.707836
591 0.708444
593 0.710475
697 0.711236