0 0.503906
2 0.509274
3 0.514359
4 0.525935
10 0.528824
13 0.530626
14 0.531892
15 0.53491
18 0.53493
22 0.539224
24 0.541016
27 0.54917
29 0.550827
32 0.560771
36 0.564824
45 0.566825
49 0.570488
50 0.576823
54 0.580342
56 0.589386
59 0.59578
62 0.601741
86 0.602678
88 0.608121
89 0.609483
96 0.611119
100 0.615049
108 0.621722
110 0.626944
125 0.626961
128 0.633247
134 0.637972
135 0.639528
137 0.639826
143 0.640936
154 0.644197
159 0.649268
163 0.649973
168 0.657851
174 0.661048
185 0.665886
192 0.670075
210 0.671723
232 0.672158
241 0.673859
267 0.675171
306 0.675408
317 0.675674
340 0.676741
361 0.680253
365 0.682664
375 0.684525
385 0.687983
442 0.690289
