0 0.494664
2 0.502693
3 0.506498
6 0.50716
9 0.508445
10 0.512704
12 0.513977
14 0.518296
15 0.524829
16 0.524974
18 0.52535
19 0.525419
20 0.535916
22 0.53891
26 0.540313
28 0.546356
29 0.552265
32 0.552839
34 0.556854
36 0.557475
39 0.564212
41 0.565366
45 0.57598
46 0.580217
52 0.586378
55 0.592469
56 0.595791
58 0.603433
63 0.605474
75 0.605766
81 0.611451
96 0.611562
97 0.616203
103 0.616372
107 0.620773
115 0.623178
116 0.624941
122 0.636445
135 0.639342
147 0.645112
150 0.646315
160 0.646869
163 0.647739
174 0.64807
182 0.654109
183 0.655726
187 0.660074
196 0.663679
209 0.664005
220 0.67046
238 0.671778
256 0.672287
258 0.676622
285 0.679101
286 0.680287
305 0.681898
315 0.683266
320 0.685461
338 0.686425
347 0.686768
352 0.687914
356 0.68875
372 0.690785
393 0.694938
432 0.695424
437 0.698636
438 0.70009
467 0.704763
516 0.711225
633 0.71757
