0 0.499408
1 0.503289
2 0.505775
3 0.506136
4 0.507073
6 0.511989
10 0.517949
13 0.520189
18 0.524516
19 0.528201
21 0.533079
22 0.539198
23 0.540679
24 0.541368
25 0.544659
27 0.545977
28 0.545997
38 0.546526
42 0.552532
43 0.554606
44 0.555268
45 0.560449
47 0.561008
48 0.571246
52 0.571633
55 0.572682
63 0.573057
64 0.575297
70 0.575925
72 0.57721
73 0.578067
77 0.582388
87 0.584204
89 0.59632
94 0.610809
115 0.611441
119 0.614239
128 0.617621
129 0.624868
136 0.626619
137 0.630241
146 0.634483
147 0.636108
151 0.637593
155 0.643001
156 0.645244
161 0.646511
169 0.649766
173 0.650849
179 0.652098
185 0.655627
189 0.65942
237 0.661482
265 0.663441
267 0.663522
276 0.668481
285 0.671228
286 0.675741
287 0.679588
317 0.681449
318 0.68329
330 0.68683
341 0.689531
421 0.691684
