0 0.507234
4 0.50845
7 0.508951
8 0.510916
9 0.514878
10 0.516375
13 0.517997
17 0.522431
18 0.527558
20 0.531087
22 0.534934
23 0.537823
24 0.538718
30 0.540377
31 0.540912
32 0.547316
39 0.548497
44 0.55036
47 0.550753
48 0.552649
51 0.561754
53 0.571628
55 0.571986
56 0.580016
58 0.586269
60 0.586381
69 0.587214
70 0.594802
71 0.599149
76 0.600872
81 0.605495
90 0.605882
94 0.612493
96 0.615544
97 0.616825
102 0.624921
106 0.62545
110 0.632375
117 0.634404
128 0.634927
130 0.635596
135 0.640675
142 0.646653
146 0.648106
162 0.651926
176 0.655748
179 0.657629
194 0.662316
203 0.666981
206 0.668855
239 0.670223
297 0.675324
356 0.675961
401 0.676562
403 0.682145
433 0.683067
464 0.683401
507 0.685022
510 0.687186
565 0.688369
574 0.688389
608 0.689326
615 0.691187
641 0.691623
