0 0.489695
4 0.493002
5 0.504442
6 0.50985
10 0.51083
12 0.515402
15 0.525001
16 0.529005
19 0.531582
20 0.53884
21 0.545486
24 0.545598
26 0.547382
28 0.550894
31 0.553435
33 0.5539
36 0.555656
44 0.563134
51 0.565932
53 0.570381
57 0.573751
61 0.574138
62 0.58264
66 0.586513
68 0.590188
79 0.59531
87 0.595525
96 0.601264
98 0.602626
102 0.608377
105 0.61382
110 0.613881
119 0.615276
123 0.616644
129 0.620887
132 0.626439
139 0.628686
144 0.636248
151 0.639584
152 0.639939
158 0.644804
165 0.648749
175 0.649437
176 0.651466
182 0.656148
202 0.660644
209 0.664488
217 0.666623
221 0.666786
229 0.669456
230 0.671076
233 0.672936
234 0.675033
251 0.675998
314 0.682391
322 0.684607
331 0.68495
356 0.686249
389 0.687371
400 0.692171
410 0.694696
415 0.694841
485 0.697516
499 0.697953
588 0.700015