0 0.518711
2 0.52636
4 0.534037
8 0.537904
9 0.545762
10 0.545977
12 0.551548
13 0.553044
14 0.553662
15 0.560605
17 0.569934
19 0.571736
20 0.576294
22 0.578341
25 0.584245
26 0.587466
35 0.588525
36 0.59178
38 0.594041
45 0.5958
46 0.596249
56 0.597033
62 0.597277
63 0.59769
66 0.598905
69 0.603224
70 0.61041
72 0.618113
76 0.621926
77 0.625088
82 0.626493
83 0.626656
85 0.63478
90 0.6348
91 0.6372
93 0.642951
95 0.646542
101 0.652309
108 0.658127
109 0.658449
116 0.659413
120 0.661074
127 0.665154
141 0.66579
143 0.667994
146 0.674155
147 0.674368
174 0.675468
186 0.677169
189 0.680806
211 0.682851
224 0.683229
248 0.689094
294 0.694236
299 0.695447
333 0.697308
354 0.697744
360 0.700956
390 0.706494
457 0.711031
474 0.715557
