0 0.489739
1 0.490126
3 0.498384
7 0.499755
8 0.504196
9 0.506663
10 0.510041
11 0.512066
19 0.518501
20 0.519982
23 0.53106
26 0.537524
28 0.543367
30 0.545464
31 0.545856
33 0.547516
37 0.548074
39 0.548094
42 0.548409
45 0.551874
49 0.553349
52 0.557183
53 0.560646
55 0.562975
57 0.564392
67 0.565599
71 0.568763
75 0.569
79 0.573623
80 0.573718
82 0.585959
93 0.589985
95 0.596719
97 0.599261
107 0.601335
113 0.606022
116 0.612183
119 0.612618
125 0.622085
126 0.623022
130 0.626859
136 0.62818
143 0.628213
144 0.633435
146 0.640217
147 0.646864
164 0.646867
180 0.649319
184 0.651021
188 0.653861
193 0.654105
224 0.654767
267 0.662518
358 0.667961
370 0.674536
413 0.680472
