0 0.512769
1 0.516061
2 0.517144
4 0.522532
6 0.523133
19 0.529161
20 0.533735
21 0.534227
22 0.534711
23 0.53616
26 0.540494
28 0.542299
32 0.549081
35 0.554463
38 0.556173
41 0.556861
43 0.556927
46 0.557479
47 0.558419
53 0.558792
57 0.561038
62 0.563745
75 0.565786
78 0.567814
85 0.567959
91 0.569977
93 0.572815
107 0.579067
108 0.580684
117 0.587523
119 0.588221
125 0.588335
134 0.591683
136 0.59388
140 0.597449
141 0.599118
142 0.599208
144 0.600996
152 0.602267
154 0.603676
183 0.604721
192 0.610962
202 0.614216
207 0.616835
219 0.623398
226 0.625199
227 0.630967
231 0.633192
233 0.638114
243 0.64152
253 0.646599
256 0.64846
257 0.650156
272 0.651308
274 0.655496
312 0.65689
313 0.657855
327 0.659018
332 0.661748
338 0.66446
364 0.668433
415 0.669122
465 0.669607
484 0.672405
513 0.676753
558 0.678397
