0 0.468883
1 0.475515
2 0.480958
3 0.482579
8 0.484888
11 0.485934
14 0.490576
19 0.498812
20 0.503483
21 0.50442
23 0.512592
25 0.518163
27 0.523206
28 0.529368
29 0.533817
30 0.534159
32 0.537734
35 0.540873
36 0.543325
37 0.550104
38 0.552417
39 0.556065
42 0.560538
47 0.562571
50 0.569243
51 0.574433
52 0.577388
53 0.582065
56 0.584641
64 0.586776
65 0.593592
67 0.594763
71 0.604816
83 0.608372
90 0.609077
92 0.611283
93 0.614237
103 0.614349
105 0.615038
110 0.620832
113 0.624034
129 0.625589
136 0.629396
140 0.630986
154 0.631605
156 0.640143
159 0.644078
165 0.653183
171 0.658992
190 0.661031
194 0.66238
199 0.664614
202 0.666094
215 0.672489
224 0.678238
228 0.679217
239 0.682561
242 0.684536
262 0.686338
279 0.689485
288 0.691239
292 0.692636
355 0.694649
368 0.694795
402 0.696869
403 0.697673
411 0.700804
413 0.702664