1 0
2 0
3 0
4 0
5 0
6 0
7 0
8 0
9 0
10 0
11 0
12 0
13 0
14 0
15 0
16 0
17 0
18 0
19 0
20 0
21 0
22 0
23 0
24 0
25 0
26 0
27 0
28 0
29 0
30 0
31 0
32 0
33 0
34 0
35 0
36 0
37 0
38 0
39 0
40 0
41 0
42 0
43 0
44 0
45 0
46 0
47 0
48 0
49 0
50 0
51 0
52 0
53 0
54 0
55 0
56 0
57 0
58 0
59 0
60 0
61 0
62 0
63 0
64 0
65 0
66 0
67 0
68 0
69 0
70 0
71 0
72 0
73 0
74 0
75 0
76 0
77 0
78 0
79 0
80 0
81 0
82 0
83 0
84 0
85 0
86 0
87 0
88 0
89 0
90 0
91 0
92 0
93 0
94 0
95 0
96 0
97 0
98 0
99 0
100 0
101 0
102 0
103 0
104 0
105 0
106 0
107 0
108 0
109 0
110 0
111 0
112 0
113 0
114 0
115 0
116 0
117 0
118 0
119 0
120 0
121 0
122 0
123 0
124 0
125 0
126 0
127 0
128 0
129 0
130 0
131 0
132 0
133 0
134 0
135 0
136 0
137 0
138 0
139 0
140 0
141 0
142 0
143 0
144 0
145 0
146 0
147 0
148 0
149 0
150 0
151 0
152 0
153 0
154 0
155 0
156 0
157 0
158 0
159 0
160 0
161 0
162 0
163 0
164 0
165 0
166 0
167 0
168 0
169 0
170 0
171 0
172 0
173 0
174 0
175 0
176 0
177 0
178 0
179 0
180 0
181 0
182 0
183 0
184 0
185 0
186 0
187 0
188 0
189 0
190 0
191 0
192 0
193 0
194 0
195 0
196 0
197 0
198 0
199 0
200 0
201 0
202 0
203 0
204 0
205 0
206 0
207 0
208 0
209 0
210 0
211 0
212 0
213 0
214 0
215 0
216 0
217 0
218 0
219 0
220 0
221 0
222 0
223 0
224 0
225 0
226 0
227 0
228 0
229 0
230 0
231 0
232 0
234 0
235 0
236 0
237 0
238 0
239 0
240 0
241 0
242 0
243 0
244 0
245 0
246 0
247 0
248 0
249 0
250 0
251 0
252 0
253 0
254 0
255 0
256 0
257 0
258 0
259 0
260 0
261 0
262 0
263 0
264 0
265 0
266 0
267 0
268 0
269 0
270 0
271 0
272 0
273 0
274 0
275 0
276 0
277 0
278 0
279 0
280 0
281 0
282 0
283 0
284 0
285 0
286 0
287 0
288 0
289 0
290 0
291 0
292 0
293 0
294 0
295 0
296 0
297 0
298 0
299 0
300 0
301 0
302 0
303 0
304 0
305 0
306 0
307 0
308 0
309 0
310 0
311 0
312 0
313 0
314 0
315 0
316 0
317 0
318 0
319 0
320 0
321 0
322 0
323 0
324 0
325 0
326 0
327 0
328 0
329 0
330 0
331 0
332 0
333 0
334 0
335 0
336 0
337 0
338 0
339 0
340 0
341 0
343 0
344 0
345 0
346 0
347 0
348 0
350 0
351 0
352 0
353 0
354 0
355 0
356 0
357 0
358 0
359 0
360 0
361 0
362 0
363 0
364 0
365 0
366 0
367 0
368 0
369 0
370 0
371 0
372 0
373 0
374 0
375 0
376 0
379 0
382 0
383 0
384 0
386 0
387 0
388 0
389 0
390 0
391 0
392 0
393 0
394 0
395 0
396 0
397 0
398 0
399 0
401 0
402 0
403 0
404 0
405 0
407 0
408 0
409 0
410 0
411 0
412 0
413 0
414 0
415 0
416 0
417 0
418 0
419 0
420 0
421 0
422 0
423 0
424 0
425 0
426 0
427 0
428 0
429 0
430 0
431 0
432 0
433 0
434 0
435 0
436 0
437 0
438 0
439 0
440 0
441 0
442 0
445 0
446 0
447 0
448 0
449 0
450 0
451 0
452 0
453 0
454 0
455 0
456 0
457 0
458 0
459 0
460 0
462 0
463 0
464 0
465 0
466 0
467 0
468 0
469 0
470 0
471 0
472 0
474 0
475 0
476 0
477 0
478 0
479 0
480 0
481 0
482 0
483 0
484 0
485 0
486 0
487 0
488 0
489 0
490 0
491 0
492 0
493 0
494 0
495 0
496 0
497 0
498 0
499 0
500 0
502 0
503 0
504 0
505 0
506 0
507 0
508 0
510 0
511 0
512 0
513 0
514 0
515 0
516 0
517 0
518 0
519 0
520 0
521 0
522 0
523 0
524 0
525 0
526 0
527 0
529 0
530 0
531 0
533 0
534 0
535 0
536 0
537 0
538 0
539 0
541 0
542 0
543 0
544 0
545 0
546 0
548 0
549 0
550 0
551 0
552 0
553 0
554 0
555 0
556 0
558 0
559 0
560 0
561 0
562 0
563 0
565 0
566 0
567 0
568 0
569 0
570 0
571 0
572 0
573 0
574 0
575 0
576 0
577 0
578 0
579 0
581 0
582 0
583 0
584 0
585 0
586 0
587 0
588 0
589 0
590 0
591 0
593 0
594 0
595 0
596 0
598 0
599 0
601 0
602 0
604 0
605 0
606 0
607 0
608 0
609 0
610 0
611 0
612 0
613 0
614 0
615 0
616 0
617 0
618 0
619 0
620 0
621 0
622 0
623 0
624 0
625 0
626 0
627 0
628 0
629 0
630 0
631 0
632 0
633 0
635 0
636 0
637 0
638 0
639 0
640 0
641 0
642 0
643 0
644 0
645 0
646 0
647 0
648 0
649 0
650 0
652 0
653 0
654 0
655 0
657 0
659 0
660 0
661 0
662 0
663 0
664 0
665 0
666 0
667 0
668 0
669 0
670 0
671 0
674 0
675 0
679 0
681 0
682 0
683 0
684 0
685 0
687 0
688 0
689 0
690 0
692 0
693 0
695 0
696 0
697 0
698 0
700 0
702 0
703 0
708 0
711 0
712 0
713 0
715 0
716 0
717 0
718 0
719 0
720 0
721 0
723 0
724 0
725 0
726 0
728 0
729 0
730 0
731 0
733 0
735 0
736 0
737 0
740 0
741 0
742 0
743 0
744 0
745 0
746 0
747 0
749 0
751 0
752 0
753 0
754 0
755 0
756 0
759 0
761 0
764 0
765 0
766 0
767 0
768 0
770 0
771 0
772 0
773 0
774 0
775 0
776 0
777 0
781 0
782 0
784 0
785 0
786 0
787 0
788 0
789 0
790 0
792 0
793 0
794 0
795 0
797 0
798 0
799 0
800 0
802 0
803 0
804 0
805 0
806 0
809 0
810 0
811 0
813 0
814 0
815 0
817 0
819 0
820 0
821 0
822 0
824 0
826 0
828 0
829 0
831 0
832 0
833 0
834 0
835 0
838 0
839 0
840 0
841 0
843 0
844 0
845 0
846 0
848 0
849 0
850 0
852 0
853 0
854 0
855 0
857 0
860 0
861 0
864 0
869 0
871 0
872 0
873 0
874 0
876 0
877 0
878 0
879 0
880 0
881 0
882 0
883 0
884 0
885 0
888 0
890 0
891 0
892 0
893 0
894 0
895 0
896 0
898 0
899 0
900 0
901 0
903 0
905 0
906 0
907 0
908 0
909 0
910 0
911 0
912 0
913 0
914 0
915 0
917 0
918 0
919 0
920 0
921 0
922 0
923 0
926 0
927 0
928 0
929 0
930 0
931 0
933 0
934 0
935 0
937 0
938 0
939 0
941 0
942 0
943 0
944 0
945 0
946 0
947 0
948 0
949 0
952 0
955 0
956 0
957 0
960 0
961 0
963 0
964 0
966 0
967 0
968 0
969 0
970 0
972 0
973 0
974 0
976 0
980 0
981 0
983 0
984 0
985 0
987 0
989 0
990 0
991 0
992 0
993 0
994 0
996 0
997 0
998 0
999 0
1000 0
1002 0
1003 0
1004 0
1006 0
1007 0
1008 0
1009 0
1010 0
1012 0
1013 0
1014 0
1015 0
1018 0
1019 0
1020 0
1021 0
1022 0
1024 0
1025 0
1026 0
1027 0
1028 0
1029 0
1030 0
1031 0
1032 0
1034 0
1035 0
1036 0
1038 0
1040 0
1042 0
1043 0
1045 0
1048 0
1049 0
1052 0
1053 0
1056 0
1058 0
1060 0
1062 0
1063 0
1065 0
1066 0
1068 0
1069 0
1070 0
1071 0
1073 0
1074 0
1079 0
1080 0
1081 0
1082 0
1084 0
1085 0
1086 0
1087 0
1088 0
1089 0
1090 0
1091 0
1092 0
1093 0
1096 0
1098 0
1099 0
1102 0
1104 0
1105 0
1107 0
1108 0
1111 0
1112 0
1116 0
1117 0
1121 0
1123 0
1124 0
1129 0
1130 0
1131 0
1132 0
1134 0
1135 0
1138 0
1139 0
1143 0
1144 0
1145 0
1149 0
1151 0
1153 0
1154 0
1157 0
1158 0
1160 0
1162 0
1163 0
1165 0
1166 0
1168 0
1169 0
1170 0
1174 0
1176 0
1178 0
1179 0
1180 0
1183 0
1186 0
1189 0
1190 0
1191 0
1192 0
1196 0
1197 0
1198 0
1202 0
1203 0
1205 0
1208 0
1211 0
1212 0
1213 0
1214 0
1216 0
1218 0
1219 0
1221 0
1223 0
1224 0
1225 0
1226 0
1227 0
1229 0
1230 0
1231 0
1235 0
1236 0
1238 0
1239 0
1241 0
1242 0
1243 0
1245 0
1246 0
1247 0
1248 0
1249 0
1250 0
1251 0
1253 0
1254 0
1255 0
1256 0
1257 0
1260 0
1261 0
1263 0
1264 0
1265 0
1268 0
1269 0
1270 0
1271 0
1272 0
1274 0
1275 0
1277 0
1279 0
1280 0
1282 0
1283 0
1285 0
1287 0
1288 0
1289 0
1294 0
1302 0
1303 0
1306 0
1308 0
1309 0
1310 0
1311 0
1313 0
1315 0
1318 0
1319 0
1320 0
1321 0
1322 0
1323 0
1324 0
1325 0
1326 0
1327 0
1328 0
1329 0
1335 0
1343 0
1344 0
1345 0
1346 0
1347 0
1348 0
1349 0
1350 0
1353 0
1355 0
1356 0
1357 0
1358 0
1360 0
1362 0
1363 0
1366 0
1367 0
1368 0
1370 0
1372 0
1373 0
1374 0
1376 0
1378 0
1380 0
1381 0
1383 0
1384 0
1390 0
1398 0
1404 0
1406 0
1407 0
1408 0
1409 0
1410 0
1412 0
1413 0
1414 0
1415 0
1416 0
1417 0
1420 0
1421 0
1422 0
1423 0
1426 0
1428 0
1432 0
1437 0
1438 0
1440 0
1442 0
1443 0
1447 0
1448 0
1449 0
1450 0
1456 0
1457 0
1459 0
1465 0
1466 0
1467 0
1468 0
1469 0
1470 0
1474 0
1476 0
1477 0
1482 0
1485 0
1486 0
1487 0
1489 0
1494 0
1496 0
1498 0
1501 0
1502 0
1503 0
1506 0
1508 0
1509 0
1512 0
1513 0
1515 0
1516 0
1519 0
1520 0
1521 0
1524 0
1525 0
1527 0
1528 0
1534 0
1535 0
1536 0
1537 0
1541 0
1543 0
1545 0
1547 0
1550 0
1553 0
1559 0
1561 0
1562 0
1563 0
1564 0
1565 0
1567 0
1568 0
1570 0
1571 0
1572 0
1574 0
1575 0
1576 0
1577 0
1579 0
1580 0
1583 0
1584 0
1586 0
1587 0
1588 0
1589 0
1590 0
1593 0
1597 0
1600 0
1605 0
1606 0
1612 0
1614 0
1617 0
1619 0
1620 0
1621 0
1622 0
1624 0
1628 0
1633 0
1634 0
1637 0
1638 0
1640 0
1642 0
1646 0
1649 0
1651 0
1652 0
1653 0
1655 0
1659 0
1660 0
1662 0
1665 0
1666 0
1670 0
1672 0
1673 0
1674 0
1675 0
1682 0
1684 0
1687 0
1691 0
1702 0
1704 0
1706 0
1707 0
1708 0
1709 0
1710 0
1712 0
1714 0
1715 0
1716 0
1721 0
1722 0
1723 0
1724 0
1725 0
1728 0
1729 0
1732 0
1740 0
1742 0
1743 0
1744 0
1747 0
1748 0
1750 0
1752 0
1754 0
1755 0
1757 0
1758 0
1759 0
1760 0
1763 0
1764 0
1765 0
1767 0
1770 0
1771 0
1772 0
1774 0
1775 0
1782 0
1786 0
1787 0
1789 0
1790 0
1793 0
1795 0
1798 0
1799 0
1800 0
1801 0
1803 0
1805 0
1807 0
1809 0
1813 0
1814 0
1815 0
1818 0
1822 0
1826 0
1828 0
1829 0
1830 0
1831 0
1832 0
1833 0
1835 0
1836 0
1840 0
1845 0
1846 0
1847 0
1849 0
1851 0
1856 0
1857 0
1858 0
1859 0
1864 0
1865 0
1868 0
1871 0
1872 0
1880 0
1883 0
1888 0
1889 0
1890 0
1891 0
1898 0
1901 0
1903 0
1905 0
1910 0
1911 0
1918 0
1921 0
1922 0
1925 0
1928 0
1932 0
1935 0
1940 0
1941 0
1943 0
1944 0
1947 0
1953 0
1956 0
1959 0
1960 0
1961 0
1967 0
1970 0
1973 0
1975 0
1979 0
1983 0
1985 0
1986 0
1988 0
1989 0
1991 0
1992 0
1993 0
1996 0
1997 0
1999 0
2002 0
2004 0
2005 0
2006 0
2008 0
2010 0
2011 0
2012 0
2019 0
2022 0
2024 0
2025 0
2030 0
2037 0
2040 0
2041 0
2043 0
2044 0
2051 0
2052 0
2053 0
2054 0
2055 0
2056 0
2057 0
2058 0
2059 0
2063 0
2065 0
2067 0
2068 0
2069 0
2070 0
2072 0
2074 0
2077 0
2081 0
2085 0
2088 0
2094 0
2095 0
2096 0
2097 0
2098 0
2101 0
2103 0
2106 0
2110 0
2111 0
2113 0
2114 0
2118 0
2125 0
2127 0
2130 0
2131 0
2142 0
2143 0
2146 0
2147 0
2150 0
2153 0
2154 0
2155 0
2156 0
2160 0
2164 0
2165 0
2166 0
2167 0
2168 0
2178 0
2179 0
2181 0
2182 0
2183 0
2186 0
2187 0
2195 0
2196 0
2197 0
2198 0
2200 0
2202 0
2209 0
2211 0
2212 0
2215 0
2218 0
2220 0
2221 0
2224 0
2225 0
2228 0
2232 0
2233 0
2234 0
2240 0
2243 0
2246 0
2251 0
2252 0
2258 0
2259 0
2261 0
2263 0
2265 0
2272 0
2273 0
2276 0
2280 0
2281 0
2291 0
2292 0
2295 0
2297 0
2301 0
2303 0
2306 0
2308 0
2311 0
2313 0
2319 0
2320 0
2325 0
2327 0
2328 0
2337 0
2338 0
2346 0
2354 0
2355 0
2361 0
2364 0
2366 0
2370 0
2373 0
2379 0
2383 0
2386 0
2390 0
2400 0
2406 0
2412 0
2418 0
2424 0
2431 0
2436 0
2441 0
2447 0
2450 0
2453 0
2454 0
2456 0
2457 0
2462 0
2463 0
2465 0
2481 0
2490 0
2492 0
2495 0
2498 0
2500 0
2512 0
2514 0
2516 0
2518 0
2519 0
2520 0
2524 0
2529 0
2532 0
2533 0
2536 0
2537 0
2538 0
2539 0
2541 0
2543 0
2544 0
2546 0
2549 0
2553 0
2554 0
2556 0
2557 0
2561 0
2564 0
2567 0
2573 0
2574 0
2575 0
2576 0
2580 0
2586 0
2590 0
2595 0
2599 0
2600 0
2601 0
2603 0
2605 0
2606 0
2609 0
2610 0
2613 0
2616 0
2617 0
2618 0
2620 0
2639 0
2640 0
2641 0
2643 0
2646 0
2647 0
2653 0
2654 0
2658 0
2659 0
2667 0
2668 0
2672 0
2678 0
2685 0
2693 0
2695 0
2702 0
2704 0
2708 0
2710 0
2713 0
2717 0
2722 0
2724 0
2726 0
2729 0
2737 0
2744 0
2748 0
2753 0
2756 0
2757 0
2766 0
2771 0
2772 0
2784 0
2787 0
2788 0
2793 0
2795 0
2799 0
2801 0
2802 0
2804 0
2806 0
2808 0
2814 0
2815 0
2818 0
2819 0
2820 0
2821 0
2824 0
2831 0
2843 0
2850 0
2854 0
2855 0
2857 0
2858 0
2859 0
2861 0
2862 0
2866 0
2872 0
2876 0
2879 0
2885 0
2888 0
2892 0
2893 0
2896 0
2901 0
2903 0
2905 0
2913 0
2929 0
2934 0
2935 0
2936 0
2937 0
2939 0
2942 0
2955 0
2957 0
2961 0
2962 0
2964 0
2978 0
2979 0
2981 0
2982 0
2983 0
2984 0
2993 0
2999 0
3003 0
3008 0
3009 0
3010 0
3011 0
3012 0
3023 0
3025 0
3026 0
3031 0
3039 0
3041 0
3046 0
3050 0
3051 0
3055 0
3066 0
3083 0
3086 0
3089 0
3094 0
3103 0
3109 0
3111 0
3114 0
3116 0
3120 0
3126 0
3128 0
3129 0
3138 0
3140 0
3145 0
3146 0
3149 0
3151 0
3160 0
3174 0
3192 0
3197 0
3200 0
3204 0
3205 0
3210 0
3219 0
3220 0
3224 0
3228 0
3231 0
3232 0
3239 0
3253 0
3258 0
3259 0
3264 0
3265 0
3277 0
3278 0
3279 0
3286 0
3293 0
3294 0
3297 0
3311 0
3315 0
3317 0
3319 0
3327 0
3329 0
3330 0
3331 0
3332 0
3333 0
3335 0
3338 0
3339 0
3340 0
3341 0
3349 0
3364 0
3365 0
3367 0
3372 0
3373 0
3374 0
3379 0
3383 0
3388 0
3393 0
3403 0
3406 0
3408 0
3418 0
3419 0
3422 0
3423 0
3429 0
3432 0
3433 0
3436 0
3451 0
3452 0
3458 0
3461 0
3463 0
3465 0
3467 0
3468 0
3472 0
3475 0
3476 0
3484 0
3488 0
3494 0
3495 0
3501 0
3511 0
3520 0
3527 0
3529 0
3536 0
3564 0
3574 0
3584 0
3586 0
3587 0
3588 0
3591 0
3598 0
3610 0
3616 0
3624 0
3627 0
3630 0
3631 0
3636 0
3637 0
3639 0
3642 0
3643 0
3646 0
3661 0
3663 0
3664 0
3665 0
3678 0
3685 0
3687 0
3688 0
3700 0
3701 0
3703 0
3706 0
3720 0
3722 0
3723 0
3727 0
3732 0
3733 0
3740 0
3743 0
3753 0
3756 0
3758 0
3762 0
3774 0
3783 0
3790 0
3791 0
3795 0
3802 0
3811 0
3813 0
3815 0
3823 0
3828 0
3831 0
3837 0
3848 0
3850 0
3851 0
3859 0
3862 0
3875 0
3896 0
3909 0
3914 0
3920 0
3923 0
3929 0
3931 0
3935 0
3936 0
3941 0
3945 0
3948 0
3950 0
3960 0
3970 0
3975 0
3984 0
3994 0
4000 0
4007 0
4020 0
4024 0
4028 0
4031 0
4034 0
4039 0
4045 0
4047 0
4059 0
4061 0
4062 0
4071 0
4074 0
4087 0
4091 0
4102 0
4108 0
4110 0
4118 0
4119 0
4125 0
4128 0
4130 0
4132 0
4134 0
4138 0
4140 0
4143 0
4146 0
4153 0
4154 0
4156 0
4158 0
4160 0
4168 0
4171 0
4182 0
4183 0
4185 0
4198 0
4205 0
4209 0
4210 0
4211 0
4218 0
4221 0
4225 0
4233 0
4239 0
4243 0
4250 0
4253 0
4262 0
4264 0
4268 0
4269 0
4272 0
4286 0
4288 0
4293 0
4294 0
4295 0
4299 0
4302 0
4305 0
4307 0
4310 0
4313 0
4314 0
4316 0
4318 0
4320 0
4321 0
4322 0
4327 0
4336 0
4341 0
4350 0
4353 0
4361 0
4363 0
4375 0
4376 0
4378 0
4382 0
4384 0
4396 0
4407 0
4413 0
4423 0
4425 0
4429 0
4432 0
4435 0
4437 0
4450 0
4458 0
4462 0
4465 0
4468 0
4470 0
4473 0
4474 0
4477 0
4478 0
4480 0
4484 0
4487 0
4489 0
4491 0
4495 0
4498 0
4500 0
4508 0
4509 0
4513 0
4514 0
4522 0
4525 0
4528 0
4530 0
4532 0
4533 0
4534 0
4537 0
4542 0
4543 0
4544 0
4548 0
4550 0
4551 0
4557 0
4558 0
4560 0
4563 0
4564 0
4567 0
4568 0
4569 0
4573 0
4576 0
4588 0
4593 0
4599 0
4602 0
4603 0
4605 0
4610 0
4612 0
4615 0
4620 0
4621 0
4625 0
4628 0
4631 0
4632 0
4636 0
4638 0
4643 0
4645 0
4646 0
4649 0
4651 0
4668 0
4673 0
4682 0
4685 0
4688 0
4690 0
4704 0
4708 0
4709 0
4712 0
4714 0
4720 0
4721 0
4729 0
4732 0
4740 0
4742 0
4746 0
4747 0
4755 0
4764 0
4774 0
4778 0
4784 0
4789 0
4797 0
4800 0
4801 0
4812 0
4814 0
4815 0
4819 0
4821 0
4822 0
4832 0
4833 0
4834 0
4843 0
4851 0
4852 0
4861 0
4862 0
4863 0
4868 0
4873 0
4883 0
4886 0
4888 0
4894 0
4895 0
4901 0
4906 0
4913 0
4914 0
4923 0
4941 0
4950 0
4954 0
4955 0
4956 0
4957 0
4963 0
4966 0
4971 0
4975 0
4983 0
4986 0
5009 0
5014 0
5015 0
5016 0
5031 0
5032 0
5056 0
5066 0
5067 0
5077 0
5083 0
5088 0
5094 0
5098 0
5101 0
5112 0
5119 0
5124 0
5127 0
5131 0
5133 0
5135 0
5138 0
5141 0
5143 0
5148 0
5149 0
5161 0
5172 0
5198 0
5207 0
5208 0
5214 0
5217 0
5219 0
5233 0
5242 0
5243 0
5246 0
5256 0
5259 0
5269 0
5283 0
5289 0
5292 0
5296 0
5315 0
5335 0
5346 0
5355 0
5366 0
5369 0
5392 0
5393 0
5400 0
5406 0
5409 0
5417 0
5422 0
5460 0
5466 0
5468 0
5470 0
5478 0
5482 0
5486 0
5489 0
5494 0
5497 0
5503 0
5510 0
5512 0
5522 0
5529 0
5534 0
5541 0
5545 0
5557 0
5566 0
5578 0
5593 0
5598 0
5614 0
5632 0
5675 0
5706 0
5711 0
5713 0
5714 0
5716 0
5717 0
5719 0
5724 0
5745 0
5753 0
5754 0
5765 0
5784 0
5788 0
5796 0
5797 0
5807 0
5820 0
5842 0
5843 0
5850 0
5867 0
5870 0
5872 0
5879 0
5883 0
5888 0
5902 0
5915 0
5939 0
5940 0
5952 0
5954 0
5970 0
5975 0
5990 0
6006 0
6019 0
6025 0
6035 0
6041 0
6075 0
6078 0
6084 0
6103 0
6110 0
6161 0
6170 0
6176 0
6181 0
6184 0
6194 0
6219 0
6240 0
6249 0
6259 0
6270 0
6273 0
6287 0
6293 0
6303 0
6327 0
6330 0
6342 0
6352 0
6365 0
6371 0
6394 0
6409 0
6420 0
6421 0
6422 0
6434 0
6436 0
6447 0
6452 0
6459 0
6473 0
6477 0
6499 0
6504 0
6514 0
6522 0
6552 0
6557 0
6563 0
6571 0
6572 0
6574 0
6578 0
6582 0
6586 0
6596 0
6601 0
6611 0
6629 0
6630 0
6638 0
6642 0
6653 0
6655 0
6659 0
6664 0
6669 0
6695 0
6697 0
6701 0
6708 0
6712 0
6720 0
6721 0
6731 0
6733 0
6748 0
6757 0
6774 0
6788 0
6790 0
6791 0
6798 0
6801 0
6832 0
6835 0
6859 0
6864 0
6870 0
6892 0
6930 0
6941 0
6944 0
6956 0
6958 0
6976 0
6987 0
6996 0
6999 0
7020 0
7031 0
7065 0
7078 0
7085 0
7086 0
7092 0
7094 0
7116 0
7122 0
7142 0
7157 0
7172 0
7181 0
7192 0
7194 0
7206 0
7246 0
7247 0
7254 0
7256 0
7268 0
7295 0
7315 0
7343 0
7350 0
7353 0
7369 0
7370 0
7415 0
7438 0
7439 0
7440 0
7448 0
7454 0
7467 0
7482 0
7500 0
7502 0
7510 0
7547 0
7551 0
7553 0
7565 0
7593 0
7602 0
7638 0
7665 0
7673 0
7675 0
7682 0
7688 0
7705 0
7722 0
7723 0
7732 0
7762 0
7764 0
7770 0
7787 0
7795 0
7796 0
7820 0
7846 0
7865 0
7872 0
7874 0
7884 0
7885 0
7889 0
7892 0
7903 0
7905 0
7918 0
7922 0
7943 0
7953 0
7959 0
7961 0
7972 0
7992 0
8021 0
8065 0
8083 0
8086 0
8094 0
8122 0
8134 0
8135 0
8139 0
8186 0
8194 0
8200 0
8208 0
8231 0
8237 0
8297 0
8393 0
8404 0
8423 0
8453 0
8470 0
8473 0
8492 0
8529 0
8577 0
8582 0
8585 0
8605 0
8607 0
8640 0
8645 0
8695 0
8710 0
8718 0
8732 0
8733 0
8747 0
8771 0
8782 0
8797 0
8805 0
8852 0
8866 0
8896 0
8905 0
8908 0
8911 0
8918 0
8930 0
8961 0
8999 0
9011 0
9016 0
9028 0
9100 0
9120 0
9125 0
9186 0
9241 0
9257 0
9272 0
9342 0
9407 0
9429 0
9442 0
9444 0
9470 0
9482 0
9534 0
9564 0
9582 0
9583 0
9593 0
9605 0
9614 0
9623 0
9627 0
9648 0
9682 0
9685 0
9687 0
9715 0
9718 0
9753 0
9784 0
9797 0
9828 0
9837 0
9911 0
9916 0
9938 0
9970 0
10008 0
10018 0
10044 0
10111 0
10134 0
10138 0
10178 0
10189 0
10196 0
10226 0
10234 0
10278 0
10302 0
10387 0
10433 0
10527 0
10530 0
10548 0
10590 0
10601 0
10716 0
10724 0
10756 0
10763 0
10778 0
10815 0
10883 0
10888 0
10890 0
10895 0
10913 0
10915 0
10945 0
10947 0
10961 0
11083 0
11088 0
11103 0
11118 0
11130 0
11133 0
11176 0
11251 0
11307 0
11321 0
11344 0
11346 0
11359 0
11360 0
11370 0
11372 0
11382 0
11401 0
11438 0
11448 0
11512 0
11585 0
11592 0
11595 0
11601 0
11605 0
11676 0
11728 0
11741 0
11818 0
11847 0
11920 0
11938 0
11955 0
12012 0
12071 0
12116 0
12158 0
12194 0
12198 0
12222 0
12254 0
12269 0
12338 0
12354 0
12369 0
12373 0
12382 0
12392 0
12395 0
12397 0
12504 0
12526 0
12548 0
12556 0
12558 0
12566 0
12615 0
12635 0
12649 0
12651 0
12666 0
12689 0
12700 0
12728 0
12768 0
12819 0
12963 0
12966 0
12972 0
13022 0
13031 0
13186 0
13188 0
13220 0
13332 0
13359 0
13390 0
13433 0
13441 0
13584 0
13587 0
13629 0
13718 0
13742 0
13760 0
13774 0
13803 0
13805 0
13811 0
13825 0
13877 0
13902 0
13925 0
13927 0
13941 0
13945 0
13962 0
13977 0
13979 0
14003 0
14019 0
14045 0
14055 0
14067 0
14079 0
14086 0
14095 0
14154 0
14155 0
14162 0
14256 0
14270 0
14290 0
14393 0
14404 0
14460 0
14473 0
14490 0
14528 0
14550 0
14569 0
14669 0
14673 0
14751 0
14760 0
14770 0
14773 0
14782 0
14792 0
14809 0
14842 0
14864 0
14879 0
14938 0
14950 0
14996 0
15000 0
15001 0
15009 0
15033 0
15054 0
15133 0
15148 0
15153 0
15164 0
15224 0
15377 0
15530 0
15538 0
15548 0
15621 0
15669 0
15671 0
15708 0
15730 0
15977 0
15991 0
16003 0
16063 0
16130 0
16160 0
16226 0
16257 0
16263 0
16465 0
16848 0
16875 0
16881 0
16905 0
16948 0
16954 0
16968 0
16999 0
17017 0
17018 0
17050 0
17051 0
17182 0
17199 0
17288 0
17304 0
17409 0
17459 0
17506 0
17517 0
17543 0
17578 0
17601 0
17715 0
17721 0
17805 0
17827 0
17864 0
17900 0
17921 0
17942 0
18036 0
18076 0
18086 0
18087 0
18159 0
18323 0
18362 0
18366 0
18367 0
18414 0
18434 0
18443 0
18471 0
18472 0
18591 0
18613 0
18666 0
18681 0
18748 0
18827 0
18868 0
18873 0
18914 0
18975 0
18989 0
19064 0
19114 0
19206 0
19225 0
19248 0
19257 0
19291 0
19317 0
19329 0
19347 0
19351 0
19352 0
19363 0
19368 0
19379 0
19434 0
19437 0
19682 0
19708 0
19719 0
19720 0
19744 0
19764 0
19766 0
19818 0
19850 0
19888 0
19898 0
19900 0
19929 0
20050 0
20057 0
20077 0
20180 0
20186 0
20229 0
20241 0
20269 0
20274 0
20323 0
20350 0
20360 0
20367 0
20461 0
20715 0
20729 0
20739 0
20760 0
20777 0
20779 0
20824 0
20835 0
20836 0
20859 0
20938 0
20943 0
20948 0
21039 0
21182 0
21218 0
21231 0
21236 0
21243 0
21269 0
21271 0
21298 0
21343 0
21360 0
21373 0
21556 0
21609 0
21667 0
21695 0
21721 0
21754 0
21910 0
21978 0
21987 0
22019 0
22080 0
22120 0
22125 0
22161 0
22172 0
22306 0
22321 0
22329 0
22389 0
22506 0
22598 0
22652 0
22670 0
22707 0
22710 0
22820 0
22849 0
22859 0
22864 0
22873 0
22968 0
23017 0
23119 0
23122 0
23165 0
23216 0
23273 0
23279 0
23322 0
23339 0
23372 0
23416 0
23447 0
23449 0
23472 0
23536 0
23550 0
23573 0
23627 0
23647 0
23657 0
23669 0
23694 0
23838 0
23840 0
23870 0
23873 0
23909 0
23914 0
23943 0
24029 0
24224 0
24236 0
24249 0
24363 0
24370 0
24453 0
24491 0
24600 0
24612 0
24634 0
24641 0
24660 0
24701 0
24714 0
24715 0
24786 0
24915 0
24942 0
24948 0
25018 0
25139 0
25209 0
25235 0
25254 0
25335 0
25398 0
25408 0
25457 0
25494 0
25513 0
25562 0
25623 0
25655 0
25661 0
25693 0
25735 0
25766 0
25833 0
25908 0
26036 0
26042 0
26075 0
26164 0
26172 0
26219 0
26231 0
26259 0
26336 0
26444 0
26476 0
26485 0
26525 0
26549 0
26583 0
26592 0
26595 0
26603 0
26623 0
26625 0
26722 0
26756 0
26770 0
26837 0
26932 0
26941 0
27012 0
27021 0
27186 0
27239 0
27269 0
27294 0
27401 0
27508 0
27519 0
27554 0
27643 0
27648 0
27730 0
27751 0
28047 0
28133 0
28167 0
28172 0
28252 0
28474 0
28623 0
28630 0
28693 0
29128 0
29315 0
29817 0
29843 0
30221 0
30226 0
30263 0
30393 0
30474 0
30875 0
30888 0
30899 0
30933 0
30964 0
31002 0
31049 0
31058 0
31179 0
31204 0
31850 0
31950 0
31977 0
31990 0
32023 0
32125 0
32260 0
32272 0
32485 0
32531 0
32730 0
32776 0
32791 0
32820 0
32833 0
32864 0
32951 0
33059 0
33064 0
33093 0
33408 0
33445 0
33542 0
33557 0
33599 0
33632 0
33677 0
33701 0
33703 0
33751 0
33924 0
33954 0
33982 0
34004 0
34181 0
34183 0
34206 0
34343 0
34355 0
34365 0
34785 0
34821 0
34823 0
34912 0
34939 0
35020 0
35043 0
35088 0
35436 0
35593 0
35937 0
35950 0
36034 0
36377 0
36587 0
36598 0
36689 0
37234 0
37247 0
37299 0
37454 0
37860 0
37934 0
38003 0
38046 0
38273 0
38463 0
38503 0
38867 0
38897 0
38937 0
38978 0
39188 0
39205 0
39281 0
39298 0
39573 0
39937 0
39976 0
39978 0
40017 0
40188 0
40440 0
40461 0
40536 0
40547 0
40636 0
40652 0
40655 0
40873 0
40895 0
40997 0
41118 0
41119 0
41128 0
41181 0
41218 0
41263 0
41514 0
41534 0
41563 0
41640 0
41665 0
41724 0
41728 0
41741 0
41750 0
41753 0
41772 0
41803 0
41839 0
41998 0
42120 0
42153 0
42172 0
42197 0
42591 0
42619 0
42704 0
42828 0
42865 0
43010 0
43012 0
43072 0
43082 0
43405 0
43456 0
43555 0
43628 0
43864 0
44076 0
44143 0
44226 0
44252 0
44498 0
44713 0
44768 0
44769 0
45055 0
45080 0
45117 0
45149 0
45218 0
45327 0
45361 0
45419 0
45675 0
45749 0
45795 0
45797 0
45827 0
45882 0
45947 0
45972 0
46194 0
46290 0
46298 0
46484 0
46495 0
46506 0
46687 0
46779 0
46903 0
46905 0
47017 0
47068 0
47139 0
47230 0
47274 0
47357 0
47464 0
47576 0
47773 0
47892 0
47933 0
48263 0
48303 0
48491 0
48608 0
48775 0
48791 0
49245 0
49309 0
49432 0
49494 0
49570 0
49600 0
49658 0
49738 0
49763 0
49809 0
49893 0
50026 0
50195 0
50214 0
50229 0
50261 0
50354 0
50376 0
50524 0
50528 0
50538 0
50546 0
50648 0
50664 0
50757 0
50885 0
50971 0
50993 0
51106 0
51132 0
51211 0
51260 0
51516 0
51574 0
51649 0
51780 0
51850 0
51870 0
51905 0
51922 0
52008 0
52042 0
52160 0
52209 0
52441 0
52631 0
52751 0
52912 0
52940 0
52984 0
53048 0
53291 0
53413 0
53510 0
53639 0
53643 0
53651 0
53809 0
53821 0
53880 0
53913 0
53930 0
54091 0
54099 0
54129 0
54456 0
54499 0
54897 0
54903 0
55087 0
55183 0
55302 0
55388 0
55455 0
55928 0
56502 0
56631 0
57158 0
57847 0
58124 0
58142 0
58143 0
58306 0
58359 0
58445 0
58452 0
58651 0
58677 0
58685 0
58708 0
58979 0
58993 0
59131 0
59348 0
59393 0
59613 0
59731 0
59866 0
60635 0
60695 0
60805 0
60958 0
61043 0
61375 0
61518 0
61527 0
61633 0
61685 0
61980 0
62006 0
63370 0
63725 0
63912 0
64254 0
64916 0
65445 0
65502 0
65571 0
66124 0
66210 0
66416 0
66668 0
66724 0
66885 0
67019 0
67146 0
67292 0
67583 0
68253 0
68378 0
68565 0
68677 0
68711 0
68781 0
68800 0
68824 0
68845 0
68945 0
69056 0
69093 0
69125 0
69187 0
69217 0
69243 0
69246 0
69255 0
69487 0
69619 0
69852 0
70300 0
70392 0
70461 0
70529 0
70548 0
70562 0
70772 0
70784 0
70868 0
70924 0
71213 0
71402 0
71474 0
71549 0
71569 0
71655 0
71773 0
71775 0
71790 0
72015 0
72083 0
72084 0
72304 0
72379 0
72506 0
72658 0
72766 0
72780 0
72839 0
72937 0
73335 0
73362 0
73464 0
73690 0
73717 0
74060 0
74205 0
74447 0
74457 0
74642 0
74753 0
74834 0
75065 0
75098 0
75207 0
75338 0
75405 0
75557 0
75956 0
76036 0
76521 0
76687 0
77208 0
77479 0
77598 0
77834 0
77840 0
77999 0
78020 0
78339 0
78405 0
78467 0
78488 0
79011 0
79026 0
79053 0
79300 0
79573 0
79666 0
80003 0
80089 0
80269 0
80344 0
80353 0
80974 0
81477 0
81564 0
81867 0
82077 0
82387 0
83071 0
83257 0
83391 0
83406 0
83575 0
83717 0
83915 0
84140 0
84667 0
85999 0
86038 0
86716 0
87048 0
87083 0
87174 0
87352 0
87374 0
87557 0
87674 0
87979 0
87991 0
88212 0
88524 0
89075 0
89151 0
89238 0
89538 0
89772 0
89943 0
90034 0
90059 0
90246 0
90866 0
90872 0
91365 0
91456 0
92193 0
93471 0
93523 0
93846 0
94006 0
94201 0
94260 0
95247 0
95353 0
95480 0
95769 0
95859 0
96010 0
96016 0
96266 0
96306 0
96404 0
96418 0
96437 0
96471 0
96502 0
96518 0
96556 0
96620 0
96631 0
96668 0
96778 0
96792 0
96807 0
96816 0
96833 0
96893 0
96998 0
97011 0
97280 0
97317 0
97507 0
97531 0
97852 0
97933 0
98004 0
98051 0
98126 0
98979 0
99953 0
100086 0
100090 0
100244 0
100404 0
100495 0
100589 0
100610 0
100724 0
100751 0
101012 0
101067 0
101087 0
101314 0
101371 0
101480 0
101491 0
101728 0
101742 0
101770 0
101894 0
101996 0
102024 0
102412 0
103838 0
103888 0
104469 0
104917 0
105081 0
105724 0
106543 0
106953 0
107910 0
108011 0
108944 0
110566 0
110864 0
110939 0
111040 0
111632 0
111755 0
111828 0
111988 0
112364 0
112566 0
112648 0
112930 0
112989 0
113019 0
113135 0
113500 0
113523 0
113610 0
113875 0
114063 0
114094 0
114496 0
114622 0
114805 0
114838 0
114882 0
114998 0
115227 0
115365 0
115530 0
115592 0
116164 0
116223 0
116468 0
116872 0
117108 0
118493 0
118519 0
118522 0
118571 0
118681 0
118755 0
118895 0
118963 0
118977 0
119726 0
120048 0
120178 0
120513 0
122465 0
122606 0
123344 0
123348 0
124262 0
124484 0
124617 0
125177 0
125180 0
125626 0
126811 0
127216 0
130327 0
131098 0
131651 0
133961 0
133978 0
134625 0
134701 0
135482 0
136450 0
136649 0
137515 0
137675 0
138205 0
138675 0
138771 0
138794 0
138818 0
140764 0
141950 0
141978 0
142053 0
142063 0
142295 0
142647 0
142849 0
143363 0
143405 0
143753 0
145443 0
146856 0
146873 0
147324 0
147874 0
151114 0
151964 0
152150 0
152220 0
152250 0
152270 0
152708 0
152729 0
152733 0
152771 0
152855 0
152996 0
153034 0
153089 0
153098 0
153315 0
153555 0
154426 0
155096 0
155104 0
155598 0
155680 0
155698 0
156071 0
156412 0
156958 0
157082 0
157269 0
157282 0
157339 0
157480 0
157761 0
157797 0
157954 0
157972 0
158441 0
158846 0
159108 0
160039 0
160208 0
160494 0
160498 0
166062 0
166240 0
168021 0
168306 0
169137 0
169193 0
169443 0
169612 0
169664 0
169782 0
170069 0
170236 0
170958 0
171098 0
171393 0
171453 0
171493 0
172401 0
173437 0
174061 0
174510 0
176185 0
177630 0
178528 0
180403 0
180660 0
181130 0
181668 0
181692 0
182039 0
182445 0
182633 0
182639 0
182646 0
182929 0
183952 0
184643 0
185051 0
185200 0
185717 0
185932 0
186319 0
186731 0
186895 0
186896 0
187913 0
187971 0
197834 0
198999 0
199031 0
199123 0
199124 0
200388 0
200479 0
200869 0
201216 0
201359 0
201424 0
201529 0
201666 0
201880 0
203167 0
203306 0
203330 0
203416 0
203543 0
205571 0
206618 0
206937 0
207070 0
207106 0
207261 0
207370 0
207371 0
207736 0
208011 0
208045 0
208397 0
208530 0
208800 0
209170 0
209287 0
209344 0
209507 0
209585 0
209770 0
209783 0
209939 0
209990 0
209999 0
210213 0
210486 0
210840 0
211761 0
212039 0
212153 0
212449 0
212451 0
212595 0
213324 0
213460 0
213601 0
214073 0
214118 0
214139 0
214156 0
214201 0
214379 0
214404 0
214461 0
214475 0
214997 0
215374 0
215466 0
216005 0
216248 0
216618 0
216681 0
216689 0
217160 0
217283 0
217307 0
217331 0
217782 0
218697 0
218916 0
219433 0
221347 0
221960 0
222749 0
223774 0
224797 0
225577 0
226876 0
226882 0
227481 0
230719 0
231203 0
231825 0
233112 0
233307 0
233342 0
233381 0
233577 0
233665 0
233987 0
234122 0
234345 0
235743 0
236369 0
236921 0
238411 0
238422 0
238533 0
238592 0
238595 0
239049 0
239105 0
239293 0
239360 0
239418 0
239428 0
240278 0
241007 0
241160 0
242604 0
242623 0
244200 0
244387 0
245179 0
246079 0
248398 0
248768 0
248881 0
248943 0
248975 0
249183 0
249247 0
249544 0
251023 0
251034 0
251675 0
251762 0
252846 0
252909 0
254179 0
254276 0
254367 0
255004 0
255299 0
257124 0
257639 0
258211 0
258281 0
258363 0
258715 0
259757 0
260920 0
260940 0
261181 0
262141 0
263393 0
272065 0
272086 0
272129 0
272220 0
272321 0
273143 0
273155 0
273227 0
273370 0
273439 0
273569 0
273671 0
273696 0
274058 0
274065 0
274340 0
274402 0
274543 0
274547 0
274622 0
274715 0
274759 0
274905 0
275279 0
275288 0
275476 0
275497 0
276098 0
276101 0
276423 0
276464 0
276557 0
276759 0
277273 0
277412 0
277439 0
277498 0
277513 0
277630 0
277884 0
277928 0
278001 0
278118 0
278439 0
278726 0
278763 0
279464 0
279747 0
281702 0
282152 0
282278 0
282360 0
282555 0
282675 0
282853 0
282863 0
284111 0
284250 0
284968 0
285840 0
285925 0
286442 0
286544 0
287089 0
287275 0
287716 0
287975 0
288419 0
289353 0
291332 0
292787 0
297365 0
312113 0
313488 0
316008 0
317101 0
317239 0
317244 0
317283 0
317300 0
317400 0
317961 0
318171 0
318208 0
318321 0
318397 0
318459 0
318534 0
318786 0
319565 0
320893 0
320919 0
320972 0
321035 0
321180 0
321306 0
321390 0
321832 0
322722 0
322873 0
322927 0
323101 0
323225 0
323241 0
323328 0
326124 0
326136 0
327167 0
327286 0
327802 0
328238 0
328599 0
329965 0
330677 0
330751 0
330777 0
330928 0
331419 0
331966 0
333768 0
333805 0
333824 0
335620 0
337771 0
339462 0
339521 0
341371 0
341420 0
341796 0
342001 0
342135 0
342906 0
342943 0
343230 0
344263 0
344552 0
344558 0
344592 0
344695 0
344774 0
344953 0
346178 0
346746 0
347279 0
347572 0
348348 0
348730 0
348850 0
350002 0
352108 0
353474 0
353614 0
354652 0
354739 0
354820 0
356893 0
359503 0
359526 0
360290 0
360294 0
361411 0
361486 0
362237 0
362778 0
363254 0
368927 0
369870 0
377412 0
377878 0
378259 0
378512 0
378798 0
378922 0
379006 0
379054 0
379569 0
379694 0
379857 0
379922 0
379950 0
380150 0
380240 0
380414 0
380455 0
380502 0
380751 0
380783 0
380786 0
380832 0
380890 0
380968 0
381627 0
382004 0
385433 0
396550 0
397124 0
