0 755.39
500 744.87
1000 734.89
1500 725.25
2000 715.86
2500 706.73
3000 697.76
3500 688.99
4000 680.34
4500 671.8
5000 663.38
5500 655.11
6000 646.99
6500 638.95
7000 631.01
7500 623.17
8000 615.4
8500 607.7
9000 600.11
9500 592.61
10000 585.16
10500 577.76
11000 570.45
11500 563.25
12000 556.16
12500 549.14
13000 542.19
13500 535.29
14000 528.43
14500 521.62
15000 514.83
15500 508.07
16000 501.39
16500 494.79
17000 488.28
17500 481.83
18000 475.49
18500 469.21
19000 463.01
19500 456.85
20000 450.75
20500 444.69
21000 438.68
21500 432.71
22000 426.76
22500 420.83
23000 414.95
23500 409.15
24000 403.39
24500 397.68
25000 391.99
25500 386.36
26000 380.79
26500 375.29
27000 369.82
27500 364.41
28000 359.05
28500 353.75
29000 348.5
29500 343.32
30000 338.17
30500 333.08
31000 328.04
31500 323.05
32000 318.1
32500 313.16
33000 308.24
33500 303.37
34000 298.51
34500 293.7
35000 288.92
35500 284.16
36000 279.43
36500 274.74
37000 270.1
37500 265.54
38000 261.05
38500 256.62
39000 252.25
39500 247.94
40000 243.64
40500 239.41
41000 235.21
41500 231.04
42000 226.93
42500 222.87
43000 218.87
43500 214.93
44000 211.03
44500 207.16
45000 203.31
45500 199.5
46000 195.71
46500 191.94
47000 188.23
47500 184.54
48000 180.89
48500 177.3
49000 173.77
49500 170.3
50000 166.89
50500 163.52
51000 160.25
51500 157.01
52000 153.81
52500 150.65
53000 147.51
53500 144.42
54000 141.36
54500 138.32
55000 135.32
55500 132.34
56000 129.36
56500 126.42
57000 123.51
57500 120.62
58000 117.74
58500 114.88
59000 112.05
59500 109.23
60000 106.43
60500 103.67
61000 100.93
61500 98.24
62000 95.59
62500 92.96
63000 90.38
63500 87.83
64000 85.34
64500 82.91
65000 80.53
65500 78.18
66000 75.89
66500 73.66
67000 71.46
67500 69.3
68000 67.2
68500 65.15
69000 63.14
69500 61.2
70000 59.31
70500 57.46
71000 55.68
71500 53.91
72000 52.18
72500 50.46
73000 48.78
73500 47.15
74000 45.58
74500 44.07
75000 42.61
75500 41.25
76000 39.94
76500 38.67
77000 37.46
77500 36.29
78000 35.2
78500 34.17
79000 33.26
79500 32.47
80000 31.73
80500 31.04
81000 30.41
81500 29.88
82000 29.41
82500 28.99
83000 28.68
83500 28.41
84000 28.19
84500 28.01
85000 27.87
85500 27.74
86000 27.61
86500 27.5
87000 27.41
87500 27.34
88000 27.29
88500 27.26
89000 27.23
89500 27.21
90000 27.2
90500 27.19
91000 27.18
91500 27.17
