0 12456.98
9685 12420.53
19370 12385.7
29055 12352.02
38740 12319.1
48425 12287.03
58110 12255.5
67795 12224.54
77480 12194.12
87165 12164.2
96850 12134.71
106535 12105.61
116220 12077.06
125905 12048.98
135590 12021.22
145275 11993.85
154960 11966.83
164645 11940.1
174330 11913.72
184015 11887.66
193700 11861.94
203385 11836.46
213070 11811.31
222755 11786.46
232440 11761.95
242125 11737.75
251810 11713.83
261495 11690.22
271180 11667
280865 11644.07
290550 11621.29
300235 11598.84
309920 11576.74
319605 11554.88
329290 11533.26
338975 11511.88
348660 11490.78
358345 11469.95
368030 11449.36
377715 11429.05
387400 11408.98
397085 11389.13
406770 11369.43
416455 11349.95
426140 11330.64
435825 11311.48
445510 11292.54
455195 11273.84
464880 11255.27
474565 11236.79
484250 11218.5
493935 11200.36
503620 11182.3
513305 11164.36
522990 11146.53
532675 11128.82
542360 11111.32
552045 11093.91
561730 11076.62
571415 11059.42
581100 11042.32
590785 11025.29
600470 11008.32
610155 10991.45
619840 10974.7
629525 10957.99
639210 10941.39
648895 10924.9
658580 10908.46
668265 10892.14
677950 10875.86
687635 10859.64
697320 10843.5
707005 10827.44
716690 10811.42
726375 10795.49
736060 10779.61
745745 10763.79
755430 10748.04
765115 10732.34
774800 10716.74
784485 10701.19
794170 10685.7
803855 10670.29
813540 10654.91
823225 10639.58
832910 10624.29
842595 10609.08
852280 10593.93
861965 10578.82
871650 10563.79
881335 10548.82
891020 10533.91
900705 10519.05
910390 10504.25
920075 10489.5
929760 10474.81
939445 10460.13
949130 10445.5
958815 10430.9
968500 10416.35
978185 10401.87
987870 10387.4
997555 10372.99
1.00724e+06 10358.64
1.01692e+06 10344.34
1.02661e+06 10330.11
1.0363e+06 10315.93
1.04598e+06 10301.8
1.05566e+06 10287.77
1.06535e+06 10273.76
1.07504e+06 10259.78
1.08472e+06 10245.82
1.0944e+06 10231.88
1.10409e+06 10217.98
1.11378e+06 10204.13
1.12346e+06 10190.29
1.13314e+06 10176.51
1.14283e+06 10162.8
1.15252e+06 10149.12
1.1622e+06 10135.52
1.17188e+06 10121.96
1.18157e+06 10108.42
1.19126e+06 10094.92
1.20094e+06 10081.5
1.21062e+06 10068.13
1.22031e+06 10054.78
1.23e+06 10041.45
1.23968e+06 10028.13
1.24936e+06 10014.83
1.25905e+06 10001.56
1.26874e+06 9988.37
1.27842e+06 9975.21
1.2881e+06 9962.11
1.29779e+06 9949.05
1.30748e+06 9936.02
1.31716e+06 9923.01
1.32684e+06 9910.03
1.33653e+06 9897.1
1.34622e+06 9884.17
1.3559e+06 9871.26
1.36558e+06 9858.36
1.37527e+06 9845.47
1.38496e+06 9832.62
1.39464e+06 9819.81
1.40432e+06 9807.02
1.41401e+06 9794.25
1.4237e+06 9781.55
1.43338e+06 9768.97
1.44306e+06 9756.43
1.45275e+06 9743.93
1.46244e+06 9731.47
1.47212e+06 9719.02
1.4818e+06 9706.65
1.49149e+06 9694.28
1.50118e+06 9681.98
1.51086e+06 9669.69
1.52054e+06 9657.44
1.53023e+06 9645.22
1.53992e+06 9633.01
1.5496e+06 9620.83
1.55928e+06 9608.69
1.56897e+06 9596.57
1.57866e+06 9584.46
1.58834e+06 9572.4
1.59802e+06 9560.36
1.60771e+06 9548.33
1.6174e+06 9536.33
1.62708e+06 9524.37
1.63676e+06 9512.46
1.64645e+06 9500.58
1.65614e+06 9488.72
1.66582e+06 9476.89
1.6755e+06 9465.08
1.68519e+06 9453.28
1.69488e+06 9441.51
1.70456e+06 9429.77
1.71424e+06 9418.07
1.72393e+06 9406.38
1.73362e+06 9394.73
1.7433e+06 9383.11
1.75298e+06 9371.51
1.76267e+06 9359.97
1.77236e+06 9348.48
1.78204e+06 9337
1.79172e+06 9325.6
1.80141e+06 9314.24
1.8111e+06 9302.9
1.82078e+06 9291.61
1.83046e+06 9280.33
1.84015e+06 9269.08
1.84984e+06 9257.84
1.85952e+06 9246.61
1.8692e+06 9235.41
1.87889e+06 9224.23
1.88858e+06 9213.09
1.89826e+06 9201.97
1.90794e+06 9190.88
1.91763e+06 9179.8
1.92732e+06 9168.71
1.937e+06 9157.66
1.94668e+06 9146.62
1.95637e+06 9135.63
1.96606e+06 9124.67
1.97574e+06 9113.74
1.98542e+06 9102.84
1.99511e+06 9091.96
2.0048e+06 9081.08
2.01448e+06 9070.25
2.02416e+06 9059.46
2.03385e+06 9048.71
2.04354e+06 9038
2.05322e+06 9027.32
2.0629e+06 9016.68
2.07259e+06 9006.07
2.08228e+06 8995.51
2.09196e+06 8984.96
2.10164e+06 8974.43
2.11133e+06 8963.9
2.12102e+06 8953.41
2.1307e+06 8942.98
2.14038e+06 8932.58
2.15007e+06 8922.21
2.15976e+06 8911.82
2.16944e+06 8901.48
2.17912e+06 8891.16
2.18881e+06 8880.86
2.1985e+06 8870.55
2.20818e+06 8860.23
2.21786e+06 8849.97
2.22755e+06 8839.72
2.23724e+06 8829.48
2.24692e+06 8819.25
2.2566e+06 8809.06
2.26629e+06 8798.89
2.27598e+06 8788.78
2.28566e+06 8778.69
2.29534e+06 8768.64
2.30503e+06 8758.6
2.31472e+06 8748.56
2.3244e+06 8738.54
2.33408e+06 8728.54
2.34377e+06 8718.54
2.35346e+06 8708.53
2.36314e+06 8698.55
2.37282e+06 8688.58
2.38251e+06 8678.66
2.3922e+06 8668.72
2.40188e+06 8658.83
2.41156e+06 8648.88
2.42125e+06 8639.03
2.43094e+06 8629.22
2.44062e+06 8619.42
2.4503e+06 8609.62
2.45999e+06 8599.85
2.46968e+06 8590.09
2.47936e+06 8580.33
2.48904e+06 8570.62
2.49873e+06 8560.96
2.50842e+06 8551.36
2.5181e+06 8541.78
2.52778e+06 8532.24
2.53747e+06 8522.74
2.54716e+06 8513.23
2.55684e+06 8503.8
2.56652e+06 8494.37
2.57621e+06 8484.97
2.5859e+06 8475.56
2.59558e+06 8466.15
2.60526e+06 8456.81
2.61495e+06 8447.47
2.62464e+06 8438.1
2.63432e+06 8428.83
2.644e+06 8419.55
2.65369e+06 8410.29
2.66338e+06 8401.05
2.67306e+06 8391.83
2.68274e+06 8382.62
2.69243e+06 8373.44
2.70212e+06 8364.26
2.7118e+06 8355.07
2.72148e+06 8345.91
2.73117e+06 8336.77
2.74086e+06 8327.62
2.75054e+06 8318.49
2.76022e+06 8309.38
2.76991e+06 8300.31
2.7796e+06 8291.25
2.78928e+06 8282.2
2.79896e+06 8273.13
2.80865e+06 8264.05
2.81834e+06 8255.01
2.82802e+06 8245.96
2.8377e+06 8236.92
2.84739e+06 8227.88
2.85708e+06 8218.88
2.86676e+06 8209.89
2.87644e+06 8200.89
2.88613e+06 8191.93
2.89582e+06 8182.97
2.9055e+06 8174.02
2.91518e+06 8165.05
2.92487e+06 8156.13
2.93456e+06 8147.23
2.94424e+06 8138.33
2.95392e+06 8129.45
2.96361e+06 8120.62
2.9733e+06 8111.77
2.98298e+06 8102.96
2.99266e+06 8094.15
3.00235e+06 8085.4
3.01204e+06 8076.71
3.02172e+06 8068.03
3.0314e+06 8059.39
3.04109e+06 8050.77
3.05078e+06 8042.14
3.06046e+06 8033.56
3.07014e+06 8025.01
3.07983e+06 8016.49
3.08952e+06 8007.97
3.0992e+06 7999.48
3.10888e+06 7991
3.11857e+06 7982.56
3.12826e+06 7974.12
3.13794e+06 7965.67
3.14762e+06 7957.27
3.15731e+06 7948.87
3.167e+06 7940.5
3.17668e+06 7932.14
3.18636e+06 7923.76
3.19605e+06 7915.45
3.20574e+06 7907.16
3.21542e+06 7898.83
3.2251e+06 7890.54
3.23479e+06 7882.27
3.24448e+06 7874.07
3.25416e+06 7865.86
3.26384e+06 7857.66
3.27353e+06 7849.46
3.28322e+06 7841.28
3.2929e+06 7833.1
3.30258e+06 7824.97
3.31227e+06 7816.87
3.32196e+06 7808.74
3.33164e+06 7800.63
3.34132e+06 7792.54
3.35101e+06 7784.43
3.3607e+06 7776.35
3.37038e+06 7768.26
3.38006e+06 7760.16
3.38975e+06 7752.09
3.39944e+06 7744.05
3.40912e+06 7736.01
3.4188e+06 7727.99
3.42849e+06 7719.97
3.43818e+06 7711.95
3.44786e+06 7703.88
3.45754e+06 7695.87
3.46723e+06 7687.87
3.47692e+06 7679.89
3.4866e+06 7671.9
3.49628e+06 7663.88
3.50597e+06 7655.87
3.51566e+06 7647.91
3.52534e+06 7639.97
3.53502e+06 7632.02
3.54471e+06 7624.08
3.5544e+06 7616.16
3.56408e+06 7608.22
3.57376e+06 7600.3
3.58345e+06 7592.43
3.59314e+06 7584.58
3.60282e+06 7576.73
3.6125e+06 7568.87
3.62219e+06 7561.02
3.63188e+06 7553.23
3.64156e+06 7545.44
3.65124e+06 7537.69
3.66093e+06 7529.95
3.67062e+06 7522.23
3.6803e+06 7514.51
3.68998e+06 7506.82
3.69967e+06 7499.16
3.70936e+06 7491.53
3.71904e+06 7483.89
3.72872e+06 7476.26
3.73841e+06 7468.65
3.7481e+06 7461.07
3.75778e+06 7453.55
3.76746e+06 7446.05
3.77715e+06 7438.57
3.78684e+06 7431.06
3.79652e+06 7423.62
3.8062e+06 7416.2
3.81589e+06 7408.77
3.82558e+06 7401.36
3.83526e+06 7393.98
3.84494e+06 7386.63
3.85463e+06 7379.3
3.86432e+06 7371.96
3.874e+06 7364.63
3.88368e+06 7357.32
3.89337e+06 7350.02
3.90306e+06 7342.76
3.91274e+06 7335.46
3.92242e+06 7328.18
3.93211e+06 7320.92
3.9418e+06 7313.7
3.95148e+06 7306.46
3.96116e+06 7299.3
3.97085e+06 7292.12
3.98054e+06 7284.98
3.99022e+06 7277.8
3.9999e+06 7270.67
4.00959e+06 7263.54
4.01928e+06 7256.42
4.02896e+06 7249.31
4.03864e+06 7242.22
4.04833e+06 7235.15
4.05802e+06 7228.1
4.0677e+06 7221.01
4.07738e+06 7213.97
4.08707e+06 7206.94
4.09676e+06 7199.9
4.10644e+06 7192.87
4.11612e+06 7185.84
4.12581e+06 7178.77
4.1355e+06 7171.71
4.14518e+06 7164.68
4.15486e+06 7157.64
4.16455e+06 7150.63
4.17424e+06 7143.6
4.18392e+06 7136.57
4.1936e+06 7129.57
4.20329e+06 7122.56
4.21298e+06 7115.53
4.22266e+06 7108.51
4.23234e+06 7101.48
4.24203e+06 7094.47
4.25172e+06 7087.46
4.2614e+06 7080.42
4.27108e+06 7073.43
4.28077e+06 7066.43
4.29046e+06 7059.45
4.30014e+06 7052.49
4.30982e+06 7045.5
4.31951e+06 7038.54
4.3292e+06 7031.59
4.33888e+06 7024.61
4.34856e+06 7017.67
4.35825e+06 7010.73
4.36794e+06 7003.82
4.37762e+06 6996.92
4.3873e+06 6990.02
4.39699e+06 6983.15
4.40668e+06 6976.27
4.41636e+06 6969.42
4.42604e+06 6962.59
4.43573e+06 6955.77
4.44542e+06 6948.94
4.4551e+06 6942.14
4.46478e+06 6935.35
4.47447e+06 6928.6
4.48416e+06 6921.86
4.49384e+06 6915.12
4.50352e+06 6908.39
4.51321e+06 6901.67
4.5229e+06 6894.95
4.53258e+06 6888.27
4.54226e+06 6881.65
4.55195e+06 6875.05
4.56164e+06 6868.46
4.57132e+06 6861.89
4.581e+06 6855.36
4.59069e+06 6848.79
4.60038e+06 6842.28
4.61006e+06 6835.78
4.61974e+06 6829.31
4.62943e+06 6822.83
4.63912e+06 6816.39
4.6488e+06 6809.99
4.65848e+06 6803.64
4.66817e+06 6797.29
4.67786e+06 6790.95
4.68754e+06 6784.64
4.69722e+06 6778.27
4.70691e+06 6772.01
4.7166e+06 6765.76
4.72628e+06 6759.5
4.73596e+06 6753.24
4.74565e+06 6747.05
4.75534e+06 6740.87
4.76502e+06 6734.76
4.7747e+06 6728.63
4.78439e+06 6722.52
4.79408e+06 6716.4
4.80376e+06 6710.26
4.81344e+06 6704.18
4.82313e+06 6698.1
4.83282e+06 6692
4.8425e+06 6685.93
4.85218e+06 6679.88
4.86187e+06 6673.83
4.87156e+06 6667.77
4.88124e+06 6661.72
4.89092e+06 6655.63
4.90061e+06 6649.58
4.9103e+06 6643.46
4.91998e+06 6637.39
4.92966e+06 6631.32
4.93935e+06 6625.28
4.94904e+06 6619.25
4.95872e+06 6613.16
4.9684e+06 6607.12
4.97809e+06 6601.07
4.98778e+06 6594.99
4.99746e+06 6588.94
5.00714e+06 6582.93
5.01683e+06 6576.85
5.02652e+06 6570.79
5.0362e+06 6564.75
5.04588e+06 6558.73
5.05557e+06 6552.73
5.06526e+06 6546.74
5.07494e+06 6540.75
5.08462e+06 6534.74
5.09431e+06 6528.74
5.104e+06 6522.68
5.11368e+06 6516.65
5.12336e+06 6510.62
5.13305e+06 6504.6
5.14274e+06 6498.59
5.15242e+06 6492.58
5.1621e+06 6486.58
5.17179e+06 6480.57
5.18148e+06 6474.58
5.19116e+06 6468.56
5.20084e+06 6462.57
5.21053e+06 6456.57
5.22022e+06 6450.53
5.2299e+06 6444.53
5.23958e+06 6438.53
5.24927e+06 6432.52
5.25896e+06 6426.51
5.26864e+06 6420.52
5.27832e+06 6414.53
5.28801e+06 6408.54
5.2977e+06 6402.56
5.30738e+06 6396.56
5.31706e+06 6390.58
5.32675e+06 6384.62
5.33644e+06 6378.67
5.34612e+06 6372.71
5.3558e+06 6366.76
5.36549e+06 6360.81
5.37518e+06 6354.87
5.38486e+06 6348.98
5.39454e+06 6343.09
5.40423e+06 6337.13
5.41392e+06 6331.23
5.4236e+06 6325.34
5.43328e+06 6319.44
5.44297e+06 6313.52
5.45266e+06 6307.62
5.46234e+06 6301.75
5.47202e+06 6295.88
5.48171e+06 6290.06
5.4914e+06 6284.24
5.50108e+06 6278.43
5.51076e+06 6272.64
5.52045e+06 6266.85
5.53014e+06 6261.13
5.53982e+06 6255.41
5.5495e+06 6249.71
5.55919e+06 6244.02
5.56888e+06 6238.34
5.57856e+06 6232.69
5.58824e+06 6227.03
5.59793e+06 6221.39
5.60762e+06 6215.8
5.6173e+06 6210.18
5.62698e+06 6204.59
5.63667e+06 6198.98
5.64636e+06 6193.41
5.65604e+06 6187.86
5.66572e+06 6182.31
5.67541e+06 6176.79
5.6851e+06 6171.31
5.69478e+06 6165.85
5.70446e+06 6160.4
5.71415e+06 6154.97
5.72384e+06 6149.53
5.73352e+06 6144.05
5.7432e+06 6138.66
5.75289e+06 6133.26
5.76258e+06 6127.87
5.77226e+06 6122.54
5.78194e+06 6117.22
5.79163e+06 6111.96
5.80132e+06 6106.67
5.811e+06 6101.45
5.82068e+06 6096.26
5.83037e+06 6091.06
5.84006e+06 6085.87
5.84974e+06 6080.74
5.85942e+06 6075.64
5.86911e+06 6070.52
5.8788e+06 6065.44
5.88848e+06 6060.35
5.89816e+06 6055.29
5.90785e+06 6050.24
5.91754e+06 6045.2
5.92722e+06 6040.12
5.9369e+06 6035.01
5.94659e+06 6029.95
5.95628e+06 6024.93
5.96596e+06 6019.89
5.97564e+06 6014.85
5.98533e+06 6009.81
5.99502e+06 6004.77
6.0047e+06 5999.75
6.01438e+06 5994.73
6.02407e+06 5989.72
6.03376e+06 5984.67
6.04344e+06 5979.6
6.05312e+06 5974.55
6.06281e+06 5969.54
6.0725e+06 5964.54
6.08218e+06 5959.52
6.09186e+06 5954.5
6.10155e+06 5949.44
6.11124e+06 5944.43
6.12092e+06 5939.42
6.1306e+06 5934.4
6.14029e+06 5929.4
6.14998e+06 5924.38
6.15966e+06 5919.35
6.16934e+06 5914.34
6.17903e+06 5909.32
6.18872e+06 5904.28
6.1984e+06 5899.23
6.20808e+06 5894.21
6.21777e+06 5889.15
6.22746e+06 5884.12
6.23714e+06 5879.11
6.24682e+06 5874.08
6.25651e+06 5869.07
6.2662e+06 5864.05
6.27588e+06 5859.02
6.28556e+06 5854
6.29525e+06 5848.99
6.30494e+06 5843.97
6.31462e+06 5838.95
6.3243e+06 5833.94
6.33399e+06 5828.92
6.34368e+06 5823.85
6.35336e+06 5818.82
6.36304e+06 5813.82
6.37273e+06 5808.82
6.38242e+06 5803.81
6.3921e+06 5798.81
6.40178e+06 5793.78
6.41147e+06 5788.77
6.42116e+06 5783.76
6.43084e+06 5778.72
6.44052e+06 5773.71
6.45021e+06 5768.71
6.4599e+06 5763.69
6.46958e+06 5758.68
6.47926e+06 5753.67
6.48895e+06 5748.67
6.49864e+06 5743.62
6.50832e+06 5738.61
6.518e+06 5733.62
6.52769e+06 5728.63
6.53738e+06 5723.62
6.54706e+06 5718.63
6.55674e+06 5713.62
6.56643e+06 5708.62
6.57612e+06 5703.58
6.5858e+06 5698.58
6.59548e+06 5693.58
6.60517e+06 5688.56
6.61486e+06 5683.55
6.62454e+06 5678.55
6.63422e+06 5673.54
6.64391e+06 5668.52
6.6536e+06 5663.51
6.66328e+06 5658.51
6.67296e+06 5653.54
6.68265e+06 5648.54
6.69234e+06 5643.57
6.70202e+06 5638.58
6.7117e+06 5633.62
6.72139e+06 5628.66
6.73108e+06 5623.67
6.74076e+06 5618.7
6.75044e+06 5613.75
6.76013e+06 5608.79
6.76982e+06 5603.81
6.7795e+06 5598.86
6.78918e+06 5593.91
6.79887e+06 5588.97
6.80856e+06 5584.06
6.81824e+06 5579.14
6.82792e+06 5574.23
6.83761e+06 5569.32
6.8473e+06 5564.44
6.85698e+06 5559.56
6.86666e+06 5554.68
6.87635e+06 5549.82
6.88604e+06 5545
6.89572e+06 5540.2
6.9054e+06 5535.42
6.91509e+06 5530.65
6.92478e+06 5525.88
6.93446e+06 5521.09
6.94414e+06 5516.38
6.95383e+06 5511.68
6.96352e+06 5506.99
6.9732e+06 5502.31
6.98288e+06 5497.62
6.99257e+06 5493
7.00226e+06 5488.39
7.01194e+06 5483.82
7.02162e+06 5479.27
7.03131e+06 5474.69
7.041e+06 5470.16
7.05068e+06 5465.6
7.06036e+06 5461.05
7.07005e+06 5456.53
7.07974e+06 5452.02
7.08942e+06 5447.54
7.0991e+06 5443.04
7.10879e+06 5438.57
7.11848e+06 5434.08
7.12816e+06 5429.63
7.13784e+06 5425.23
7.14753e+06 5420.88
7.15722e+06 5416.49
7.1669e+06 5412.16
7.17658e+06 5407.89
7.18627e+06 5403.64
7.19596e+06 5399.4
7.20564e+06 5395.21
7.21532e+06 5391.01
7.22501e+06 5386.83
7.2347e+06 5382.62
7.24438e+06 5378.46
7.25406e+06 5374.32
7.26375e+06 5370.12
7.27344e+06 5365.94
7.28312e+06 5361.8
7.2928e+06 5357.69
7.30249e+06 5353.58
7.31218e+06 5349.46
7.32186e+06 5345.37
7.33154e+06 5341.27
7.34123e+06 5337.18
7.35092e+06 5333.1
7.3606e+06 5329.04
7.37028e+06 5324.96
7.37997e+06 5320.86
7.38966e+06 5316.77
7.39934e+06 5312.7
7.40902e+06 5308.62
7.41871e+06 5304.57
7.4284e+06 5300.52
7.43808e+06 5296.44
7.44776e+06 5292.42
7.45745e+06 5288.38
7.46714e+06 5284.34
7.47682e+06 5280.3
7.4865e+06 5276.29
7.49619e+06 5272.27
7.50588e+06 5268.25
7.51556e+06 5264.24
7.52524e+06 5260.21
7.53493e+06 5256.18
7.54462e+06 5252.13
7.5543e+06 5248.1
7.56398e+06 5244.04
7.57367e+06 5240.03
7.58336e+06 5235.97
7.59304e+06 5231.96
7.60272e+06 5227.96
7.61241e+06 5223.94
7.6221e+06 5219.92
7.63178e+06 5215.88
7.64146e+06 5211.84
7.65115e+06 5207.81
7.66084e+06 5203.8
7.67052e+06 5199.8
7.6802e+06 5195.77
7.68989e+06 5191.75
7.69958e+06 5187.73
7.70926e+06 5183.7
7.71894e+06 5179.68
7.72863e+06 5175.63
7.73832e+06 5171.56
7.748e+06 5167.48
7.75768e+06 5163.45
7.76737e+06 5159.42
7.77706e+06 5155.39
7.78674e+06 5151.34
7.79642e+06 5147.31
7.80611e+06 5143.28
7.8158e+06 5139.25
7.82548e+06 5135.24
7.83516e+06 5131.23
7.84485e+06 5127.18
7.85454e+06 5123.17
7.86422e+06 5119.14
7.8739e+06 5115.12
7.88359e+06 5111.11
7.89328e+06 5107.09
7.90296e+06 5103.06
7.91264e+06 5099.04
7.92233e+06 5095.02
7.93202e+06 5090.98
7.9417e+06 5086.94
7.95138e+06 5082.91
7.96107e+06 5078.88
7.97076e+06 5074.83
7.98044e+06 5070.82
7.99012e+06 5066.78
7.99981e+06 5062.75
8.0095e+06 5058.73
8.01918e+06 5054.73
8.02886e+06 5050.72
8.03855e+06 5046.7
8.04824e+06 5042.7
8.05792e+06 5038.69
8.0676e+06 5034.69
8.07729e+06 5030.68
8.08698e+06 5026.67
8.09666e+06 5022.67
8.10634e+06 5018.64
8.11603e+06 5014.61
8.12572e+06 5010.61
8.1354e+06 5006.61
8.14508e+06 5002.58
8.15477e+06 4998.53
8.16446e+06 4994.52
8.17414e+06 4990.49
8.18382e+06 4986.49
8.19351e+06 4982.49
8.2032e+06 4978.46
8.21288e+06 4974.46
8.22256e+06 4970.46
8.23225e+06 4966.46
8.24194e+06 4962.44
8.25162e+06 4958.44
8.2613e+06 4954.43
8.27099e+06 4950.42
8.28068e+06 4946.41
8.29036e+06 4942.39
8.30004e+06 4938.38
8.30973e+06 4934.38
8.31942e+06 4930.37
8.3291e+06 4926.36
8.33878e+06 4922.34
8.34847e+06 4918.33
8.35816e+06 4914.29
8.36784e+06 4910.28
8.37752e+06 4906.25
8.38721e+06 4902.24
8.3969e+06 4898.23
8.40658e+06 4894.23
8.41626e+06 4890.22
8.42595e+06 4886.22
8.43564e+06 4882.22
8.44532e+06 4878.22
8.455e+06 4874.2
8.46469e+06 4870.2
8.47438e+06 4866.2
8.48406e+06 4862.17
8.49374e+06 4858.17
8.50343e+06 4854.15
8.51312e+06 4850.14
8.5228e+06 4846.13
8.53248e+06 4842.13
8.54217e+06 4838.12
8.55186e+06 4834.1
8.56154e+06 4830.09
8.57122e+06 4826.07
8.58091e+06 4822.05
8.5906e+06 4818.05
8.60028e+06 4814.05
8.60996e+06 4810.05
8.61965e+06 4806.04
8.62934e+06 4802.03
8.63902e+06 4798.03
8.6487e+06 4794
8.65839e+06 4790
8.66808e+06 4786
8.67776e+06 4781.98
8.68744e+06 4777.98
8.69713e+06 4773.95
8.70682e+06 4769.94
8.7165e+06 4765.94
8.72618e+06 4761.94
8.73587e+06 4757.93
8.74556e+06 4753.92
8.75524e+06 4749.92
8.76492e+06 4745.92
8.77461e+06 4741.91
8.7843e+06 4737.92
8.79398e+06 4733.93
8.80366e+06 4729.93
8.81335e+06 4725.94
8.82304e+06 4721.93
8.83272e+06 4717.94
8.8424e+06 4713.94
8.85209e+06 4709.93
8.86178e+06 4705.94
8.87146e+06 4701.95
8.88114e+06 4697.97
8.89083e+06 4693.99
8.90052e+06 4690.01
8.9102e+06 4686.03
8.91988e+06 4682.06
8.92957e+06 4678.11
8.93926e+06 4674.16
8.94894e+06 4670.22
8.95862e+06 4666.29
8.96831e+06 4662.38
8.978e+06 4658.45
8.98768e+06 4654.51
8.99736e+06 4650.6
9.00705e+06 4646.69
9.01674e+06 4642.78
9.02642e+06 4638.9
9.0361e+06 4635.02
9.04579e+06 4631.14
9.05548e+06 4627.27
9.06516e+06 4623.41
9.07484e+06 4619.55
9.08453e+06 4615.71
9.09422e+06 4611.9
9.1039e+06 4608.09
9.11358e+06 4604.29
9.12327e+06 4600.51
9.13296e+06 4596.72
9.14264e+06 4592.93
9.15232e+06 4589.15
9.16201e+06 4585.38
9.1717e+06 4581.64
9.18138e+06 4577.9
9.19106e+06 4574.2
9.20075e+06 4570.51
9.21044e+06 4566.83
9.22012e+06 4563.2
9.2298e+06 4559.59
9.23949e+06 4555.97
9.24918e+06 4552.38
9.25886e+06 4548.79
9.26854e+06 4545.22
9.27823e+06 4541.65
9.28792e+06 4538.1
9.2976e+06 4534.61
9.30728e+06 4531.14
9.31697e+06 4527.67
9.32666e+06 4524.2
9.33634e+06 4520.72
9.34602e+06 4517.26
9.35571e+06 4513.85
9.3654e+06 4510.45
9.37508e+06 4507.05
9.38476e+06 4503.69
9.39445e+06 4500.3
9.40414e+06 4496.96
9.41382e+06 4493.65
9.4235e+06 4490.35
9.43319e+06 4487.04
9.44288e+06 4483.76
9.45256e+06 4480.52
9.46224e+06 4477.29
9.47193e+06 4474.03
9.48162e+06 4470.83
9.4913e+06 4467.63
9.50098e+06 4464.48
9.51067e+06 4461.3
9.52036e+06 4458.16
9.53004e+06 4455.03
9.53972e+06 4451.93
9.54941e+06 4448.83
9.5591e+06 4445.72
9.56878e+06 4442.64
9.57846e+06 4439.57
9.58815e+06 4436.49
9.59784e+06 4433.41
9.60752e+06 4430.34
9.6172e+06 4427.26
9.62689e+06 4424.18
9.63658e+06 4421.11
9.64626e+06 4418.05
9.65594e+06 4415.01
9.66563e+06 4411.93
9.67532e+06 4408.88
9.685e+06 4405.85
9.69468e+06 4402.76
9.70437e+06 4399.73
9.71406e+06 4396.72
9.72374e+06 4393.71
9.73342e+06 4390.69
9.74311e+06 4387.64
9.7528e+06 4384.62
9.76248e+06 4381.57
9.77216e+06 4378.54
9.78185e+06 4375.53
9.79154e+06 4372.47
9.80122e+06 4369.41
9.8109e+06 4366.39
9.82059e+06 4363.37
9.83028e+06 4360.36
9.83996e+06 4357.34
9.84964e+06 4354.34
9.85933e+06 4351.32
9.86902e+06 4348.28
9.8787e+06 4345.21
9.88838e+06 4342.14
9.89807e+06 4339.11
9.90776e+06 4336.11
9.91744e+06 4333.1
9.92712e+06 4330.1
9.93681e+06 4327.09
9.9465e+06 4324.06
9.95618e+06 4321.04
9.96586e+06 4317.99
9.97555e+06 4314.99
9.98524e+06 4311.97
9.99492e+06 4308.97
1.00046e+07 4305.95
1.00143e+07 4302.92
1.0024e+07 4299.92
1.00337e+07 4296.91
1.00433e+07 4293.89
1.0053e+07 4290.86
1.00627e+07 4287.86
1.00724e+07 4284.86
1.00821e+07 4281.85
1.00918e+07 4278.83
1.01015e+07 4275.81
1.01111e+07 4272.79
1.01208e+07 4269.77
1.01305e+07 4266.75
1.01402e+07 4263.71
1.01499e+07 4260.69
1.01596e+07 4257.67
1.01692e+07 4254.66
1.01789e+07 4251.64
1.01886e+07 4248.62
1.01983e+07 4245.6
1.0208e+07 4242.59
1.02177e+07 4239.56
1.02274e+07 4236.55
1.0237e+07 4233.51
1.02467e+07 4230.45
1.02564e+07 4227.44
1.02661e+07 4224.43
1.02758e+07 4221.43
1.02855e+07 4218.42
1.02952e+07 4215.4
1.03048e+07 4212.36
1.03145e+07 4209.34
1.03242e+07 4206.33
1.03339e+07 4203.31
1.03436e+07 4200.3
1.03533e+07 4197.28
1.0363e+07 4194.26
1.03726e+07 4191.24
1.03823e+07 4188.24
1.0392e+07 4185.22
1.04017e+07 4182.22
1.04114e+07 4179.2
1.04211e+07 4176.18
1.04307e+07 4173.18
1.04404e+07 4170.17
1.04501e+07 4167.16
1.04598e+07 4164.13
1.04695e+07 4161.09
1.04792e+07 4158.06
1.04889e+07 4155.04
1.04985e+07 4152.03
1.05082e+07 4149.03
1.05179e+07 4146.02
1.05276e+07 4143.01
1.05373e+07 4139.99
1.0547e+07 4136.97
1.05566e+07 4133.95
1.05663e+07 4130.93
1.0576e+07 4127.9
1.05857e+07 4124.89
1.05954e+07 4121.89
1.06051e+07 4118.88
1.06148e+07 4115.86
1.06244e+07 4112.86
1.06341e+07 4109.85
1.06438e+07 4106.85
1.06535e+07 4103.84
1.06632e+07 4100.83
1.06729e+07 4097.82
1.06826e+07 4094.8
1.06922e+07 4091.79
1.07019e+07 4088.79
1.07116e+07 4085.78
1.07213e+07 4082.75
1.0731e+07 4079.73
1.07407e+07 4076.71
1.07504e+07 4073.7
1.076e+07 4070.69
1.07697e+07 4067.66
1.07794e+07 4064.66
1.07891e+07 4061.66
1.07988e+07 4058.64
1.08085e+07 4055.64
1.08181e+07 4052.64
1.08278e+07 4049.64
1.08375e+07 4046.62
1.08472e+07 4043.61
1.08569e+07 4040.59
1.08666e+07 4037.59
1.08763e+07 4034.59
1.08859e+07 4031.58
1.08956e+07 4028.58
1.09053e+07 4025.58
1.0915e+07 4022.56
1.09247e+07 4019.54
1.09344e+07 4016.54
1.0944e+07 4013.54
1.09537e+07 4010.53
1.09634e+07 4007.5
1.09731e+07 4004.48
1.09828e+07 4001.47
1.09925e+07 3998.45
1.10022e+07 3995.42
1.10118e+07 3992.41
1.10215e+07 3989.4
1.10312e+07 3986.4
1.10409e+07 3983.39
1.10506e+07 3980.38
1.10603e+07 3977.38
1.107e+07 3974.37
1.10796e+07 3971.35
1.10893e+07 3968.35
1.1099e+07 3965.35
1.11087e+07 3962.35
1.11184e+07 3959.34
1.11281e+07 3956.33
1.11378e+07 3953.32
1.11474e+07 3950.32
1.11571e+07 3947.3
1.11668e+07 3944.3
1.11765e+07 3941.29
1.11862e+07 3938.28
1.11959e+07 3935.27
1.12055e+07 3932.27
1.12152e+07 3929.25
1.12249e+07 3926.25
1.12346e+07 3923.24
1.12443e+07 3920.21
1.1254e+07 3917.18
1.12637e+07 3914.17
1.12733e+07 3911.17
1.1283e+07 3908.16
1.12927e+07 3905.15
1.13024e+07 3902.13
1.13121e+07 3899.12
1.13218e+07 3896.09
1.13314e+07 3893.08
1.13411e+07 3890.07
1.13508e+07 3887.06
1.13605e+07 3884.05
1.13702e+07 3881.04
1.13799e+07 3878.03
1.13896e+07 3875.03
1.13992e+07 3872.03
1.14089e+07 3869.03
1.14186e+07 3866.02
1.14283e+07 3862.99
1.1438e+07 3859.98
1.14477e+07 3856.98
1.14574e+07 3853.98
1.1467e+07 3850.98
1.14767e+07 3847.97
1.14864e+07 3844.96
1.14961e+07 3841.95
1.15058e+07 3838.95
1.15155e+07 3835.94
1.15252e+07 3832.93
1.15348e+07 3829.91
1.15445e+07 3826.87
1.15542e+07 3823.84
1.15639e+07 3820.83
1.15736e+07 3817.82
1.15833e+07 3814.8
1.15929e+07 3811.79
1.16026e+07 3808.79
1.16123e+07 3805.78
1.1622e+07 3802.78
1.16317e+07 3799.78
1.16414e+07 3796.78
1.16511e+07 3793.78
1.16607e+07 3790.77
1.16704e+07 3787.76
1.16801e+07 3784.76
1.16898e+07 3781.76
1.16995e+07 3778.76
1.17092e+07 3775.76
1.17188e+07 3772.76
1.17285e+07 3769.76
1.17382e+07 3766.76
1.17479e+07 3763.74
1.17576e+07 3760.72
1.17673e+07 3757.7
1.1777e+07 3754.7
1.17866e+07 3751.7
1.17963e+07 3748.69
1.1806e+07 3745.69
1.18157e+07 3742.67
1.18254e+07 3739.66
1.18351e+07 3736.65
1.18448e+07 3733.65
1.18544e+07 3730.65
1.18641e+07 3727.65
1.18738e+07 3724.64
1.18835e+07 3721.63
1.18932e+07 3718.63
1.19029e+07 3715.63
1.19126e+07 3712.63
1.19222e+07 3709.63
1.19319e+07 3706.62
1.19416e+07 3703.59
1.19513e+07 3700.57
1.1961e+07 3697.56
1.19707e+07 3694.56
1.19803e+07 3691.56
1.199e+07 3688.56
1.19997e+07 3685.56
1.20094e+07 3682.56
1.20191e+07 3679.56
1.20288e+07 3676.56
1.20385e+07 3673.56
1.20481e+07 3670.55
1.20578e+07 3667.55
1.20675e+07 3664.55
1.20772e+07 3661.55
1.20869e+07 3658.55
1.20966e+07 3655.54
1.21062e+07 3652.53
1.21159e+07 3649.53
1.21256e+07 3646.52
1.21353e+07 3643.52
1.2145e+07 3640.5
1.21547e+07 3637.48
1.21644e+07 3634.47
1.2174e+07 3631.47
1.21837e+07 3628.47
1.21934e+07 3625.46
1.22031e+07 3622.46
1.22128e+07 3619.46
1.22225e+07 3616.45
1.22322e+07 3613.44
1.22418e+07 3610.43
1.22515e+07 3607.42
1.22612e+07 3604.42
1.22709e+07 3601.42
1.22806e+07 3598.41
1.22903e+07 3595.39
1.23e+07 3592.39
1.23096e+07 3589.39
1.23193e+07 3586.39
1.2329e+07 3583.38
1.23387e+07 3580.38
1.23484e+07 3577.38
1.23581e+07 3574.38
1.23677e+07 3571.38
1.23774e+07 3568.38
1.23871e+07 3565.38
1.23968e+07 3562.37
1.24065e+07 3559.37
1.24162e+07 3556.36
1.24259e+07 3553.36
1.24355e+07 3550.36
1.24452e+07 3547.36
1.24549e+07 3544.35
1.24646e+07 3541.35
1.24743e+07 3538.35
1.2484e+07 3535.35
1.24936e+07 3532.35
1.25033e+07 3529.35
1.2513e+07 3526.35
1.25227e+07 3523.35
1.25324e+07 3520.35
1.25421e+07 3517.34
1.25518e+07 3514.34
1.25614e+07 3511.34
1.25711e+07 3508.34
1.25808e+07 3505.33
1.25905e+07 3502.32
1.26002e+07 3499.32
1.26099e+07 3496.32
1.26196e+07 3493.31
1.26292e+07 3490.31
1.26389e+07 3487.3
1.26486e+07 3484.29
1.26583e+07 3481.29
1.2668e+07 3478.29
1.26777e+07 3475.29
1.26874e+07 3472.28
1.2697e+07 3469.28
1.27067e+07 3466.28
1.27164e+07 3463.27
1.27261e+07 3460.26
1.27358e+07 3457.26
1.27455e+07 3454.25
1.27551e+07 3451.23
1.27648e+07 3448.22
1.27745e+07 3445.22
1.27842e+07 3442.2
1.27939e+07 3439.19
1.28036e+07 3436.18
1.28133e+07 3433.18
1.28229e+07 3430.18
1.28326e+07 3427.18
1.28423e+07 3424.18
1.2852e+07 3421.18
1.28617e+07 3418.18
1.28714e+07 3415.18
1.2881e+07 3412.18
1.28907e+07 3409.18
1.29004e+07 3406.18
1.29101e+07 3403.18
1.29198e+07 3400.18
1.29295e+07 3397.19
1.29392e+07 3394.2
1.29488e+07 3391.21
1.29585e+07 3388.23
1.29682e+07 3385.25
1.29779e+07 3382.28
1.29876e+07 3379.31
1.29973e+07 3376.34
1.3007e+07 3373.38
1.30166e+07 3370.42
1.30263e+07 3367.46
1.3036e+07 3364.51
1.30457e+07 3361.57
1.30554e+07 3358.62
1.30651e+07 3355.66
1.30748e+07 3352.71
1.30844e+07 3349.79
1.30941e+07 3346.87
1.31038e+07 3343.92
1.31135e+07 3341
1.31232e+07 3338.08
1.31329e+07 3335.15
1.31425e+07 3332.25
1.31522e+07 3329.35
1.31619e+07 3326.44
1.31716e+07 3323.56
1.31813e+07 3320.69
1.3191e+07 3317.83
1.32007e+07 3315.01
1.32103e+07 3312.21
1.322e+07 3309.42
1.32297e+07 3306.63
1.32394e+07 3303.84
1.32491e+07 3301.06
1.32588e+07 3298.29
1.32684e+07 3295.53
1.32781e+07 3292.79
1.32878e+07 3290.06
1.32975e+07 3287.35
1.33072e+07 3284.68
1.33169e+07 3282.02
1.33266e+07 3279.38
1.33362e+07 3276.77
1.33459e+07 3274.13
1.33556e+07 3271.59
1.33653e+07 3269.05
1.3375e+07 3266.53
1.33847e+07 3263.99
1.33944e+07 3261.48
1.3404e+07 3259
1.34137e+07 3256.54
1.34234e+07 3254.08
1.34331e+07 3251.62
1.34428e+07 3249.19
1.34525e+07 3246.75
1.34622e+07 3244.36
1.34718e+07 3241.98
1.34815e+07 3239.61
1.34912e+07 3237.27
1.35009e+07 3234.94
1.35106e+07 3232.58
1.35203e+07 3230.24
1.35299e+07 3227.93
1.35396e+07 3225.65
1.35493e+07 3223.39
1.3559e+07 3221.13
1.35687e+07 3218.89
1.35784e+07 3216.64
1.35881e+07 3214.41
1.35977e+07 3212.21
1.36074e+07 3210.02
1.36171e+07 3207.87
1.36268e+07 3205.73
1.36365e+07 3203.61
1.36462e+07 3201.48
1.36558e+07 3199.37
1.36655e+07 3197.25
1.36752e+07 3195.12
1.36849e+07 3193
1.36946e+07 3190.87
1.37043e+07 3188.77
1.3714e+07 3186.68
1.37236e+07 3184.59
1.37333e+07 3182.49
1.3743e+07 3180.4
1.37527e+07 3178.31
1.37624e+07 3176.19
1.37721e+07 3174.1
1.37818e+07 3172
1.37914e+07 3169.93
1.38011e+07 3167.87
1.38108e+07 3165.82
1.38205e+07 3163.77
1.38302e+07 3161.7
1.38399e+07 3159.63
1.38496e+07 3157.56
1.38592e+07 3155.5
1.38689e+07 3153.39
1.38786e+07 3151.32
1.38883e+07 3149.28
1.3898e+07 3147.22
1.39077e+07 3145.19
1.39173e+07 3143.16
1.3927e+07 3141.12
1.39367e+07 3139.08
1.39464e+07 3137.06
1.39561e+07 3135.04
1.39658e+07 3133.02
1.39755e+07 3130.99
1.39851e+07 3128.96
1.39948e+07 3126.89
1.40045e+07 3124.84
1.40142e+07 3122.81
1.40239e+07 3120.78
1.40336e+07 3118.73
1.40432e+07 3116.71
1.40529e+07 3114.69
1.40626e+07 3112.67
1.40723e+07 3110.59
1.4082e+07 3108.56
1.40917e+07 3106.54
1.41014e+07 3104.52
1.4111e+07 3102.49
1.41207e+07 3100.44
1.41304e+07 3098.38
1.41401e+07 3096.32
1.41498e+07 3094.28
1.41595e+07 3092.23
1.41692e+07 3090.19
1.41788e+07 3088.15
1.41885e+07 3086.11
1.41982e+07 3084.08
1.42079e+07 3082.05
1.42176e+07 3080.02
1.42273e+07 3077.97
1.4237e+07 3075.93
1.42466e+07 3073.91
1.42563e+07 3071.89
1.4266e+07 3069.85
1.42757e+07 3067.83
1.42854e+07 3065.79
1.42951e+07 3063.74
1.43047e+07 3061.72
1.43144e+07 3059.7
1.43241e+07 3057.68
1.43338e+07 3055.64
1.43435e+07 3053.64
1.43532e+07 3051.64
1.43629e+07 3049.62
1.43725e+07 3047.59
1.43822e+07 3045.57
1.43919e+07 3043.54
1.44016e+07 3041.52
1.44113e+07 3039.51
1.4421e+07 3037.46
1.44306e+07 3035.45
1.44403e+07 3033.44
1.445e+07 3031.42
1.44597e+07 3029.41
1.44694e+07 3027.4
1.44791e+07 3025.38
1.44888e+07 3023.38
1.44984e+07 3021.38
1.45081e+07 3019.38
1.45178e+07 3017.36
1.45275e+07 3015.36
1.45372e+07 3013.36
1.45469e+07 3011.34
1.45566e+07 3009.32
1.45662e+07 3007.31
1.45759e+07 3005.31
1.45856e+07 3003.27
1.45953e+07 3001.24
1.4605e+07 2999.18
1.46147e+07 2997.13
1.46244e+07 2995.13
1.4634e+07 2993.12
1.46437e+07 2991.12
1.46534e+07 2989.1
1.46631e+07 2987.08
1.46728e+07 2985.08
1.46825e+07 2983.07
1.46921e+07 2981.06
1.47018e+07 2979.03
1.47115e+07 2977.03
1.47212e+07 2975.01
1.47309e+07 2972.99
1.47406e+07 2970.98
1.47503e+07 2968.98
1.47599e+07 2966.96
1.47696e+07 2964.92
1.47793e+07 2962.92
1.4789e+07 2960.91
1.47987e+07 2958.91
1.48084e+07 2956.88
1.4818e+07 2954.85
1.48277e+07 2952.84
1.48374e+07 2950.83
1.48471e+07 2948.79
1.48568e+07 2946.76
1.48665e+07 2944.73
1.48762e+07 2942.71
1.48858e+07 2940.71
1.48955e+07 2938.68
1.49052e+07 2936.67
1.49149e+07 2934.66
1.49246e+07 2932.63
1.49343e+07 2930.63
1.4944e+07 2928.61
1.49536e+07 2926.59
1.49633e+07 2924.56
1.4973e+07 2922.53
1.49827e+07 2920.52
1.49924e+07 2918.52
1.50021e+07 2916.49
1.50118e+07 2914.49
1.50214e+07 2912.47
1.50311e+07 2910.47
1.50408e+07 2908.47
1.50505e+07 2906.43
1.50602e+07 2904.41
1.50699e+07 2902.38
1.50795e+07 2900.38
1.50892e+07 2898.37
1.50989e+07 2896.35
1.51086e+07 2894.35
1.51183e+07 2892.33
1.5128e+07 2890.32
1.51377e+07 2888.32
1.51473e+07 2886.3
1.5157e+07 2884.27
1.51667e+07 2882.23
1.51764e+07 2880.23
1.51861e+07 2878.22
1.51958e+07 2876.2
1.52054e+07 2874.2
1.52151e+07 2872.2
1.52248e+07 2870.18
1.52345e+07 2868.17
1.52442e+07 2866.16
1.52539e+07 2864.14
1.52636e+07 2862.12
1.52732e+07 2860.11
1.52829e+07 2858.09
1.52926e+07 2856.09
1.53023e+07 2854.07
1.5312e+07 2852.06
1.53217e+07 2850.03
1.53314e+07 2848.02
1.5341e+07 2845.99
1.53507e+07 2843.95
1.53604e+07 2841.92
1.53701e+07 2839.89
1.53798e+07 2837.87
1.53895e+07 2835.87
1.53992e+07 2833.85
1.54088e+07 2831.83
1.54185e+07 2829.83
1.54282e+07 2827.81
1.54379e+07 2825.78
1.54476e+07 2823.77
1.54573e+07 2821.75
1.54669e+07 2819.74
1.54766e+07 2817.72
1.54863e+07 2815.72
1.5496e+07 2813.71
1.55057e+07 2811.71
1.55154e+07 2809.71
1.55251e+07 2807.68
1.55347e+07 2805.63
1.55444e+07 2803.59
1.55541e+07 2801.57
1.55638e+07 2799.54
1.55735e+07 2797.5
1.55832e+07 2795.47
1.55928e+07 2793.43
1.56025e+07 2791.38
1.56122e+07 2789.33
1.56219e+07 2787.31
1.56316e+07 2785.28
1.56413e+07 2783.28
1.5651e+07 2781.26
1.56606e+07 2779.24
1.56703e+07 2777.22
1.568e+07 2775.22
1.56897e+07 2773.22
1.56994e+07 2771.2
1.57091e+07 2769.2
1.57188e+07 2767.19
1.57284e+07 2765.16
1.57381e+07 2763.12
1.57478e+07 2761.09
1.57575e+07 2759.07
1.57672e+07 2757.04
1.57769e+07 2755.04
1.57866e+07 2753.04
1.57962e+07 2751
1.58059e+07 2748.97
1.58156e+07 2746.95
1.58253e+07 2744.94
1.5835e+07 2742.94
1.58447e+07 2740.93
1.58543e+07 2738.92
1.5864e+07 2736.91
1.58737e+07 2734.9
1.58834e+07 2732.89
1.58931e+07 2730.89
1.59028e+07 2728.89
1.59125e+07 2726.89
1.59221e+07 2724.88
1.59318e+07 2722.84
1.59415e+07 2720.81
1.59512e+07 2718.78
1.59609e+07 2716.77
1.59706e+07 2714.77
1.59802e+07 2712.76
1.59899e+07 2710.76
1.59996e+07 2708.73
1.60093e+07 2706.71
1.6019e+07 2704.69
1.60287e+07 2702.67
1.60384e+07 2700.64
1.6048e+07 2698.62
1.60577e+07 2696.62
1.60674e+07 2694.61
1.60771e+07 2692.61
1.60868e+07 2690.6
1.60965e+07 2688.6
1.61062e+07 2686.59
1.61158e+07 2684.57
1.61255e+07 2682.56
1.61352e+07 2680.54
1.61449e+07 2678.52
1.61546e+07 2676.51
1.61643e+07 2674.51
1.6174e+07 2672.51
1.61836e+07 2670.51
1.61933e+07 2668.51
1.6203e+07 2666.49
1.62127e+07 2664.48
1.62224e+07 2662.46
1.62321e+07 2660.45
1.62417e+07 2658.44
1.62514e+07 2656.42
1.62611e+07 2654.42
1.62708e+07 2652.41
1.62805e+07 2650.39
1.62902e+07 2648.38
1.62999e+07 2646.38
1.63095e+07 2644.38
1.63192e+07 2642.37
1.63289e+07 2640.35
1.63386e+07 2638.33
1.63483e+07 2636.32
1.6358e+07 2634.31
1.63676e+07 2632.31
1.63773e+07 2630.28
1.6387e+07 2628.27
1.63967e+07 2626.26
1.64064e+07 2624.26
1.64161e+07 2622.26
1.64258e+07 2620.26
1.64354e+07 2618.26
1.64451e+07 2616.26
1.64548e+07 2614.25
1.64645e+07 2612.25
1.64742e+07 2610.23
1.64839e+07 2608.23
1.64936e+07 2606.2
1.65032e+07 2604.2
1.65129e+07 2602.19
1.65226e+07 2600.18
1.65323e+07 2598.18
1.6542e+07 2596.16
1.65517e+07 2594.15
1.65614e+07 2592.14
1.6571e+07 2590.11
1.65807e+07 2588.1
1.65904e+07 2586.09
1.66001e+07 2584.09
1.66098e+07 2582.07
1.66195e+07 2580.07
1.66291e+07 2578.06
1.66388e+07 2576.05
1.66485e+07 2574.05
1.66582e+07 2572.05
1.66679e+07 2570.04
1.66776e+07 2568.03
1.66873e+07 2566.03
1.66969e+07 2564.02
1.67066e+07 2562
1.67163e+07 2559.99
1.6726e+07 2557.98
1.67357e+07 2555.98
1.67454e+07 2553.98
1.6755e+07 2551.98
1.67647e+07 2549.96
1.67744e+07 2547.96
1.67841e+07 2545.96
1.67938e+07 2543.95
1.68035e+07 2541.95
1.68132e+07 2539.95
1.68228e+07 2537.95
1.68325e+07 2535.95
1.68422e+07 2533.94
1.68519e+07 2531.93
1.68616e+07 2529.93
1.68713e+07 2527.9
1.6881e+07 2525.9
1.68906e+07 2523.89
1.69003e+07 2521.89
1.691e+07 2519.88
1.69197e+07 2517.88
1.69294e+07 2515.87
1.69391e+07 2513.86
1.69488e+07 2511.85
1.69584e+07 2509.84
1.69681e+07 2507.84
1.69778e+07 2505.84
1.69875e+07 2503.83
1.69972e+07 2501.82
1.70069e+07 2499.81
1.70165e+07 2497.81
1.70262e+07 2495.8
1.70359e+07 2493.8
1.70456e+07 2491.79
1.70553e+07 2489.78
1.7065e+07 2487.77
1.70747e+07 2485.77
1.70843e+07 2483.76
1.7094e+07 2481.74
1.71037e+07 2479.73
1.71134e+07 2477.73
1.71231e+07 2475.73
1.71328e+07 2473.73
1.71424e+07 2471.72
1.71521e+07 2469.72
1.71618e+07 2467.72
1.71715e+07 2465.72
1.71812e+07 2463.72
1.71909e+07 2461.72
1.72006e+07 2459.72
1.72102e+07 2457.72
1.72199e+07 2455.71
1.72296e+07 2453.7
1.72393e+07 2451.67
1.7249e+07 2449.64
1.72587e+07 2447.63
1.72684e+07 2445.61
1.7278e+07 2443.61
1.72877e+07 2441.59
1.72974e+07 2439.59
1.73071e+07 2437.58
1.73168e+07 2435.58
1.73265e+07 2433.58
1.73362e+07 2431.56
1.73458e+07 2429.55
1.73555e+07 2427.55
1.73652e+07 2425.55
1.73749e+07 2423.52
1.73846e+07 2421.5
1.73943e+07 2419.49
1.74039e+07 2417.48
1.74136e+07 2415.47
1.74233e+07 2413.47
1.7433e+07 2411.46
1.74427e+07 2409.46
1.74524e+07 2407.46
1.74621e+07 2405.46
1.74717e+07 2403.45
1.74814e+07 2401.45
1.74911e+07 2399.45
1.75008e+07 2397.45
1.75105e+07 2395.45
1.75202e+07 2393.44
1.75298e+07 2391.43
1.75395e+07 2389.43
1.75492e+07 2387.43
1.75589e+07 2385.43
1.75686e+07 2383.43
1.75783e+07 2381.43
1.7588e+07 2379.42
1.75976e+07 2377.39
1.76073e+07 2375.37
1.7617e+07 2373.36
1.76267e+07 2371.35
1.76364e+07 2369.34
1.76461e+07 2367.33
1.76558e+07 2365.33
1.76654e+07 2363.31
1.76751e+07 2361.28
1.76848e+07 2359.27
1.76945e+07 2357.26
1.77042e+07 2355.26
1.77139e+07 2353.25
1.77236e+07 2351.24
1.77332e+07 2349.24
1.77429e+07 2347.23
1.77526e+07 2345.23
1.77623e+07 2343.23
1.7772e+07 2341.23
1.77817e+07 2339.23
1.77913e+07 2337.21
1.7801e+07 2335.19
1.78107e+07 2333.19
1.78204e+07 2331.19
1.78301e+07 2329.18
1.78398e+07 2327.18
1.78495e+07 2325.17
1.78591e+07 2323.16
1.78688e+07 2321.15
1.78785e+07 2319.15
1.78882e+07 2317.14
1.78979e+07 2315.14
1.79076e+07 2313.12
1.79172e+07 2311.09
1.79269e+07 2309.08
1.79366e+07 2307.05
1.79463e+07 2305.05
1.7956e+07 2303.05
1.79657e+07 2301.04
1.79754e+07 2299.04
1.7985e+07 2297.01
1.79947e+07 2294.99
1.80044e+07 2292.99
1.80141e+07 2290.99
1.80238e+07 2288.98
1.80335e+07 2286.98
1.80432e+07 2284.97
1.80528e+07 2282.96
1.80625e+07 2280.96
1.80722e+07 2278.95
1.80819e+07 2276.95
1.80916e+07 2274.95
1.81013e+07 2272.94
1.8111e+07 2270.93
1.81206e+07 2268.93
1.81303e+07 2266.93
1.814e+07 2264.93
1.81497e+07 2262.93
1.81594e+07 2260.92
1.81691e+07 2258.92
1.81787e+07 2256.92
1.81884e+07 2254.92
1.81981e+07 2252.91
1.82078e+07 2250.91
1.82175e+07 2248.9
1.82272e+07 2246.9
1.82369e+07 2244.9
1.82465e+07 2242.9
1.82562e+07 2240.89
1.82659e+07 2238.88
1.82756e+07 2236.88
1.82853e+07 2234.88
1.8295e+07 2232.85
1.83046e+07 2230.85
1.83143e+07 2228.85
1.8324e+07 2226.84
1.83337e+07 2224.83
1.83434e+07 2222.83
1.83531e+07 2220.83
1.83628e+07 2218.82
1.83724e+07 2216.81
1.83821e+07 2214.79
1.83918e+07 2212.79
1.84015e+07 2210.79
1.84112e+07 2208.78
1.84209e+07 2206.78
1.84306e+07 2204.75
1.84402e+07 2202.72
1.84499e+07 2200.72
1.84596e+07 2198.72
1.84693e+07 2196.71
1.8479e+07 2194.69
1.84887e+07 2192.69
1.84984e+07 2190.68
1.8508e+07 2188.68
1.85177e+07 2186.68
1.85274e+07 2184.68
1.85371e+07 2182.67
1.85468e+07 2180.67
1.85565e+07 2178.67
1.85661e+07 2176.66
1.85758e+07 2174.65
1.85855e+07 2172.64
1.85952e+07 2170.63
1.86049e+07 2168.63
1.86146e+07 2166.61
1.86243e+07 2164.59
1.86339e+07 2162.57
1.86436e+07 2160.57
1.86533e+07 2158.57
1.8663e+07 2156.57
1.86727e+07 2154.57
1.86824e+07 2152.56
1.8692e+07 2150.55
1.87017e+07 2148.55
1.87114e+07 2146.55
1.87211e+07 2144.55
1.87308e+07 2142.55
1.87405e+07 2140.55
1.87502e+07 2138.54
1.87598e+07 2136.54
1.87695e+07 2134.54
1.87792e+07 2132.54
1.87889e+07 2130.54
1.87986e+07 2128.54
1.88083e+07 2126.54
1.8818e+07 2124.54
1.88276e+07 2122.53
1.88373e+07 2120.53
1.8847e+07 2118.52
1.88567e+07 2116.51
1.88664e+07 2114.5
1.88761e+07 2112.5
1.88858e+07 2110.49
1.88954e+07 2108.48
1.89051e+07 2106.48
1.89148e+07 2104.48
1.89245e+07 2102.48
1.89342e+07 2100.48
1.89439e+07 2098.48
1.89535e+07 2096.47
1.89632e+07 2094.46
1.89729e+07 2092.45
1.89826e+07 2090.45
1.89923e+07 2088.44
1.9002e+07 2086.44
1.90117e+07 2084.44
1.90213e+07 2082.43
1.9031e+07 2080.43
1.90407e+07 2078.42
1.90504e+07 2076.42
1.90601e+07 2074.41
1.90698e+07 2072.41
1.90794e+07 2070.41
1.90891e+07 2068.41
1.90988e+07 2066.41
1.91085e+07 2064.41
1.91182e+07 2062.41
1.91279e+07 2060.4
1.91376e+07 2058.4
1.91472e+07 2056.4
1.91569e+07 2054.39
1.91666e+07 2052.38
1.91763e+07 2050.38
1.9186e+07 2048.38
1.91957e+07 2046.38
1.92054e+07 2044.37
1.9215e+07 2042.36
1.92247e+07 2040.35
1.92344e+07 2038.35
1.92441e+07 2036.35
1.92538e+07 2034.35
1.92635e+07 2032.35
1.92732e+07 2030.35
1.92828e+07 2028.35
1.92925e+07 2026.35
1.93022e+07 2024.35
1.93119e+07 2022.35
1.93216e+07 2020.35
1.93313e+07 2018.34
1.93409e+07 2016.34
1.93506e+07 2014.34
1.93603e+07 2012.34
1.937e+07 2010.34
1.93797e+07 2008.34
1.93894e+07 2006.34
1.93991e+07 2004.34
1.94087e+07 2002.34
1.94184e+07 2000.34
1.94281e+07 1998.34
1.94378e+07 1996.34
1.94475e+07 1994.34
1.94572e+07 1992.34
1.94668e+07 1990.33
1.94765e+07 1988.33
1.94862e+07 1986.32
1.94959e+07 1984.32
1.95056e+07 1982.32
1.95153e+07 1980.31
1.9525e+07 1978.3
1.95346e+07 1976.3
1.95443e+07 1974.3
1.9554e+07 1972.3
1.95637e+07 1970.3
1.95734e+07 1968.3
1.95831e+07 1966.29
1.95928e+07 1964.28
1.96024e+07 1962.28
1.96121e+07 1960.28
1.96218e+07 1958.28
1.96315e+07 1956.28
1.96412e+07 1954.28
1.96509e+07 1952.28
1.96606e+07 1950.28
1.96702e+07 1948.28
1.96799e+07 1946.28
1.96896e+07 1944.28
1.96993e+07 1942.28
1.9709e+07 1940.28
1.97187e+07 1938.28
1.97283e+07 1936.27
1.9738e+07 1934.27
1.97477e+07 1932.27
1.97574e+07 1930.26
1.97671e+07 1928.24
1.97768e+07 1926.24
1.97865e+07 1924.24
1.97961e+07 1922.24
1.98058e+07 1920.24
1.98155e+07 1918.24
1.98252e+07 1916.24
1.98349e+07 1914.23
1.98446e+07 1912.23
1.98542e+07 1910.22
1.98639e+07 1908.22
1.98736e+07 1906.22
1.98833e+07 1904.2
1.9893e+07 1902.2
1.99027e+07 1900.19
1.99124e+07 1898.19
1.9922e+07 1896.19
1.99317e+07 1894.18
1.99414e+07 1892.18
1.99511e+07 1890.18
1.99608e+07 1888.18
1.99705e+07 1886.17
1.99802e+07 1884.17
1.99898e+07 1882.16
1.99995e+07 1880.16
2.00092e+07 1878.15
2.00189e+07 1876.15
2.00286e+07 1874.15
2.00383e+07 1872.15
2.0048e+07 1870.14
2.00576e+07 1868.14
2.00673e+07 1866.14
2.0077e+07 1864.13
2.00867e+07 1862.13
2.00964e+07 1860.13
2.01061e+07 1858.13
2.01157e+07 1856.11
2.01254e+07 1854.1
2.01351e+07 1852.1
2.01448e+07 1850.1
2.01545e+07 1848.1
2.01642e+07 1846.1
2.01739e+07 1844.1
2.01835e+07 1842.1
2.01932e+07 1840.1
2.02029e+07 1838.11
2.02126e+07 1836.11
2.02223e+07 1834.13
2.0232e+07 1832.14
2.02416e+07 1830.16
2.02513e+07 1828.18
2.0261e+07 1826.21
2.02707e+07 1824.24
2.02804e+07 1822.28
2.02901e+07 1820.32
2.02998e+07 1818.36
2.03094e+07 1816.39
2.03191e+07 1814.43
2.03288e+07 1812.46
2.03385e+07 1810.52
2.03482e+07 1808.59
2.03579e+07 1806.63
2.03676e+07 1804.69
2.03772e+07 1802.77
2.03869e+07 1800.85
2.03966e+07 1798.92
2.04063e+07 1796.99
2.0416e+07 1795.06
2.04257e+07 1793.14
2.04354e+07 1791.23
2.0445e+07 1789.33
2.04547e+07 1787.44
2.04644e+07 1785.53
2.04741e+07 1783.62
2.04838e+07 1781.71
2.04935e+07 1779.8
2.05031e+07 1777.93
2.05128e+07 1776.07
2.05225e+07 1774.22
2.05322e+07 1772.42
2.05419e+07 1770.63
2.05516e+07 1768.82
2.05613e+07 1767.05
2.05709e+07 1765.27
2.05806e+07 1763.51
2.05903e+07 1761.76
2.06e+07 1760.02
2.06097e+07 1758.29
2.06194e+07 1756.58
2.0629e+07 1754.88
2.06387e+07 1753.18
2.06484e+07 1751.47
2.06581e+07 1749.78
2.06678e+07 1748.13
2.06775e+07 1746.48
2.06872e+07 1744.85
2.06968e+07 1743.21
2.07065e+07 1741.58
2.07162e+07 1739.97
2.07259e+07 1738.37
2.07356e+07 1736.76
2.07453e+07 1735.16
2.0755e+07 1733.6
2.07646e+07 1732.03
2.07743e+07 1730.49
2.0784e+07 1728.88
2.07937e+07 1727.34
2.08034e+07 1725.82
2.08131e+07 1724.36
2.08228e+07 1722.91
2.08324e+07 1721.45
2.08421e+07 1720
2.08518e+07 1718.59
2.08615e+07 1717.18
2.08712e+07 1715.73
2.08809e+07 1714.29
2.08905e+07 1712.87
2.09002e+07 1711.49
2.09099e+07 1710.09
2.09196e+07 1708.71
2.09293e+07 1707.36
2.0939e+07 1706.03
2.09487e+07 1704.68
2.09583e+07 1703.35
2.0968e+07 1702.04
2.09777e+07 1700.71
2.09874e+07 1699.39
2.09971e+07 1698.05
2.10068e+07 1696.72
2.10164e+07 1695.46
2.10261e+07 1694.16
2.10358e+07 1692.91
2.10455e+07 1691.7
2.10552e+07 1690.48
2.10649e+07 1689.3
2.10746e+07 1688.08
2.10842e+07 1686.9
2.10939e+07 1685.71
2.11036e+07 1684.51
2.11133e+07 1683.35
2.1123e+07 1682.19
2.11327e+07 1681.02
2.11424e+07 1679.82
2.1152e+07 1678.62
2.11617e+07 1677.42
2.11714e+07 1676.29
2.11811e+07 1675.11
2.11908e+07 1673.99
2.12005e+07 1672.85
2.12102e+07 1671.69
2.12198e+07 1670.57
2.12295e+07 1669.44
2.12392e+07 1668.33
2.12489e+07 1667.17
2.12586e+07 1666.03
2.12683e+07 1664.92
2.12779e+07 1663.85
2.12876e+07 1662.69
2.12973e+07 1661.55
2.1307e+07 1660.43
2.13167e+07 1659.32
2.13264e+07 1658.2
2.13361e+07 1657.08
2.13457e+07 1655.96
2.13554e+07 1654.86
2.13651e+07 1653.76
2.13748e+07 1652.68
2.13845e+07 1651.56
2.13942e+07 1650.46
2.14038e+07 1649.34
2.14135e+07 1648.25
2.14232e+07 1647.13
2.14329e+07 1646.01
2.14426e+07 1644.92
2.14523e+07 1643.8
2.1462e+07 1642.68
2.14716e+07 1641.57
2.14813e+07 1640.5
2.1491e+07 1639.43
2.15007e+07 1638.32
2.15104e+07 1637.24
2.15201e+07 1636.14
2.15298e+07 1635.05
2.15394e+07 1633.93
2.15491e+07 1632.81
2.15588e+07 1631.72
2.15685e+07 1630.61
2.15782e+07 1629.51
2.15879e+07 1628.44
2.15976e+07 1627.34
2.16072e+07 1626.26
2.16169e+07 1625.16
2.16266e+07 1624.12
2.16363e+07 1623.04
2.1646e+07 1621.97
2.16557e+07 1620.85
2.16653e+07 1619.76
2.1675e+07 1618.69
2.16847e+07 1617.62
2.16944e+07 1616.6
2.17041e+07 1615.54
2.17138e+07 1614.47
2.17235e+07 1613.4
2.17331e+07 1612.3
2.17428e+07 1611.21
2.17525e+07 1610.11
2.17622e+07 1609
2.17719e+07 1607.9
2.17816e+07 1606.83
2.17912e+07 1605.75
2.18009e+07 1604.67
2.18106e+07 1603.62
2.18203e+07 1602.58
2.183e+07 1601.5
2.18397e+07 1600.47
2.18494e+07 1599.44
2.1859e+07 1598.34
2.18687e+07 1597.26
2.18784e+07 1596.18
2.18881e+07 1595.07
2.18978e+07 1594.03
2.19075e+07 1592.97
2.19172e+07 1591.87
2.19268e+07 1590.76
2.19365e+07 1589.69
2.19462e+07 1588.63
2.19559e+07 1587.54
2.19656e+07 1586.51
2.19753e+07 1585.47
2.1985e+07 1584.39
2.19946e+07 1583.34
2.20043e+07 1582.27
2.2014e+07 1581.24
2.20237e+07 1580.15
2.20334e+07 1579.11
2.20431e+07 1578.04
2.20527e+07 1577.02
2.20624e+07 1575.96
2.20721e+07 1574.93
2.20818e+07 1573.85
2.20915e+07 1572.81
2.21012e+07 1571.75
2.21109e+07 1570.71
2.21205e+07 1569.64
2.21302e+07 1568.64
2.21399e+07 1567.61
2.21496e+07 1566.57
2.21593e+07 1565.51
2.2169e+07 1564.47
2.21786e+07 1563.41
2.21883e+07 1562.29
2.2198e+07 1561.2
2.22077e+07 1560.17
2.22174e+07 1559.11
2.22271e+07 1558.06
2.22368e+07 1556.98
2.22464e+07 1555.92
2.22561e+07 1554.82
2.22658e+07 1553.78
2.22755e+07 1552.74
2.22852e+07 1551.67
2.22949e+07 1550.63
2.23046e+07 1549.6
2.23142e+07 1548.55
2.23239e+07 1547.51
2.23336e+07 1546.44
2.23433e+07 1545.35
2.2353e+07 1544.33
2.23627e+07 1543.22
2.23724e+07 1542.15
2.2382e+07 1541.06
2.23917e+07 1540
2.24014e+07 1538.98
2.24111e+07 1537.92
2.24208e+07 1536.87
2.24305e+07 1535.79
2.24401e+07 1534.74
2.24498e+07 1533.66
2.24595e+07 1532.6
2.24692e+07 1531.55
2.24789e+07 1530.53
2.24886e+07 1529.49
2.24983e+07 1528.42
2.25079e+07 1527.37
2.25176e+07 1526.33
2.25273e+07 1525.3
2.2537e+07 1524.23
2.25467e+07 1523.19
2.25564e+07 1522.14
2.2566e+07 1521.11
2.25757e+07 1520.06
2.25854e+07 1518.98
2.25951e+07 1517.9
2.26048e+07 1516.86
2.26145e+07 1515.84
2.26242e+07 1514.83
2.26338e+07 1513.81
2.26435e+07 1512.78
2.26532e+07 1511.71
2.26629e+07 1510.66
2.26726e+07 1509.63
2.26823e+07 1508.58
2.2692e+07 1507.55
2.27016e+07 1506.5
2.27113e+07 1505.47
2.2721e+07 1504.4
2.27307e+07 1503.32
2.27404e+07 1502.25
2.27501e+07 1501.16
2.27598e+07 1500.08
2.27694e+07 1499.03
2.27791e+07 1498.02
2.27888e+07 1496.98
2.27985e+07 1495.88
2.28082e+07 1494.84
2.28179e+07 1493.79
2.28275e+07 1492.74
2.28372e+07 1491.67
2.28469e+07 1490.65
2.28566e+07 1489.56
2.28663e+07 1488.55
2.2876e+07 1487.49
2.28857e+07 1486.46
2.28953e+07 1485.41
2.2905e+07 1484.34
2.29147e+07 1483.3
2.29244e+07 1482.23
2.29341e+07 1481.2
2.29438e+07 1480.15
2.29534e+07 1479.09
2.29631e+07 1478.01
2.29728e+07 1476.97
2.29825e+07 1475.94
2.29922e+07 1474.92
2.30019e+07 1473.88
2.30116e+07 1472.85
2.30212e+07 1471.8
2.30309e+07 1470.71
2.30406e+07 1469.65
2.30503e+07 1468.58
2.306e+07 1467.51
2.30697e+07 1466.4
2.30794e+07 1465.38
2.3089e+07 1464.3
2.30987e+07 1463.26
2.31084e+07 1462.21
2.31181e+07 1461.14
2.31278e+07 1460.07
2.31375e+07 1459.02
2.31472e+07 1457.98
2.31568e+07 1456.93
2.31665e+07 1455.88
2.31762e+07 1454.86
2.31859e+07 1453.8
2.31956e+07 1452.74
2.32053e+07 1451.69
2.32149e+07 1450.65
2.32246e+07 1449.54
2.32343e+07 1448.46
2.3244e+07 1447.39
2.32537e+07 1446.31
2.32634e+07 1445.3
2.32731e+07 1444.25
2.32827e+07 1443.18
2.32924e+07 1442.12
