0 3180.28
1 3169.2
2 3160.51
3 3149.68
4 3142.49
5 3131.27
6 3123.69
7 3115.16
8 3109.37
9 3104.66
10 3098.2
11 3091.01
12 3086.72
13 3079.19
14 3074.54
15 3070.54
16 3066.39
17 3061.55
18 3054.54
19 3048.46
20 3044.47
21 3040.83
22 3037.32
23 3033.92
24 3031.75
25 3025.67
26 3021.71
27 3016.43
28 3013.17
29 3007.66
30 3001.43
31 2997.96
32 2996.31
33 2992.5
34 2987.68
35 2985.13
36 2982.98
37 2979.6
38 2976.12
39 2970.58
40 2966.38
41 2962.01
42 2959.3
43 2958.15
44 2956.04
45 2953.5
46 2951.67
47 2949.27
48 2946.74
49 2945.12
50 2943.76
51 2939.21
52 2937.81
53 2936.42
54 2934.82
55 2932.71
56 2931.01
57 2928.85
58 2924.71
59 2922.3
60 2920.74
61 2919.26
62 2917.25
63 2916.44
64 2915.51
65 2912.83
66 2910.66
67 2907.82
68 2905.98
69 2905.08
70 2903.32
71 2901.87
72 2900.35
73 2899.61
74 2898.98
75 2898.43
76 2897.32
77 2896.59
78 2895.52
79 2894.14
80 2893.36
81 2891.83
82 2890.44
83 2888.87
84 2887.77
85 2887.57
86 2886.99
87 2885.96
88 2885.22
89 2884.08
90 2883.14
91 2881.8
92 2881.66
93 2880.9
94 2880.33
95 2879.6
96 2878.48
97 2876.73
98 2876.37
99 2874.58
100 2874.22
101 2873.42
102 2872.98
103 2872.75
104 2871.7
105 2871.24
106 2869.76
107 2869.56
108 2869.01
109 2868.58
110 2868.05
111 2867.04
112 2865.42
113 2864.21
114 2864.17
115 2863.73
116 2863.28
117 2862.85
118 2862.59
119 2861.96
120 2861.14
121 2860.28
122 2859.11
123 2858.62
124 2858.26
125 2857.85
126 2857.74
127 2857.29
128 2855.61
129 2855.23
130 2854.39
131 2853.8
132 2853.14
133 2852.57
134 2851.78
135 2851.43
136 2850.78
137 2849.92
138 2849.47
139 2849.25
140 2849.16
141 2849.07
142 2848.24
143 2847.63
144 2847.08
145 2845.96
146 2845.64
147 2844.7
148 2844.54
149 2844.38
150 2843.59
151 2843.35
152 2843.08
153 2842.92
154 2842.01
155 2841.1
156 2841
157 2840.21
158 2840.01
159 2839.61
160 2839.5
161 2839.24
162 2838.78
163 2838
164 2837.99
165 2837.63
166 2836.48
167 2836.22
168 2835.97
169 2835.21
170 2834.47
171 2834.21
172 2833.44
173 2833.41
175 2833.3
176 2833.08
177 2832.99
178 2832.31
179 2832.15
180 2831.68
181 2831.38
182 2830.73
183 2830.35
184 2829.93
185 2829.85
186 2829.61
189 2829.4
191 2829.05
192 2828.98
193 2828.61
194 2827.87
195 2827.47
196 2827.14
197 2826.89
199 2826.63
200 2826.1
201 2826.06
202 2825.6
203 2825.58
204 2825.27
205 2825.03
206 2824.44
207 2824.18
208 2823.71
209 2823.32
211 2822.92
212 2822.75
213 2822.58
215 2822.53
216 2822.16
217 2821.89
219 2821.45
220 2821.3
221 2821.24
222 2820.9
223 2820.55
224 2820.41
225 2820.07
226 2819.35
227 2819.2
228 2818.92
229 2818.24
231 2818.06
232 2817.99
233 2817.95
234 2817.51
235 2817.5
236 2817.29
237 2816.97
238 2816.72
239 2816.02
240 2815.71
241 2815.66
242 2815.37
243 2815.33
244 2815.16
245 2814.86
246 2814.67
248 2814.44
249 2813.97
250 2813.48
251 2813.31
252 2813.28
254 2813.17
255 2813.12
257 2812.99
258 2812.6
261 2812.47
262 2812.27
264 2812.25
265 2812.15
266 2812.07
267 2812
268 2811.88
270 2811.6
271 2811.49
272 2811.4
273 2811.14
275 2811.12
276 2810.87
278 2810.77
279 2810.56
280 2810.52
281 2810.29
282 2810.27
283 2810.17
284 2809.65
285 2809.45
286 2809.39
288 2809.31
289 2809.29
290 2808.7
291 2808.27
292 2807.61
293 2807.19
294 2806.8
295 2806.5
296 2806.36
298 2806.35
299 2806.16
300 2806.15
302 2805.62
303 2805.48
304 2805.09
305 2804.75
306 2804.51
307 2804.5
308 2803.94
311 2803.74
312 2803.38
313 2803.33
315 2803.31
316 2803.16
317 2803.06
318 2802.75
319 2802.41
320 2802.17
323 2801.94
324 2801.9
325 2801.73
326 2801.52
327 2801.35
328 2801.28
329 2800.86
330 2800.77
331 2800.49
332 2800.15
333 2800.11
334 2800.02
335 2799.54
336 2799.36
337 2798.47
338 2798.21
339 2797.96
340 2797.91
343 2797.69
344 2797.55
345 2797.46
346 2797.28
348 2796.79
350 2796.77
351 2796.52
352 2796.49
353 2796.35
356 2796.26
357 2796.07
358 2795.49
359 2794.78
360 2794.7
361 2794.63
362 2794.57
363 2794.45
364 2794.02
365 2793.64
366 2793.45
367 2793.33
368 2793
370 2792.92
371 2792.9
372 2792.78
373 2792.44
374 2792.21
375 2792.18
377 2792.01
378 2791.46
379 2791.23
386 2791.19
387 2791.17
388 2790.65
389 2790.56
390 2790.47
393 2790.35
394 2790.33
396 2790.13
397 2790.12
398 2789.89
399 2789.76
400 2789.74
401 2789.45
402 2789.17
404 2789.15
405 2789.04
406 2788.92
407 2788.42
409 2788.21
411 2787.95
412 2787.75
415 2787.64
416 2787.56
417 2787.55
418 2787.21
419 2787.01
420 2786.9
421 2786.78
423 2786.64
424 2786.62
426 2786.57
429 2786.56
430 2786.31
433 2786.25
434 2785.94
435 2785.92
436 2785.64
437 2785.48
438 2785.47
440 2785.42
442 2785.4
443 2785.27
444 2785.18
446 2785.08
447 2785.01
449 2784.93
450 2784.88
451 2784.86
452 2784.8
453 2784.73
454 2784.68
456 2784.64
457 2784.62
458 2784.43
461 2784.05
462 2784.01
463 2783.93
464 2783.87
465 2783.48
469 2783.44
470 2783.41
471 2783.4
472 2783.26
473 2783.25
475 2783.13
476 2782.83
480 2782.8
481 2782.4
482 2782.36
483 2782.16
489 2782.12
491 2782.07
496 2781.69
499 2781.62
500 2781.45
503 2781.43
504 2781.42
507 2781.21
511 2781.07
512 2780.94
513 2780.68
514 2780.67
515 2780.49
516 2780.41
520 2780.28
522 2780.21
523 2780.19
524 2779.8
525 2779.71
527 2779.61
528 2779.6
529 2779.54
530 2779.43
535 2779.07
538 2778.92
544 2778.86
546 2778.56
548 2777.94
549 2777.91
551 2777.73
552 2777.72
553 2777.63
554 2777.61
555 2777.45
556 2777.21
559 2777.05
562 2777.02
565 2776.79
569 2776.73
570 2776.44
571 2776.3
573 2776.21
574 2776.03
575 2775.94
576 2775.89
577 2775.84
583 2775.8
586 2775.63
587 2775.62
589 2775.45
591 2775.39
592 2775.33
597 2775.32
600 2775.09
601 2774.78
603 2774.74
606 2774.62
608 2774.59
609 2774.56
610 2774.46
611 2774.41
614 2774.38
617 2774.36
618 2774.15
619 2774.14
622 2774.07
623 2774.06
624 2774
625 2773.94
626 2773.75
628 2773.66
629 2773.62
631 2773.6
633 2773.56
634 2773.5
635 2773.49
639 2773.41
641 2773.38
643 2773.26
644 2773.2
647 2773.17
649 2773.07
652 2772.92
654 2772.69
658 2772.36
663 2772.24
666 2772.2
667 2772.11
670 2772.07
672 2772.04
676 2772.03
678 2772.01
679 2771.89
680 2771.87
681 2771.83
682 2771.75
684 2771.69
686 2771.68
687 2771.45
689 2771.38
690 2771.34
693 2771.32
696 2771.28
697 2771.2
703 2771.15
706 2771.09
707 2771.07
709 2771.04
710 2770.94
711 2770.71
712 2770.7
713 2770.68
716 2770.66
717 2770.65
720 2770.53
721 2770.5
722 2770.33
723 2770.24
725 2770.08
726 2770.02
730 2769.97
731 2769.91
733 2769.71
735 2769.68
737 2769.53
740 2769.39
743 2769.36
745 2769.32
746 2769.31
748 2769.3
750 2769.23
752 2769.18
758 2769.11
766 2769
767 2768.97
769 2768.96
770 2768.88
772 2768.65
773 2768.46
774 2768.44
775 2768.39
777 2768.19
778 2768.08
779 2767.93
780 2767.83
782 2767.77
787 2767.75
792 2767.68
804 2767.66
805 2767.55
806 2767.29
808 2767.12
809 2767.1
812 2767
816 2766.64
817 2766.42
818 2766.39
823 2766.32
825 2766.07
829 2765.98
832 2765.84
833 2765.79
836 2765.6
837 2765.51
841 2765.34
843 2765.2
845 2765.16
852 2765.08
857 2765
861 2764.97
865 2764.94
866 2764.92
867 2764.88
869 2764.8
871 2764.76
875 2764.75
876 2764.69
878 2764.6
880 2764.47
888 2764.46
891 2764.44
892 2764.35
894 2764.2
898 2764.16
900 2764.12
901 2764.03
902 2763.77
906 2763.58
908 2763.57
912 2763.4
915 2763.3
916 2763.22
921 2763.12
922 2763.11
924 2763.01
925 2762.99
937 2762.78
943 2762.63
946 2762.46
952 2762.25
958 2762.17
960 2762.11
963 2762.01
968 2761.76
969 2761.71
970 2761.62
973 2761.5
978 2761.37
981 2761.32
985 2761.29
990 2761.24
993 2761.09
994 2761.04
995 2760.91
996 2760.79
1006 2760.65
1007 2760.63
1009 2760.51
1018 2760.46
1019 2760.45
1021 2760.43
1026 2760.41
1027 2760.36
1028 2760.35
1031 2760.28
1035 2760.26
1040 2760.12
1041 2760.1
1055 2760.09
1056 2760.01
1057 2759.91
1059 2759.82
1062 2759.81
1064 2759.79
1068 2759.68
1070 2759.67
1071 2759.55
1074 2759.53
1076 2759.42
1083 2759.3
1084 2759.28
1091 2759.27
1092 2759.24
1100 2758.93
1104 2758.91
1108 2758.74
1112 2758.7
1116 2758.6
1119 2758.58
1122 2758.54
1123 2758.48
1132 2758.27
1139 2758.2
1141 2758.19
1142 2758.15
1145 2758.14
1147 2758.03
1149 2757.95
1151 2757.75
1153 2757.73
1160 2757.67
1168 2757.65
1172 2757.58
1176 2757.56
1182 2757.46
1193 2757.42
1203 2757.4
1208 2757.35
1211 2757.24
1228 2757.19
1229 2757.11
1236 2757.09
1242 2757.08
1253 2757.04
1258 2756.98
1260 2756.9
1268 2756.89
1276 2756.88
1277 2756.77
1278 2756.72
1280 2756.71
1283 2756.66
1292 2756.48
1314 2756.46
1327 2756.42
1336 2756.37
1340 2756.32
1344 2756.28
1346 2756.26
1349 2756.22
1351 2756.07
1354 2756.01
1358 2755.98
1361 2755.65
1363 2755.64
1367 2755.62
1369 2755.6
1373 2755.55
1379 2755.52
1383 2755.51
1387 2755.46
1392 2755.4
1393 2755.32
1394 2755.26
1395 2755.25
1409 2755.21
1411 2755.2
1414 2755.13
1418 2755.12
1419 2754.98
1420 2754.8
1426 2754.77
1430 2754.75
1442 2754.73
1446 2754.71
1452 2754.64
1459 2754.58
1461 2754.51
1469 2754.42
1470 2754.41
1471 2754.38
1472 2754.33
1478 2754.2
1482 2754.18
1487 2753.95
1494 2753.94
1536 2753.93
1566 2753.88
1572 2753.87
1575 2753.82
1582 2753.75
1587 2753.74
1597 2753.68
1613 2753.65
1619 2753.63
1623 2753.41
1630 2753.31
1634 2753.27
1637 2753.15
1644 2753.11
1645 2753.09
1648 2752.96
1650 2752.9
1692 2752.72
1701 2752.65
1703 2752.5
1711 2752.45
1712 2752.33
1713 2752.32
1716 2752.3
1717 2752.21
1732 2752.1
1733 2752.05
1743 2752.04
1753 2751.88
1776 2751.83
1777 2751.8
1780 2751.76
1790 2751.73
1796 2751.51
1798 2751.47
1802 2751.39
1810 2751.36
1815 2751.34
1824 2751.24
1830 2751.16
1831 2751.03
1838 2751.02
1839 2751.01
1841 2751
1842 2750.83
1845 2750.82
1852 2750.8
1853 2750.74
1861 2750.73
1873 2750.71
1881 2750.65
1890 2750.64
1918 2750.58
1933 2750.57
1941 2750.48
1942 2750.46
1982 2750.44
1985 2750.43
2013 2750.36
2020 2750.35
2024 2750.24
2042 2750.23
2044 2750.19
2046 2750.14
2049 2750.12
2057 2749.92
2064 2749.91
2093 2749.8
2097 2749.69
2125 2749.68
2131 2749.67
2135 2749.64
2140 2749.62
2149 2749.51
2155 2749.5
2158 2749.44
2162 2749.34
2172 2749.3
2175 2749.17
2180 2749.15
2186 2749.13
2193 2749.11
2196 2749.09
2217 2749
2218 2748.87
2226 2748.85
2235 2748.81
2238 2748.8
2277 2748.79
2284 2748.77
2294 2748.73
2316 2748.65
2317 2748.59
2321 2748.58
2322 2748.55
2356 2748.54
2364 2748.47
2373 2748.41
2395 2748.36
2397 2748.31
2404 2748.3
2412 2748.22
2420 2748.2
2428 2748.13
2433 2748.12
2434 2748.1
2435 2748.07
2457 2748.01
2461 2747.91
2467 2747.9
2478 2747.85
2481 2747.78
2486 2747.76
2499 2747.75
2516 2747.73
2520 2747.71
2525 2747.67
2531 2747.66
2532 2747.61
2553 2747.58
2576 2747.55
2579 2747.54
2584 2747.49
2605 2747.32
2614 2747.3
2689 2747.22
2730 2747.06
2741 2747
2745 2746.97
2749 2746.96
2774 2746.95
2777 2746.94
2778 2746.92
2783 2746.9
2788 2746.77
2796 2746.76
2827 2746.68
2836 2746.67
2840 2746.56
2845 2746.51
2850 2746.47
2852 2746.44
2853 2746.39
2856 2746.37
2858 2746.33
2877 2746.21
2887 2746.06
2889 2746.03
2905 2745.94
2916 2745.82
2921 2745.62
2985 2745.61
3011 2745.6
3047 2745.56
3080 2745.48
3087 2745.4
3115 2745.32
3128 2745.29
3135 2745.18
3139 2745.07
3244 2745.05
3302 2745.03
3328 2745.01
3360 2744.96
3365 2744.95
3366 2744.93
3381 2744.83
3391 2744.76
3448 2744.7
3586 2744.62
3600 2744.58
3611 2744.42
3617 2744.4
3678 2744.39
3721 2744.38
3728 2744.33
3736 2744.32
3834 2744.25
3839 2744.21
3840 2744.19
3846 2744.13
3874 2744
3879 2743.95
3892 2743.93
3925 2743.92
4143 2743.9
4183 2743.85
4195 2743.84
4267 2743.79
4329 2743.77
4375 2743.72
4390 2743.71
4398 2743.65
4533 2743.62
4584 2743.61
4738 2743.53
4766 2743.52
4796 2743.51
4848 2743.4
5094 2743.38
5315 2743.33
5499 2743.31
6677 2743.25
