0 0.509239
256 0.516411
512 0.522867
768 0.528902
1024 0.53482
1280 0.540462
1536 0.545484
1792 0.550173
2048 0.554778
2304 0.558982
2560 0.562969
2816 0.566878
3072 0.570716
3328 0.574527
3584 0.579358
3840 0.583154
4096 0.587027
4352 0.590689
4608 0.594031
4864 0.597247
5120 0.60043
5376 0.603371
5632 0.606201
5888 0.608885
6144 0.611496
6400 0.614077
6656 0.616643
6912 0.619183
7168 0.621677
7424 0.624058
7680 0.626425
7936 0.628633
8192 0.630724
8448 0.632613
8704 0.634432
8960 0.637108
9216 0.639466
9472 0.641285
9728 0.643065
9984 0.644778
10240 0.646953
10496 0.648638
10752 0.650191
11008 0.651726
11264 0.653244
11520 0.65476
11776 0.656215
12032 0.657581
12288 0.65893
12544 0.660273
12800 0.661607
13056 0.662937
13312 0.664254
13568 0.665564
13824 0.666867
14080 0.668145
14336 0.669285
14592 0.671891
14848 0.672998
15104 0.674026
15360 0.675035
15616 0.675994
15872 0.677368
16128 0.678318
16384 0.679203
16640 0.68051
16896 0.681371
17152 0.682221
17408 0.683846
17664 0.68498
17920 0.685796
18176 0.686691
18432 0.687457
18688 0.688431
18944 0.689733
19200 0.690537
19456 0.691293
19712 0.69192
19968 0.692544
20224 0.693166
20480 0.693568
20736 0.69412
20992 0.694494
21248 0.694839
21504 0.698909
21760 0.701122
22016 0.701428
22272 0.702054
22528 0.702411
22784 0.702676
23040 0.702888
23296 0.703008
23552 0.703011
