0 0.491206
256 0.503573
512 0.511041
768 0.518008
1024 0.524356
1280 0.530368
1536 0.536258
1792 0.541453
2048 0.546479
2304 0.551403
2560 0.556234
2816 0.560834
3072 0.565206
3328 0.569565
3584 0.573839
3840 0.578205
4096 0.582034
4352 0.585731
4608 0.589321
4864 0.592839
5120 0.59616
5376 0.599374
5632 0.602555
5888 0.605728
6144 0.608873
6400 0.611901
6656 0.614801
6912 0.617674
7168 0.621468
7424 0.62429
7680 0.626945
7936 0.629455
8192 0.631945
8448 0.634365
8704 0.636718
8960 0.639067
9216 0.641309
9472 0.643544
9728 0.645752
9984 0.647957
10240 0.650109
10496 0.652098
10752 0.654019
11008 0.655916
11264 0.657801
11520 0.659657
11776 0.662447
12032 0.664476
12288 0.666294
12544 0.667988
12800 0.669592
13056 0.670999
13312 0.673556
13568 0.67487
13824 0.677602
14080 0.68018
14336 0.681869
14592 0.683288
14848 0.684595
15104 0.685835
15360 0.687049
15616 0.68918
15872 0.690339
16128 0.691287
16384 0.692209
16640 0.694642
16896 0.695709
17152 0.696617
17408 0.697481
17664 0.698311
17920 0.699132
18176 0.699865
18432 0.70044
18688 0.701011
18944 0.702109
19200 0.702791
19456 0.703205
19712 0.703571
19968 0.705177
20224 0.706099
20480 0.707373
20736 0.707678
20992 0.707943
21248 0.708188
21504 0.708419
21760 0.710627
22016 0.71082
22272 0.710969
22528 0.711909
22784 0.712754
23040 0.712889
23296 0.712984
23552 0.713933
23808 0.715475
24064 0.715559
24320 0.715562
