0 0.516818
256 0.525193
512 0.533162
768 0.540969
1024 0.547866
1280 0.554166
1536 0.559363
1792 0.564287
2048 0.569086
2304 0.573713
2560 0.578314
2816 0.58291
3072 0.587464
3328 0.591893
3584 0.596251
3840 0.600556
4096 0.604698
4352 0.608823
4608 0.612898
4864 0.617738
5120 0.621612
5376 0.625194
5632 0.62865
5888 0.632055
6144 0.635445
6400 0.638708
6656 0.642564
6912 0.645495
7168 0.650317
7424 0.65367
7680 0.656608
7936 0.659228
8192 0.661611
8448 0.663978
8704 0.666285
8960 0.668536
9216 0.671868
9472 0.675529
9728 0.677686
9984 0.679823
10240 0.681953
10496 0.683998
10752 0.685917
11008 0.687814
11264 0.689701
11520 0.691517
11776 0.693172
12032 0.695691
12288 0.697295
12544 0.698843
12800 0.700291
13056 0.701691
13312 0.702995
13568 0.704255
13824 0.705346
14080 0.706419
14336 0.707369
14592 0.708246
14848 0.709025
15104 0.709752
15360 0.710327
15616 0.713413
15872 0.713984
16128 0.71474
16384 0.716892
16640 0.717435
16896 0.71797
17152 0.718481
17408 0.719478
17664 0.719968
17920 0.720394
18176 0.722744
18432 0.724726
18688 0.725129
18944 0.725433
19200 0.726673
19456 0.726954
19712 0.727048
