0 0.511402
256 0.519128
512 0.524756
768 0.530376
1024 0.535639
1280 0.540789
1536 0.545685
1792 0.550579
2048 0.5545
2304 0.55807
2560 0.561618
2816 0.565006
3072 0.5683
3328 0.571558
3584 0.57467
3840 0.57788
4096 0.580959
4352 0.583984
4608 0.586854
4864 0.589413
5120 0.59197
5376 0.594486
5632 0.597937
5888 0.600399
6144 0.602934
6400 0.605375
6656 0.607618
6912 0.609665
7168 0.61195
7424 0.613914
7680 0.615743
7936 0.618185
8192 0.620003
8448 0.621805
8704 0.623554
8960 0.625299
9216 0.627006
9472 0.628676
9728 0.630325
9984 0.632961
10240 0.634879
10496 0.636497
10752 0.638069
11008 0.639596
11264 0.641085
11520 0.642556
11776 0.645446
12032 0.64691
12288 0.64826
12544 0.649648
12800 0.652612
13056 0.65393
13312 0.655197
13568 0.656362
13824 0.657983
14080 0.658951
14336 0.660166
14592 0.664036
14848 0.665075
15104 0.666011
15360 0.666907
15616 0.667768
15872 0.668617
16128 0.669403
16384 0.670089
16640 0.670759
16896 0.672448
17152 0.673108
17408 0.673702
17664 0.674201
17920 0.675746
18176 0.678879
18432 0.680488
18688 0.680983
18944 0.681449
19200 0.684626
19456 0.685741
19712 0.686183
19968 0.687597
20224 0.68943
20480 0.691635
20736 0.692068
20992 0.692498
21248 0.692919
21504 0.693274
21760 0.693617
22016 0.694831
22272 0.695159
22528 0.695476
22784 0.695702
23040 0.696893
23296 0.699274
23552 0.699413
23808 0.699529
24064 0.69959
24320 0.699601
24576 0.699962
24832 0.701416
25088 0.701419
