0 0.493974
256 0.502031
512 0.509251
768 0.515883
1024 0.522474
1280 0.528493
1536 0.534371
1792 0.539227
2048 0.543725
2304 0.548108
2560 0.552479
2816 0.556808
3072 0.560953
3328 0.565082
3584 0.569132
3840 0.573124
4096 0.5769
4352 0.581003
4608 0.584542
4864 0.588053
5120 0.59156
5376 0.595734
5632 0.599183
5888 0.602593
6144 0.605855
6400 0.609012
6656 0.612127
6912 0.61542
7168 0.61834
7424 0.62122
7680 0.624012
7936 0.626768
8192 0.629498
8448 0.632229
8704 0.635696
8960 0.638281
9216 0.640951
9472 0.643408
9728 0.645666
9984 0.647869
10240 0.650023
10496 0.652157
10752 0.654283
11008 0.65629
11264 0.658232
11520 0.660155
11776 0.662073
12032 0.66397
12288 0.665781
12544 0.667843
12800 0.66963
13056 0.671336
13312 0.673041
13568 0.674711
13824 0.677322
14080 0.678925
14336 0.681867
14592 0.683413
14848 0.684814
15104 0.686184
15360 0.687425
15616 0.688624
15872 0.690279
16128 0.692797
16384 0.693948
16640 0.695088
16896 0.698463
17152 0.699477
17408 0.700475
17664 0.701456
17920 0.702088
18176 0.702655
18432 0.703158
18688 0.703624
18944 0.704323
19200 0.707426
19456 0.708704
19712 0.709123
19968 0.709527
20224 0.709904
20480 0.710289
20736 0.71062
20992 0.710947
21248 0.71127
21504 0.711542
21760 0.711802
22016 0.711868
22272 0.711897
22528 0.712034
22784 0.713964
23040 0.713976
