0 0.483909
256 0.492705
512 0.500686
768 0.507634
1024 0.514217
1280 0.520665
1536 0.527102
1792 0.53344
2048 0.541564
2304 0.547689
2560 0.553701
2816 0.559697
3072 0.565624
3328 0.570964
3584 0.57574
3840 0.580183
4096 0.584562
4352 0.588796
4608 0.592944
4864 0.597046
5120 0.600868
5376 0.604591
5632 0.608248
5888 0.611802
6144 0.61533
6400 0.618409
6656 0.621252
6912 0.623981
7168 0.62665
7424 0.629214
7680 0.632799
7936 0.635309
8192 0.638043
8448 0.640549
8704 0.643042
8960 0.645293
9216 0.647468
9472 0.649622
9728 0.651769
9984 0.653887
10240 0.655965
10496 0.658008
10752 0.659997
11008 0.661915
11264 0.663807
11520 0.665692
11776 0.667454
12032 0.669207
12288 0.670884
12544 0.672542
12800 0.677308
13056 0.678941
13312 0.681841
13568 0.683455
13824 0.685735
14080 0.687354
14336 0.688958
14592 0.690545
14848 0.692041
15104 0.693472
15360 0.694859
15616 0.69624
15872 0.69752
16128 0.698783
16384 0.699989
16640 0.70094
16896 0.701869
17152 0.702746
17408 0.703547
17664 0.704094
17920 0.705182
18176 0.705725
18432 0.706238
18688 0.706728
18944 0.70717
19200 0.708392
19456 0.708799
19712 0.709194
19968 0.709484
20224 0.709765
20480 0.709846
20736 0.710514
20992 0.710525
21248 0.710885
21504 0.71234
