0 0.487072
256 0.49557
512 0.502812
768 0.509403
1024 0.515731
1280 0.52183
1536 0.527526
1792 0.532735
2048 0.537938
2304 0.542909
2560 0.547715
2816 0.552467
3072 0.557206
3328 0.56176
3584 0.56625
3840 0.57074
4096 0.574874
4352 0.578997
4608 0.583013
4864 0.58679
5120 0.590563
5376 0.594271
5632 0.59795
5888 0.601615
6144 0.605121
6400 0.608612
6656 0.612071
6912 0.617416
7168 0.620421
7424 0.6234
7680 0.626153
7936 0.628773
8192 0.631383
8448 0.633843
8704 0.636242
8960 0.640535
9216 0.64271
9472 0.644883
9728 0.647047
9984 0.649002
10240 0.650887
10496 0.652743
10752 0.654571
11008 0.656385
11264 0.658196
11520 0.659993
11776 0.661736
12032 0.663454
12288 0.666769
12544 0.668463
12800 0.669998
13056 0.6731
13312 0.674549
13568 0.67712
13824 0.678551
14080 0.679967
14336 0.681296
14592 0.682535
14848 0.683731
15104 0.684877
15360 0.686588
15616 0.687724
15872 0.688841
16128 0.689874
16384 0.690913
16640 0.691928
16896 0.694359
17152 0.69535
17408 0.696258
17664 0.69714
17920 0.697965
18176 0.699137
18432 0.699941
18688 0.700743
18944 0.701285
19200 0.701726
19456 0.702156
19712 0.702529
19968 0.70275
20224 0.702936
20480 0.703102
20736 0.70324
20992 0.703771
21248 0.703842
21504 0.704485
21760 0.704974
22016 0.706089
22272 0.706158
22528 0.706212
