0 0.480857
256 0.488587
512 0.495817
768 0.502841
1024 0.509721
1280 0.516402
1536 0.522133
1792 0.527616
2048 0.532655
2304 0.538408
2560 0.543299
2816 0.547998
3072 0.552323
3328 0.556541
3584 0.560591
3840 0.564406
4096 0.568133
4352 0.571843
4608 0.575504
4864 0.579095
5120 0.582553
5376 0.58592
5632 0.589245
5888 0.592339
6144 0.595314
6400 0.598141
6656 0.600817
6912 0.603451
7168 0.606081
7424 0.608704
7680 0.612602
7936 0.615186
8192 0.617754
8448 0.620806
8704 0.625342
8960 0.628152
9216 0.630731
9472 0.633182
9728 0.635612
9984 0.638024
10240 0.640817
10496 0.643196
10752 0.645404
11008 0.647571
11264 0.649698
11520 0.65182
11776 0.654639
12032 0.656674
12288 0.658638
12544 0.66048
12800 0.662296
13056 0.66399
13312 0.665646
13568 0.667215
13824 0.668839
14080 0.673685
14336 0.675188
14592 0.676607
14848 0.677992
15104 0.679363
15360 0.680678
15616 0.681988
15872 0.683237
16128 0.684475
16384 0.685824
16640 0.68703
16896 0.688438
17152 0.689529
17408 0.690478
17664 0.691278
17920 0.692074
18176 0.693804
18432 0.694584
18688 0.695301
18944 0.695938
19200 0.697593
19456 0.698624
19712 0.699256
19968 0.69983
20224 0.701552
20480 0.704172
20736 0.704702
20992 0.706629
21248 0.708933
21504 0.709423
21760 0.70983
22016 0.710234
22272 0.710609
22528 0.710884
22784 0.711135
23040 0.71313
23296 0.715129
23552 0.715909
23808 0.716096
24064 0.716234
24320 0.716319
24576 0.7164
24832 0.716466
