0 0.477521
256 0.487703
512 0.496731
768 0.505325
1024 0.51331
1280 0.520305
1536 0.526493
1792 0.531799
2048 0.536782
2304 0.54168
2560 0.546006
2816 0.550258
3072 0.554506
3328 0.558405
3584 0.562063
3840 0.565656
4096 0.56921
4352 0.572738
4608 0.576201
4864 0.579644
5120 0.583078
5376 0.586504
5632 0.589809
5888 0.593086
6144 0.596327
6400 0.599433
6656 0.602442
6912 0.605375
7168 0.609234
7424 0.612555
7680 0.615363
7936 0.618331
8192 0.621135
8448 0.62473
8704 0.627526
8960 0.630265
9216 0.632831
9472 0.635249
9728 0.63763
9984 0.639983
10240 0.642329
10496 0.644955
10752 0.647247
11008 0.650246
11264 0.652509
11520 0.654756
11776 0.657035
12032 0.659243
12288 0.661401
12544 0.663527
12800 0.66558
13056 0.668531
13312 0.670276
13568 0.671909
13824 0.673522
14080 0.675102
14336 0.677286
14592 0.678865
14848 0.680661
15104 0.682329
15360 0.683873
15616 0.685339
15872 0.686755
16128 0.688062
16384 0.689302
16640 0.690449
16896 0.691585
17152 0.692633
17408 0.696252
17664 0.697299
17920 0.699201
18176 0.700172
18432 0.70108
18688 0.702908
18944 0.70379
19200 0.704633
19456 0.705454
19712 0.706234
19968 0.706964
20224 0.707668
20480 0.70873
20736 0.709367
20992 0.710289
21248 0.710758
21504 0.711181
21760 0.712454
22016 0.714106
22272 0.714498
22528 0.714887
22784 0.71526
23040 0.715528
23296 0.719598
23552 0.72055
23808 0.720732
24064 0.720852
24320 0.721659
24576 0.721942
24832 0.723205
25088 0.723324
25344 0.723441
25600 0.72354
25856 0.723607
26112 0.723609
