0 0.496333
256 0.506394
512 0.514519
768 0.521942
1024 0.528607
1280 0.535097
1536 0.540635
1792 0.545479
2048 0.550054
2304 0.553883
2560 0.557675
2816 0.562494
3072 0.566256
3328 0.569999
3584 0.574765
3840 0.578506
4096 0.582231
4352 0.585934
4608 0.589632
4864 0.593256
5120 0.596874
5376 0.600393
5632 0.603647
5888 0.606859
6144 0.609816
6400 0.61354
6656 0.616382
6912 0.6192
7168 0.621981
7424 0.624729
7680 0.62812
7936 0.630761
8192 0.633254
8448 0.635727
8704 0.637897
8960 0.640061
9216 0.641963
9472 0.643857
9728 0.646051
9984 0.647755
10240 0.649368
10496 0.650951
10752 0.652522
11008 0.654064
11264 0.655591
11520 0.657109
11776 0.658582
12032 0.659944
12288 0.661184
12544 0.663797
12800 0.665017
13056 0.666154
13312 0.667268
13568 0.668381
13824 0.670434
14080 0.671521
14336 0.672596
14592 0.673645
14848 0.67585
15104 0.676859
15360 0.677883
15616 0.679459
15872 0.680421
16128 0.681343
16384 0.682227
16640 0.683535
16896 0.684396
17152 0.6851
17408 0.685835
17664 0.686526
17920 0.687209
18176 0.68787
18432 0.688497
18688 0.690116
18944 0.690707
19200 0.691278
19456 0.691836
19712 0.692286
19968 0.692693
20224 0.693078
20480 0.693441
20736 0.693767
20992 0.694048
21248 0.694244
21504 0.697853
21760 0.698868
22016 0.70059
22272 0.700967
22528 0.702712
22784 0.702899
23040 0.703067
23296 0.703227
23552 0.703365
23808 0.70337
