0 0.489506
256 0.497914
512 0.505552
768 0.513049
1024 0.519836
1280 0.526373
1536 0.532264
1792 0.538129
2048 0.543972
2304 0.549044
2560 0.554042
2816 0.558817
3072 0.563467
3328 0.568856
3584 0.573245
3840 0.57735
4096 0.581401
4352 0.585344
4608 0.58923
4864 0.593043
5120 0.596509
5376 0.599819
5632 0.603116
5888 0.606312
6144 0.609426
6400 0.612964
6656 0.616031
6912 0.61904
7168 0.621987
7424 0.624859
7680 0.62749
7936 0.631124
8192 0.633735
8448 0.636339
8704 0.638929
8960 0.641308
9216 0.644062
9472 0.649726
9728 0.652079
9984 0.654407
10240 0.658416
10496 0.660549
10752 0.662651
11008 0.664719
11264 0.666686
11520 0.668646
11776 0.671367
12032 0.673269
12288 0.675086
12544 0.676753
12800 0.678408
13056 0.679874
13312 0.681329
13568 0.682746
13824 0.684117
14080 0.685443
14336 0.686721
14592 0.68792
14848 0.689033
15104 0.690124
15360 0.691207
15616 0.692126
15872 0.693024
16128 0.693997
16384 0.694879
16640 0.695761
16896 0.696379
17152 0.696994
17408 0.698951
17664 0.699495
17920 0.700012
18176 0.703098
18432 0.703591
18688 0.70406
18944 0.704464
19200 0.704855
19456 0.705228
19712 0.705547
19968 0.705641
20224 0.705707
20480 0.70573
