0 0.480783
256 0.489634
512 0.496387
768 0.503011
1024 0.509579
1280 0.515799
1536 0.521868
1792 0.52755
2048 0.532893
2304 0.538162
2560 0.543008
2816 0.547776
3072 0.552139
3328 0.556481
3584 0.560541
3840 0.564557
4096 0.568408
4352 0.572195
4608 0.575722
4864 0.579241
5120 0.582653
5376 0.586043
5632 0.589235
5888 0.592341
6144 0.595373
6400 0.59954
6656 0.6028
6912 0.605793
7168 0.610316
7424 0.613122
7680 0.615923
7936 0.618572
8192 0.621187
8448 0.623777
8704 0.626269
8960 0.628548
9216 0.630751
9472 0.632908
9728 0.63505
9984 0.637157
10240 0.6392
10496 0.641136
10752 0.643027
11008 0.644912
11264 0.646735
11520 0.64853
11776 0.6502
12032 0.6518
12288 0.653316
12544 0.656285
12800 0.657796
13056 0.660349
13312 0.66206
13568 0.663515
13824 0.664865
14080 0.666143
14336 0.667348
14592 0.668539
14848 0.671011
15104 0.672169
15360 0.674425
15616 0.676342
15872 0.677813
16128 0.678963
16384 0.680099
16640 0.681217
16896 0.684734
17152 0.686903
17408 0.688091
17664 0.689193
17920 0.690284
18176 0.691307
18432 0.692323
18688 0.693475
18944 0.694463
19200 0.695449
19456 0.696243
19712 0.69697
19968 0.697689
20224 0.699947
20480 0.700568
20736 0.701144
20992 0.701719
21248 0.702214
21504 0.702617
21760 0.70296
22016 0.704174
22272 0.704446
22528 0.704639
22784 0.704805
23040 0.704944
23296 0.705048
23552 0.705115
23808 0.705144
24064 0.70528
24320 0.707211
24576 0.707214
