0 0.494131
256 0.501693
512 0.508529
768 0.514971
1024 0.521299
1280 0.527584
1536 0.533883
1792 0.539851
2048 0.544978
2304 0.550478
2560 0.555527
2816 0.560262
3072 0.564378
3328 0.568448
3584 0.572471
3840 0.576479
4096 0.581214
4352 0.585154
4608 0.588966
4864 0.592723
5120 0.596423
5376 0.599798
5632 0.603159
5888 0.606319
6144 0.609312
6400 0.613217
6656 0.616058
6912 0.618789
7168 0.621517
7424 0.624145
7680 0.626676
7936 0.629194
8192 0.63169
8448 0.634089
8704 0.636415
8960 0.638623
9216 0.640801
9472 0.644394
9728 0.646507
9984 0.648508
10240 0.650483
10496 0.652401
10752 0.654267
11008 0.656116
11264 0.657786
11520 0.659387
11776 0.660988
12032 0.662548
12288 0.664006
12544 0.665356
12800 0.666745
13056 0.669989
13312 0.671325
13568 0.67262
13824 0.67396
14080 0.675145
14336 0.676556
14592 0.677834
14848 0.678992
15104 0.680138
15360 0.681229
15616 0.682247
15872 0.683197
16128 0.684079
16384 0.684836
16640 0.685581
16896 0.686231
17152 0.686673
17408 0.687894
17664 0.688526
17920 0.688955
18176 0.689449
18432 0.689807
18688 0.690124
18944 0.690359
19200 0.693693
19456 0.693905
19712 0.694069
19968 0.694222
20224 0.69503
20480 0.695839
20736 0.696255
20992 0.696308
21248 0.696341
21504 0.696889
21760 0.697403
22016 0.697868
22272 0.699485
22528 0.699787
22784 0.700068
23040 0.700997
23296 0.702773
23552 0.703811
23808 0.704636
24064 0.704648
