0 0.490755
256 0.498091
512 0.505357
768 0.51156
1024 0.517329
1280 0.522803
1536 0.527333
1792 0.53198
2048 0.536292
2304 0.540585
2560 0.544872
2816 0.548956
3072 0.552815
3328 0.556656
3584 0.560317
3840 0.563802
4096 0.567178
4352 0.570433
4608 0.573438
4864 0.576404
5120 0.579349
5376 0.58227
5632 0.585174
5888 0.588061
6144 0.590752
6400 0.593374
6656 0.59596
6912 0.598526
7168 0.601025
7424 0.605033
7680 0.607527
7936 0.609968
8192 0.612409
8448 0.614928
8704 0.617295
8960 0.619814
9216 0.62214
9472 0.624421
9728 0.626631
9984 0.628785
10240 0.630902
10496 0.632951
10752 0.634939
11008 0.636899
11264 0.639483
11520 0.643433
11776 0.645325
12032 0.647152
12288 0.648901
12544 0.650445
12800 0.651964
13056 0.653379
13312 0.654762
13568 0.656824
13824 0.658173
14080 0.659516
14336 0.661722
14592 0.663923
14848 0.664946
15104 0.665894
15360 0.666829
15616 0.668908
15872 0.670695
16128 0.673322
16384 0.675127
16640 0.676008
16896 0.67683
17152 0.677648
17408 0.678459
17664 0.67922
17920 0.680198
18176 0.684207
18432 0.684856
18688 0.685484
18944 0.687102
19200 0.68772
19456 0.688332
19712 0.689905
19968 0.691165
20224 0.691679
20480 0.694152
20736 0.694658
20992 0.695127
21248 0.695593
21504 0.696014
21760 0.696405
22016 0.696793
22272 0.699398
22528 0.700177
22784 0.700558
23040 0.700935
23296 0.701638
23552 0.703988
23808 0.704903
24064 0.705276
24320 0.70563
24576 0.705935
24832 0.707174
25088 0.707457
25344 0.70872
25600 0.708942
25856 0.709124
26112 0.709301
26368 0.709439
26624 0.709523
26880 0.712656
27136 0.714266
27392 0.714583
27648 0.714644
