0 0.495571
256 0.503295
512 0.510957
768 0.518246
1024 0.523808
1280 0.529068
1536 0.534068
1792 0.539754
2048 0.544718
2304 0.549636
2560 0.555423
2816 0.560092
3072 0.564544
3328 0.568984
3584 0.573411
3840 0.577717
4096 0.581497
4352 0.585091
4608 0.588634
4864 0.592069
5120 0.59525
5376 0.598329
5632 0.601305
5888 0.604253
6144 0.607189
6400 0.610068
6656 0.612915
6912 0.615654
7168 0.621353
7424 0.623973
7680 0.626555
7936 0.630342
8192 0.632899
8448 0.635318
8704 0.637732
8960 0.640062
9216 0.642376
9472 0.646353
9728 0.64864
9984 0.650652
10240 0.652539
10496 0.654388
10752 0.656168
11008 0.657864
11264 0.659468
11520 0.660964
11776 0.662419
12032 0.663842
12288 0.665393
12544 0.666806
12800 0.669268
13056 0.670628
13312 0.671971
13568 0.673747
13824 0.675054
14080 0.676358
14336 0.677731
14592 0.678969
14848 0.680183
15104 0.681388
15360 0.683954
15616 0.685068
15872 0.686159
16128 0.687247
16384 0.688322
16640 0.689361
16896 0.690363
17152 0.691811
17408 0.694029
17664 0.695019
17920 0.69597
18176 0.696852
18432 0.697728
18688 0.698586
18944 0.69938
19200 0.700361
19456 0.701124
19712 0.702325
19968 0.702992
20224 0.703833
20480 0.704485
20736 0.705048
20992 0.705566
21248 0.706815
21504 0.707256
21760 0.707659
22016 0.708062
22272 0.710029
22528 0.710384
22784 0.710732
23040 0.711722
23296 0.712002
23552 0.712206
23808 0.713035
24064 0.713189
24320 0.714919
24576 0.715059
24832 0.717296
25088 0.718672
25344 0.720225
25600 0.721733
25856 0.722377
26112 0.723797
26368 0.724248
26624 0.724694
26880 0.72482
27136 0.724889
27392 0.724923
27648 0.724926
