0 0.471241
256 0.479501
512 0.487261
768 0.494781
1024 0.500558
1280 0.505948
1536 0.510924
1792 0.515862
2048 0.520787
2304 0.525616
2560 0.531075
2816 0.535827
3072 0.540472
3328 0.544973
3584 0.549303
3840 0.553473
4096 0.55755
4352 0.56153
4608 0.565401
4864 0.569188
5120 0.572946
5376 0.576739
5632 0.580362
5888 0.583946
6144 0.587465
6400 0.590934
6656 0.598279
6912 0.60162
7168 0.604881
7424 0.608126
7680 0.611343
7936 0.614457
8192 0.617546
8448 0.621646
8704 0.624526
8960 0.627294
9216 0.629898
9472 0.632331
9728 0.634703
9984 0.637062
10240 0.639184
10496 0.641303
10752 0.64339
11008 0.645476
11264 0.647491
11520 0.649451
11776 0.651353
12032 0.653058
12288 0.654635
12544 0.656206
12800 0.657747
13056 0.659338
13312 0.660754
13568 0.662125
13824 0.663477
14080 0.664755
14336 0.666033
14592 0.667191
14848 0.668293
15104 0.669332
15360 0.670349
15616 0.67129
15872 0.672179
16128 0.672991
16384 0.67408
16640 0.674859
16896 0.675635
17152 0.676328
17408 0.677003
17664 0.677647
17920 0.678252
18176 0.679829
18432 0.680405
18688 0.68096
18944 0.682559
19200 0.68499
19456 0.685833
19712 0.686335
19968 0.686804
20224 0.689742
20480 0.690207
20736 0.690641
20992 0.691033
21248 0.693343
21504 0.693734
21760 0.694123
22016 0.694448
22272 0.694764
22528 0.69672
22784 0.697003
23040 0.699561
23296 0.699808
23552 0.699997
23808 0.700161
24064 0.700214
