0 0.484499
256 0.492365
512 0.500081
768 0.507313
1024 0.513843
1280 0.520171
1536 0.525795
1792 0.531374
2048 0.536813
2304 0.541836
2560 0.546584
2816 0.551079
3072 0.555477
3328 0.559742
3584 0.56391
3840 0.568041
4096 0.57212
4352 0.577012
4608 0.581155
4864 0.585207
5120 0.589135
5376 0.592947
5632 0.596716
5888 0.601106
6144 0.604805
6400 0.608627
6656 0.61226
6912 0.615686
7168 0.618523
7424 0.621189
7680 0.623854
7936 0.626503
8192 0.629124
8448 0.631618
8704 0.634337
8960 0.63683
9216 0.639278
9472 0.641677
9728 0.644058
9984 0.646343
10240 0.648623
10496 0.650721
10752 0.65269
11008 0.654652
11264 0.65655
11520 0.658441
11776 0.660248
12032 0.663507
12288 0.665169
12544 0.666823
12800 0.668495
13056 0.670108
13312 0.671714
13568 0.673746
13824 0.675317
14080 0.676835
14336 0.678156
14592 0.679476
14848 0.68069
15104 0.681736
15360 0.683639
15616 0.684653
15872 0.686439
16128 0.68741
16384 0.688331
16640 0.689028
16896 0.690198
17152 0.69085
17408 0.691467
17664 0.693048
17920 0.695481
18176 0.695971
18432 0.696456
18688 0.698007
18944 0.698448
19200 0.698882
19456 0.699259
19712 0.699597
19968 0.699931
20224 0.701339
20480 0.701637
20736 0.702676
20992 0.702941
21248 0.703133
21504 0.703287
21760 0.703425
22016 0.703561
22272 0.703689
22528 0.704478
22784 0.704483
23040 0.707101
23296 0.707104
