0 0.500124
256 0.509237
512 0.516551
768 0.522286
1024 0.527682
1280 0.532996
1536 0.537888
1792 0.542672
2048 0.547252
2304 0.551456
2560 0.555636
2816 0.55972
3072 0.564009
3328 0.56787
3584 0.57164
3840 0.575316
4096 0.578927
4352 0.582511
4608 0.586065
4864 0.589548
5120 0.593024
5376 0.596474
5632 0.599879
5888 0.603137
6144 0.606309
6400 0.609348
6656 0.612126
6912 0.614864
7168 0.6189
7424 0.621483
7680 0.624053
7936 0.626442
8192 0.630211
8448 0.632423
8704 0.634856
8960 0.637057
9216 0.639241
9472 0.641424
9728 0.644402
9984 0.646575
10240 0.648702
10496 0.650662
10752 0.652585
11008 0.654387
11264 0.656057
11520 0.658668
11776 0.660324
12032 0.662951
12288 0.664522
12544 0.666091
12800 0.667544
13056 0.668963
13312 0.670336
13568 0.673025
13824 0.674219
14080 0.675702
14336 0.67791
14592 0.679006
14848 0.680108
15104 0.681191
15360 0.682224
15616 0.683247
15872 0.684129
16128 0.685003
16384 0.687732
16640 0.690746
16896 0.691457
17152 0.692148
17408 0.692805
17664 0.693426
17920 0.693996
18176 0.694541
18432 0.695347
18688 0.695865
18944 0.698514
19200 0.699009
19456 0.699497
19712 0.70034
19968 0.70114
20224 0.701561
20480 0.701964
20736 0.702355
20992 0.702576
21248 0.704781
21504 0.705465
21760 0.705615
22016 0.707321
22272 0.707459
22528 0.707568
22784 0.709086
23040 0.709152
