0 0.469695
256 0.478391
512 0.486889
768 0.49406
1024 0.501012
1280 0.50744
1536 0.512045
1792 0.516493
2048 0.520917
2304 0.5253
2560 0.529478
2816 0.533555
3072 0.537591
3328 0.541617
3584 0.545527
3840 0.549288
4096 0.553028
4352 0.556752
4608 0.56038
4864 0.563985
5120 0.567581
5376 0.571111
5632 0.574779
5888 0.578198
6144 0.581558
6400 0.58486
6656 0.58812
6912 0.591378
7168 0.594619
7424 0.597801
7680 0.600738
7936 0.603406
8192 0.606038
8448 0.608653
8704 0.611054
8960 0.613339
9216 0.615489
9472 0.617568
9728 0.619639
9984 0.621616
10240 0.623669
10496 0.625587
10752 0.627484
11008 0.62933
11264 0.631172
11520 0.633495
11776 0.635201
12032 0.637575
12288 0.639281
12544 0.640975
12800 0.642613
13056 0.64517
13312 0.646779
13568 0.648307
13824 0.649798
14080 0.652916
14336 0.654371
14592 0.655815
14848 0.657203
15104 0.658634
15360 0.661778
15616 0.664694
15872 0.666065
16128 0.667417
16384 0.668661
16640 0.674265
16896 0.67538
17152 0.676471
17408 0.677464
17664 0.678443
17920 0.67938
18176 0.685364
18432 0.686831
18688 0.687814
18944 0.688702
19200 0.689554
19456 0.69134
19712 0.692142
19968 0.692705
20224 0.693818
20480 0.694501
20736 0.695047
20992 0.695565
21248 0.698214
21504 0.698683
21760 0.699144
22016 0.699578
22272 0.700007
22528 0.701327
22784 0.701734
23040 0.702125
23296 0.702422
23552 0.702801
23808 0.703042
24064 0.703713
24320 0.7039
24576 0.704038
24832 0.704146
25088 0.70425
25344 0.705107
