0 0.462307
256 0.470039
512 0.477547
768 0.484417
1024 0.491031
1280 0.497461
1536 0.503768
1792 0.509461
2048 0.51504
2304 0.520006
2560 0.524922
2816 0.529711
3072 0.534312
3328 0.538411
3584 0.543717
3840 0.550762
4096 0.55516
4352 0.559244
4608 0.563539
4864 0.567513
5120 0.571283
5376 0.574947
5632 0.578475
5888 0.58179
6144 0.585068
6400 0.588842
6656 0.592112
6912 0.595296
7168 0.59848
7424 0.601813
7680 0.605672
7936 0.608686
8192 0.611695
8448 0.614677
8704 0.617652
8960 0.620602
9216 0.623496
9472 0.628359
9728 0.631222
9984 0.634039
10240 0.636838
10496 0.639311
10752 0.641783
11008 0.64419
11264 0.646443
11520 0.648597
11776 0.65073
12032 0.652822
12288 0.654909
12544 0.656876
12800 0.658773
13056 0.660654
13312 0.662393
13568 0.667849
13824 0.669543
14080 0.671211
14336 0.672655
14592 0.674073
14848 0.67546
15104 0.676763
15360 0.678006
15616 0.680509
15872 0.682243
16128 0.684416
16384 0.685505
16640 0.686568
16896 0.687429
17152 0.688258
17408 0.690953
17664 0.694653
17920 0.695433
18176 0.696624
18432 0.697351
18688 0.697973
18944 0.698578
19200 0.701278
19456 0.701775
19712 0.702266
19968 0.702735
20224 0.705672
20480 0.706132
20736 0.706723
20992 0.707114
21248 0.70728
21504 0.707397
21760 0.707499
22016 0.707529
22272 0.707537
22528 0.707543
22784 0.707546
