0 0.487045
256 0.497424
512 0.504182
768 0.510814
1024 0.516252
1280 0.520905
1536 0.52552
1792 0.530125
2048 0.534524
2304 0.540188
2560 0.544506
2816 0.550286
3072 0.554315
3328 0.558
3584 0.56161
3840 0.565194
4096 0.568742
4352 0.572261
4608 0.575674
4864 0.579036
5120 0.582343
5376 0.585681
5632 0.588975
5888 0.592129
6144 0.594946
6400 0.597741
6656 0.60098
6912 0.603818
7168 0.607231
7424 0.612188
7680 0.615678
7936 0.618889
8192 0.621718
8448 0.626144
8704 0.628867
8960 0.631571
9216 0.634179
9472 0.637284
9728 0.639616
9984 0.641939
10240 0.645837
10496 0.648136
10752 0.650363
11008 0.652465
11264 0.655992
11520 0.658491
11776 0.660196
12032 0.662185
12288 0.663879
12544 0.665556
12800 0.667083
13056 0.668579
13312 0.670027
13568 0.671461
13824 0.672848
14080 0.674168
14336 0.675463
14592 0.676706
14848 0.679092
15104 0.683107
15360 0.684338
15616 0.686049
15872 0.687248
16128 0.689544
16384 0.690684
16640 0.69406
16896 0.695194
17152 0.696285
17408 0.697257
17664 0.698177
17920 0.7
18176 0.700916
18432 0.701824
18688 0.702692
18944 0.703556
19200 0.705088
19456 0.705909
19712 0.706438
19968 0.706963
20224 0.707434
20480 0.707809
20736 0.708121
20992 0.708419
21248 0.709458
21504 0.709739
21760 0.70998
22016 0.710755
22272 0.710866
22528 0.710927
22784 0.713064
23040 0.713098
23296 0.713127
23552 0.714792
23808 0.716722
