0 0.521069
256 0.5286
512 0.535444
768 0.542221
1024 0.548586
1280 0.554293
1536 0.559975
1792 0.565518
2048 0.569902
2304 0.574261
2560 0.578434
2816 0.581982
3072 0.585473
3328 0.588933
3584 0.593258
3840 0.596693
4096 0.600066
4352 0.603417
4608 0.606629
4864 0.609734
5120 0.612774
5376 0.615757
5632 0.618736
5888 0.621677
6144 0.624487
6400 0.627297
6656 0.629965
6912 0.632516
7168 0.634609
7424 0.636671
7680 0.638714
7936 0.640701
8192 0.642676
8448 0.644627
8704 0.647598
8960 0.64951
9216 0.652412
9472 0.65431
9728 0.656155
9984 0.657869
10240 0.659575
10496 0.661247
10752 0.665566
11008 0.667236
11264 0.669847
11520 0.671448
11776 0.673039
12032 0.674614
12288 0.676131
12544 0.677756
12800 0.679266
13056 0.680698
13312 0.682105
13568 0.683425
13824 0.684713
14080 0.686424
14336 0.687686
14592 0.688883
14848 0.690299
15104 0.692021
15360 0.693212
15616 0.695593
15872 0.696725
16128 0.697851
16384 0.698919
16640 0.699977
16896 0.701182
17152 0.702003
17408 0.702755
17664 0.705618
17920 0.706309
18176 0.708154
18432 0.708822
18688 0.709369
18944 0.711088
19200 0.712542
19456 0.713073
19712 0.715492
19968 0.718073
20224 0.719266
20480 0.720305
20736 0.7208
20992 0.721238
21248 0.721659
21504 0.722063
21760 0.72245
22016 0.723881
22272 0.724235
22528 0.724576
22784 0.724909
23040 0.725181
23296 0.725404
23552 0.725597
23808 0.725751
24064 0.725886
24320 0.727204
24576 0.727273
24832 0.727276
