0 0.520528
256 0.527582
512 0.533834
768 0.539943
1024 0.546009
1280 0.550794
1536 0.555223
1792 0.559318
2048 0.563342
2304 0.567315
2560 0.571175
2816 0.574786
3072 0.578307
3328 0.581826
3584 0.585335
3840 0.588668
4096 0.591927
4352 0.595185
4608 0.598341
4864 0.601091
5120 0.603822
5376 0.607026
5632 0.609703
5888 0.613444
6144 0.616057
6400 0.618652
6656 0.621225
6912 0.623521
7168 0.625741
7424 0.627907
7680 0.629957
7936 0.631868
8192 0.633756
8448 0.635828
8704 0.637644
8960 0.639449
9216 0.64117
9472 0.642885
9728 0.644579
9984 0.646267
10240 0.648147
10496 0.650868
10752 0.652749
11008 0.65442
11264 0.657031
11520 0.658631
11776 0.660127
12032 0.661405
12288 0.662618
12544 0.663751
12800 0.667352
13056 0.668458
13312 0.669557
13568 0.670648
13824 0.671731
14080 0.672709
14336 0.673612
14592 0.674494
14848 0.675347
15104 0.676635
15360 0.677415
15616 0.678194
15872 0.67897
16128 0.679666
16384 0.681835
16640 0.682485
16896 0.683112
17152 0.683734
17408 0.684311
17664 0.684856
17920 0.685353
18176 0.685734
18432 0.686088
18688 0.686419
18944 0.686736
19200 0.687034
19456 0.68817
19712 0.688741
19968 0.689497
20224 0.689759
20480 0.690001
20736 0.690205
20992 0.690935
21248 0.691117
21504 0.691283
21760 0.691422
22016 0.691517
22272 0.693255
22528 0.693341
22784 0.694959
23040 0.695753
23296 0.696173
23552 0.697259
23808 0.698981
24064 0.699055
24320 0.700111
24576 0.702904
24832 0.704938
25088 0.706106
25344 0.706118
