0 0.494092
256 0.502912
512 0.509974
768 0.516829
1024 0.522607
1280 0.528446
1536 0.534089
1792 0.539316
2048 0.544492
2304 0.549637
2560 0.554359
2816 0.558773
3072 0.5628
3328 0.566768
3584 0.57069
3840 0.57439
4096 0.578076
4352 0.581695
4608 0.585135
4864 0.58857
5120 0.591889
5376 0.596047
5632 0.600057
5888 0.603286
6144 0.606337
6400 0.609256
6656 0.612135
6912 0.614797
7168 0.617942
7424 0.620553
7680 0.623111
7936 0.62566
8192 0.628195
8448 0.630624
8704 0.632968
8960 0.635122
9216 0.63725
9472 0.63965
9728 0.641637
9984 0.643612
10240 0.645499
10496 0.647384
10752 0.649264
11008 0.651105
11264 0.652916
11520 0.654719
11776 0.656482
12032 0.658204
12288 0.660955
12544 0.662646
12800 0.664291
13056 0.666396
13312 0.668
13568 0.669555
13824 0.671101
14080 0.672617
14336 0.674275
14592 0.675746
14848 0.677178
15104 0.678485
15360 0.679748
15616 0.680962
15872 0.682168
16128 0.683338
16384 0.684478
16640 0.685591
16896 0.686696
17152 0.689647
17408 0.690724
17664 0.691727
17920 0.692689
18176 0.693565
18432 0.694386
18688 0.696558
18944 0.69736
19200 0.69814
19456 0.698905
19712 0.699609
19968 0.700671
20224 0.70128
20480 0.707851
20736 0.70832
20992 0.708697
21248 0.709071
21504 0.709336
21760 0.709397
22016 0.711534
22272 0.711587
