0 0.509429
256 0.516961
512 0.524382
768 0.530641
1024 0.536488
1280 0.541831
1536 0.546947
1792 0.551778
2048 0.556557
2304 0.56123
2560 0.565447
2816 0.569569
3072 0.573589
3328 0.57753
3584 0.583688
3840 0.5875
4096 0.591282
4352 0.595112
4608 0.598829
4864 0.602175
5120 0.605038
5376 0.607768
5632 0.610581
5888 0.613305
6144 0.615972
6400 0.618608
6656 0.62124
6912 0.623866
7168 0.62645
7424 0.629007
7680 0.631496
7936 0.633914
8192 0.636123
8448 0.638333
8704 0.640508
8960 0.643463
9216 0.645555
9472 0.647622
9728 0.649637
9984 0.651969
10240 0.653979
10496 0.655907
10752 0.658951
11008 0.66196
11264 0.66388
11520 0.665764
11776 0.667469
12032 0.669073
12288 0.670644
12544 0.672563
12800 0.675514
13056 0.67693
13312 0.678319
13568 0.681563
13824 0.682892
14080 0.684124
14336 0.687058
14592 0.688175
14848 0.68928
15104 0.690319
15360 0.691342
15616 0.692356
15872 0.693326
16128 0.694287
16384 0.695762
16640 0.69667
16896 0.697577
17152 0.69842
17408 0.69923
17664 0.699913
17920 0.700574
18176 0.701185
18432 0.701776
18688 0.702265
18944 0.702749
19200 0.705649
19456 0.706237
19712 0.707276
19968 0.707648
20224 0.708197
20480 0.70854
20736 0.709754
20992 0.710094
21248 0.710425
21504 0.712125
21760 0.712407
22016 0.713402
22272 0.713763
22528 0.715217
22784 0.715482
23040 0.715599
23296 0.715693
23552 0.716759
23808 0.716825
24064 0.716889
24320 0.716914
24576 0.716917
