0 0.496237
256 0.503988
512 0.511316
768 0.518576
1024 0.525013
1280 0.531215
1536 0.53722
1792 0.542677
2048 0.547191
2304 0.551674
2560 0.555848
2816 0.559943
3072 0.56389
3328 0.567705
3584 0.571518
3840 0.575059
4096 0.578578
4352 0.582093
4608 0.585427
4864 0.58876
5120 0.592061
5376 0.595355
5632 0.598583
5888 0.601773
6144 0.604958
6400 0.608658
6656 0.61175
6912 0.614685
7168 0.617616
7424 0.620348
7680 0.623886
7936 0.626617
8192 0.629266
8448 0.63185
8704 0.634427
8960 0.636962
9216 0.639481
9472 0.641914
9728 0.644233
9984 0.6463
10240 0.648268
10496 0.650232
10752 0.652038
11008 0.653708
11264 0.65537
11520 0.657011
11776 0.658623
12032 0.660214
12288 0.661866
12544 0.663362
12800 0.664825
13056 0.666547
13312 0.668004
13568 0.669397
13824 0.670638
14080 0.671743
14336 0.672819
14592 0.674953
14848 0.67602
15104 0.676999
15360 0.678205
15616 0.679178
15872 0.680129
16128 0.681037
16384 0.681849
16640 0.682582
16896 0.683313
17152 0.684553
17408 0.68528
17664 0.687243
17920 0.688032
18176 0.689253
18432 0.689914
18688 0.690546
18944 0.691148
19200 0.693653
19456 0.69406
19712 0.697238
19968 0.69745
20224 0.697637
20480 0.697815
20736 0.697876
20992 0.699455
21248 0.699504
21504 0.699812
21760 0.69986
22016 0.699864
