0 0.471524
256 0.479276
512 0.486933
768 0.494119
1024 0.500638
1280 0.506898
1536 0.512471
1792 0.51763
2048 0.522732
2304 0.527187
2560 0.531085
2816 0.53557
3072 0.53941
3328 0.543169
3584 0.546863
3840 0.550551
4096 0.554204
4352 0.55867
4608 0.562178
4864 0.565654
5120 0.569063
5376 0.572408
5632 0.575721
5888 0.579792
6144 0.583089
6400 0.586215
6656 0.589157
6912 0.592661
7168 0.598645
7424 0.601545
7680 0.604403
7936 0.607229
8192 0.61004
8448 0.612788
8704 0.615458
8960 0.618038
9216 0.620798
9472 0.623364
9728 0.62582
9984 0.628201
10240 0.630533
10496 0.632841
10752 0.634975
11008 0.637109
11264 0.639195
11520 0.642132
11776 0.645376
12032 0.647352
12288 0.649302
12544 0.65122
12800 0.653117
13056 0.654981
13312 0.656799
13568 0.658473
13824 0.66021
14080 0.662529
14336 0.664142
14592 0.665627
14848 0.667093
15104 0.669804
15360 0.671296
15616 0.672599
15872 0.673879
16128 0.675119
16384 0.676332
16640 0.6774
16896 0.678397
17152 0.679047
17408 0.679675
17664 0.680233
17920 0.680787
18176 0.681275
18432 0.681745
18688 0.682194
18944 0.682583
19200 0.682939
19456 0.683861
19712 0.686021
19968 0.688421
20224 0.689326
20480 0.689714
20736 0.690032
20992 0.690331
21248 0.690596
21504 0.690694
21760 0.69076
22016 0.690808
22272 0.690811
