0 0.494787
256 0.502358
512 0.509822
768 0.516281
1024 0.521732
1280 0.526955
1536 0.531991
1792 0.537016
2048 0.541796
2304 0.546494
2560 0.550978
2816 0.555101
3072 0.558999
3328 0.562886
3584 0.566604
3840 0.570281
4096 0.573826
4352 0.577364
4608 0.58089
4864 0.584222
5120 0.587409
5376 0.590581
5632 0.593542
5888 0.596493
6144 0.599337
6400 0.601942
6656 0.604464
6912 0.606816
7168 0.609051
7424 0.615118
7680 0.618729
7936 0.620941
8192 0.623971
8448 0.626155
8704 0.628323
8960 0.630489
9216 0.632646
9472 0.634782
9728 0.636916
9984 0.638866
10240 0.640802
10496 0.642727
10752 0.645237
11008 0.647655
11264 0.649553
11520 0.651406
11776 0.653169
12032 0.654858
12288 0.656528
12544 0.658183
12800 0.659809
13056 0.661357
13312 0.662901
13568 0.664434
13824 0.665878
14080 0.667303
14336 0.668719
14592 0.670069
14848 0.671376
15104 0.673628
15360 0.674931
15616 0.676028
15872 0.677071
16128 0.678033
16384 0.679282
16640 0.680204
16896 0.681118
17152 0.681988
17408 0.684743
17664 0.688368
17920 0.689717
18176 0.690496
18432 0.691232
18688 0.692954
18944 0.694842
19200 0.695559
19456 0.696047
19712 0.697768
19968 0.698184
20224 0.700147
20480 0.701386
20736 0.70179
20992 0.702181
21248 0.702467
21504 0.704792
21760 0.705055
22016 0.706052
22272 0.706276
22528 0.70637
22784 0.706455
23040 0.706525
23296 0.707659
23552 0.708916
23808 0.709474
24064 0.709538
24320 0.709596
24576 0.713389
24832 0.71434
25088 0.714343
