0 0.508745
256 0.516955
512 0.52364
768 0.528547
1024 0.533187
1280 0.537807
1536 0.542093
1792 0.546311
2048 0.550519
2304 0.554693
2560 0.558679
2816 0.562377
3072 0.566032
3328 0.569458
3584 0.572868
3840 0.576256
4096 0.579544
4352 0.582798
4608 0.586767
4864 0.589965
5120 0.593079
5376 0.596126
5632 0.599063
5888 0.601785
6144 0.604757
6400 0.607457
6656 0.610139
6912 0.612804
7168 0.61536
7424 0.617915
7680 0.622534
7936 0.625007
8192 0.628598
8448 0.63092
8704 0.633246
8960 0.63548
9216 0.637654
9472 0.640449
9728 0.642622
9984 0.644779
10240 0.646847
10496 0.648834
10752 0.650777
11008 0.652665
11264 0.654418
11520 0.65614
11776 0.65876
12032 0.660449
12288 0.66202
12544 0.663537
12800 0.665019
13056 0.667491
13312 0.668932
13568 0.670288
13824 0.673188
14080 0.674466
14336 0.675613
14592 0.676725
14848 0.677822
15104 0.678894
15360 0.679938
15616 0.680759
15872 0.681539
16128 0.682501
16384 0.683196
16640 0.683887
16896 0.684451
17152 0.685665
17408 0.686208
17664 0.686737
17920 0.687193
18176 0.688819
18432 0.689235
18688 0.69034
18944 0.691067
19200 0.692416
19456 0.692778
19712 0.693053
19968 0.693894
20224 0.694115
20480 0.694186
20736 0.694828
20992 0.694863
21248 0.694867
21504 0.695354
21760 0.696165
22016 0.696168
