0 0.49301
256 0.500784
512 0.508042
768 0.514856
1024 0.521307
1280 0.527668
1536 0.533929
1792 0.540023
2048 0.545693
2304 0.551192
2560 0.556687
2816 0.562045
3072 0.567324
3328 0.571394
3584 0.575382
3840 0.579244
4096 0.582944
4352 0.586515
4608 0.59007
4864 0.593432
5120 0.598472
5376 0.60178
5632 0.605068
5888 0.608164
6144 0.611256
6400 0.614337
6656 0.617362
6912 0.620278
7168 0.623178
7424 0.626058
7680 0.628696
7936 0.631316
8192 0.633862
8448 0.636192
8704 0.638511
8960 0.640825
9216 0.64311
9472 0.645286
9728 0.647433
9984 0.649521
10240 0.651337
10496 0.653148
10752 0.654935
11008 0.656702
11264 0.658451
11520 0.660175
11776 0.661809
12032 0.664153
12288 0.666737
12544 0.668366
12800 0.669941
13056 0.671484
13312 0.672918
13568 0.674305
13824 0.675514
14080 0.67663
14336 0.677721
14592 0.678642
14848 0.679533
15104 0.680355
15360 0.681048
15616 0.68173
15872 0.682388
16128 0.683053
16384 0.685997
16640 0.686572
16896 0.687117
17152 0.687563
17408 0.687903
17664 0.68823
17920 0.688435
18176 0.689085
18432 0.689347
18688 0.690742
18944 0.691638
19200 0.691804
19456 0.691947
19712 0.692085
19968 0.692096
