0 0.517124
256 0.525999
512 0.53393
768 0.540229
1024 0.546154
1280 0.552013
1536 0.557829
1792 0.563412
2048 0.568468
2304 0.573329
2560 0.579307
2816 0.583861
3072 0.58822
3328 0.59253
3584 0.596539
3840 0.600525
4096 0.604476
4352 0.608288
4608 0.612094
4864 0.615835
5120 0.619305
5376 0.622593
5632 0.625874
5888 0.628901
6144 0.631872
6400 0.63483
6656 0.637771
6912 0.640651
7168 0.643335
7424 0.645956
7680 0.648427
7936 0.650834
8192 0.653202
8448 0.655488
8704 0.657756
8960 0.659976
9216 0.66214
9472 0.664219
9728 0.666278
9984 0.668122
10240 0.669941
10496 0.671645
10752 0.673128
11008 0.676125
11264 0.678444
11520 0.679872
11776 0.681353
12032 0.684985
12288 0.685994
12544 0.686992
12800 0.6879
13056 0.688781
13312 0.689623
13568 0.690379
13824 0.691296
14080 0.691978
14336 0.692655
14592 0.69331
14848 0.693948
15104 0.69495
15360 0.695587
15616 0.696509
15872 0.696999
16128 0.69747
16384 0.699097
16640 0.700555
16896 0.703659
17152 0.704936
17408 0.705377
17664 0.705768
17920 0.706154
18176 0.706527
18432 0.706867
18688 0.707172
18944 0.707443
19200 0.707663
19456 0.707829
19712 0.707946
19968 0.707958
