0 0.501501
256 0.508371
512 0.515169
768 0.521426
1024 0.527611
1280 0.532727
1536 0.537731
1792 0.542614
2048 0.54738
2304 0.551765
2560 0.556036
2816 0.560108
3072 0.564099
3328 0.568079
3584 0.571944
3840 0.575581
4096 0.579576
4352 0.583081
4608 0.586504
4864 0.589844
5120 0.593171
5376 0.596486
5632 0.599732
5888 0.604038
6144 0.607282
6400 0.61051
6656 0.613186
6912 0.61579
7168 0.618295
7424 0.620766
7680 0.623134
7936 0.625487
8192 0.628542
8448 0.630755
8704 0.634036
8960 0.636221
9216 0.638348
9472 0.640428
9728 0.642363
9984 0.6442
10240 0.645982
10496 0.648914
10752 0.650639
11008 0.653256
11264 0.654971
11520 0.6579
11776 0.659588
12032 0.661265
12288 0.664509
12544 0.666119
12800 0.667719
13056 0.669943
13312 0.671769
13568 0.676198
13824 0.677908
14080 0.681768
14336 0.683335
14592 0.685156
14848 0.686632
15104 0.688089
15360 0.689523
15616 0.690931
15872 0.692291
16128 0.693594
16384 0.694898
16640 0.696175
16896 0.697448
17152 0.698644
17408 0.699842
17664 0.700933
17920 0.70196
18176 0.702964
18432 0.7039
18688 0.706191
18944 0.707112
19200 0.708376
19456 0.709284
19712 0.710064
19968 0.710768
20224 0.711339
20480 0.711829
20736 0.712298
20992 0.712694
21248 0.712974
21504 0.713351
21760 0.713519
22016 0.713679
22272 0.713831
22528 0.715447
22784 0.715586
23040 0.715717
23296 0.720573
23552 0.720678
23808 0.721361
24064 0.72143
24320 0.721496
24576 0.721508
