0 0.507303
256 0.515076
512 0.520678
768 0.52611
1024 0.531507
1280 0.536783
1536 0.541796
1792 0.546721
2048 0.550815
2304 0.55458
2560 0.558337
2816 0.562064
3072 0.565751
3328 0.569384
3584 0.573003
3840 0.576596
4096 0.58003
4352 0.583299
4608 0.586558
4864 0.589665
5120 0.593172
5376 0.596152
5632 0.599512
5888 0.602193
6144 0.604798
6400 0.607364
6656 0.609929
6912 0.61242
7168 0.61491
7424 0.618429
7680 0.620839
7936 0.623223
8192 0.625595
8448 0.627892
8704 0.632326
8960 0.634542
9216 0.63675
9472 0.638918
9728 0.640986
9984 0.64291
10240 0.644716
10496 0.647057
10752 0.649033
11008 0.650924
11264 0.652719
11520 0.65444
11776 0.657383
12032 0.65996
12288 0.66167
12544 0.663686
12800 0.665827
13056 0.669892
13312 0.671811
13568 0.673482
13824 0.675059
14080 0.6766
14336 0.678096
14592 0.679552
14848 0.680986
15104 0.682348
15360 0.683698
15616 0.685086
15872 0.686517
16128 0.687997
16384 0.689275
16640 0.69055
16896 0.691814
17152 0.692898
17408 0.693982
17664 0.695896
17920 0.696818
18176 0.69762
18432 0.698347
18688 0.699696
18944 0.700367
19200 0.701436
19456 0.702821
19712 0.703388
19968 0.704698
20224 0.705634
20480 0.706178
20736 0.706707
20992 0.707213
21248 0.707599
21504 0.709771
21760 0.710134
22016 0.710458
22272 0.711866
22528 0.712086
22784 0.71227
23040 0.712438
23296 0.71245
23552 0.712453
23808 0.71437
24064 0.716089
24320 0.716713
24576 0.71716
24832 0.717226
