0 0.495702
256 0.5035
512 0.511232
768 0.518621
1024 0.525949
1280 0.532368
1536 0.538193
1792 0.543711
2048 0.548848
2304 0.553494
2560 0.558108
2816 0.562645
3072 0.567718
3328 0.571982
3584 0.576233
3840 0.580378
4096 0.584354
4352 0.588062
4608 0.59161
4864 0.595026
5120 0.598415
5376 0.601674
5632 0.604866
5888 0.608051
6144 0.611751
6400 0.614844
6656 0.617869
6912 0.622344
7168 0.626428
7424 0.629404
7680 0.63236
7936 0.635308
8192 0.63862
8448 0.641966
8704 0.644813
8960 0.647624
9216 0.650306
9472 0.652872
9728 0.655202
9984 0.657338
10240 0.659458
10496 0.663307
10752 0.665361
11008 0.667714
11264 0.669962
11520 0.671913
11776 0.674818
12032 0.676716
12288 0.67852
12544 0.680242
12800 0.682862
13056 0.684567
13312 0.686243
13568 0.687818
13824 0.689369
14080 0.690913
14336 0.692223
14592 0.693485
14848 0.694735
15104 0.696361
15360 0.697584
15616 0.698541
15872 0.699489
16128 0.700433
16384 0.704338
16640 0.705097
16896 0.707746
17152 0.708383
17408 0.709015
17664 0.709639
17920 0.710252
18176 0.710857
18432 0.713557
18688 0.714066
18944 0.715015
19200 0.715795
19456 0.716283
19712 0.716739
19968 0.719264
20224 0.720881
20480 0.721284
20736 0.721601
20992 0.721899
21248 0.722938
21504 0.723183
21760 0.723186
