0 0.469367
256 0.482183
512 0.489856
768 0.496807
1024 0.503736
1280 0.510209
1536 0.51665
1792 0.52285
2048 0.528898
2304 0.534461
2560 0.539459
2816 0.544327
3072 0.548753
3328 0.552812
3584 0.55672
3840 0.560613
4096 0.564473
4352 0.568301
4608 0.57212
4864 0.575933
5120 0.580106
5376 0.583723
5632 0.587077
5888 0.590694
6144 0.594038
6400 0.597381
6656 0.600386
6912 0.603047
7168 0.605645
7424 0.607879
7680 0.610055
7936 0.612209
8192 0.614325
8448 0.616413
8704 0.618492
8960 0.620447
9216 0.623205
9472 0.625215
9728 0.627129
9984 0.629104
10240 0.630985
10496 0.632761
10752 0.63451
11008 0.636257
11264 0.637828
11520 0.639367
11776 0.640864
12032 0.642252
12288 0.643616
12544 0.644933
12800 0.646202
13056 0.647417
13312 0.64863
13568 0.649828
13824 0.651001
14080 0.652116
14336 0.653223
14592 0.65432
14848 0.655348
15104 0.656376
15360 0.65739
15616 0.658351
15872 0.659312
16128 0.661672
16384 0.663455
16640 0.664494
16896 0.665445
17152 0.666394
17408 0.668285
17664 0.669106
17920 0.669811
18176 0.670546
18432 0.671242
18688 0.671879
18944 0.67249
19200 0.673065
19456 0.67356
19712 0.673983
19968 0.677632
20224 0.678747
20480 0.679743
20736 0.680164
20992 0.680518
21248 0.680858
21504 0.681176
21760 0.681451
22016 0.687016
22272 0.687855
22528 0.689996
22784 0.691048
23040 0.693306
23296 0.693488
23552 0.693593
23808 0.693596
