0 0.489855
256 0.498485
512 0.504376
768 0.510223
1024 0.515784
1280 0.521269
1536 0.526067
1792 0.530841
2048 0.535347
2304 0.5398
2560 0.544072
2816 0.548291
3072 0.552378
3328 0.556365
3584 0.560305
3840 0.56423
4096 0.56808
4352 0.571924
4608 0.575675
4864 0.579357
5120 0.582724
5376 0.586051
5632 0.589312
5888 0.592551
6144 0.595718
6400 0.59904
6656 0.602106
6912 0.605058
7168 0.608008
7424 0.610809
7680 0.613587
7936 0.6162
8192 0.618806
8448 0.621384
8704 0.623923
8960 0.626415
9216 0.628903
9472 0.631375
9728 0.633637
9984 0.635801
10240 0.637959
10496 0.640113
10752 0.6422
11008 0.644218
11264 0.64715
11520 0.64916
11776 0.651078
12032 0.652963
12288 0.655907
12544 0.657678
12800 0.659282
13056 0.66083
13312 0.663457
13568 0.664858
13824 0.668413
14080 0.669691
14336 0.67096
14592 0.672224
14848 0.674449
15104 0.675596
15360 0.676705
15616 0.677806
15872 0.678827
16128 0.680498
16384 0.681961
16640 0.683113
16896 0.684089
17152 0.686018
17408 0.686926
17664 0.687808
17920 0.688683
18176 0.689779
18432 0.691318
18688 0.692171
18944 0.694055
19200 0.694877
19456 0.695656
19712 0.696249
19968 0.697668
20224 0.69818
20480 0.698594
20736 0.699001
20992 0.699404
21248 0.699807
21504 0.700181
21760 0.700544
22016 0.700867
22272 0.701167
22528 0.701461
22784 0.702322
23040 0.702504
23296 0.702643
23552 0.70275
23808 0.702856
24064 0.703538
24320 0.703609
24576 0.703676
24832 0.703736
