0 0.485284
256 0.493144
512 0.500573
768 0.507945
1024 0.51528
1280 0.521921
1536 0.528226
1792 0.53407
2048 0.539613
2304 0.544942
2560 0.550174
2816 0.555155
3072 0.560135
3328 0.564658
3584 0.568801
3840 0.572871
4096 0.57689
4352 0.580854
4608 0.584757
4864 0.588655
5120 0.592515
5376 0.596346
5632 0.600094
5888 0.603801
6144 0.607362
6400 0.610313
6656 0.613243
6912 0.615946
7168 0.6186
7424 0.621191
7680 0.623777
7936 0.626312
8192 0.628785
8448 0.631161
8704 0.633528
8960 0.635698
9216 0.637749
9472 0.639792
9728 0.641778
9984 0.643761
10240 0.645712
10496 0.64807
10752 0.649967
11008 0.651816
11264 0.653635
11520 0.655405
11776 0.657127
12032 0.658786
12288 0.660416
12544 0.66202
12800 0.663621
13056 0.66504
13312 0.666403
13568 0.667723
13824 0.669036
14080 0.670433
14336 0.673324
14592 0.674778
14848 0.676082
15104 0.677802
15360 0.679095
15616 0.680295
15872 0.681488
16128 0.682611
16384 0.683721
16640 0.685048
16896 0.686122
17152 0.687384
17408 0.688447
17664 0.689442
17920 0.690958
18176 0.691913
18432 0.692833
18688 0.693694
18944 0.694697
19200 0.695499
19456 0.696166
19712 0.696751
19968 0.697295
20224 0.69782
20480 0.698241
20736 0.701556
20992 0.702047
21248 0.702461
21504 0.702864
21760 0.703241
22016 0.703925
22272 0.704286
22528 0.704641
22784 0.704972
23040 0.706358
23296 0.707387
23552 0.708924
23808 0.709907
24064 0.710532
24320 0.711035
24576 0.712229
24832 0.712657
25088 0.714212
25344 0.714246
25600 0.714249
