0 0.4935
256 0.499812
512 0.506119
768 0.512199
1024 0.518037
1280 0.52354
1536 0.528804
1792 0.533585
2048 0.538345
2304 0.543361
2560 0.548031
2816 0.552473
3072 0.556903
3328 0.56095
3584 0.564936
3840 0.56891
4096 0.572768
4352 0.576262
4608 0.579584
4864 0.582892
5120 0.586136
5376 0.589355
5632 0.592505
5888 0.595723
6144 0.59882
6400 0.601845
6656 0.604855
6912 0.607701
7168 0.610368
7424 0.613001
7680 0.61558
7936 0.618158
8192 0.620663
8448 0.623148
8704 0.628242
8960 0.630673
9216 0.633041
9472 0.635362
9728 0.637596
9984 0.639729
10240 0.641614
10496 0.643407
10752 0.645114
11008 0.646761
11264 0.648384
11520 0.650005
11776 0.651556
12032 0.653083
12288 0.65461
12544 0.656057
12800 0.659944
13056 0.661356
13312 0.662757
13568 0.664158
13824 0.667713
14080 0.669081
14336 0.670612
14592 0.67344
14848 0.674805
15104 0.676156
15360 0.677368
15616 0.680384
15872 0.681582
16128 0.682716
16384 0.683832
16640 0.684934
16896 0.687065
17152 0.688132
17408 0.689129
17664 0.690122
17920 0.691095
18176 0.692037
18432 0.69289
18688 0.693692
18944 0.694481
19200 0.695261
19456 0.695919
19712 0.696821
19968 0.697468
20224 0.698099
20480 0.698658
20736 0.699771
20992 0.700225
21248 0.700628
21504 0.700968
21760 0.701189
22016 0.701382
22272 0.701562
22528 0.702635
22784 0.703674
23040 0.70384
23296 0.703941
23552 0.705155
23808 0.705221
24064 0.705283
24320 0.707419
