0 0.487261
256 0.497397
512 0.505996
768 0.512586
1024 0.519174
1280 0.525413
1536 0.530971
1792 0.536284
2048 0.541053
2304 0.545657
2560 0.550174
2816 0.55427
3072 0.558247
3328 0.562023
3584 0.565565
3840 0.569086
4096 0.572544
4352 0.57587
4608 0.579128
4864 0.582282
5120 0.585427
5376 0.588393
5632 0.591211
5888 0.593973
6144 0.596678
6400 0.59935
6656 0.601653
6912 0.603786
7168 0.605891
7424 0.607861
7680 0.609821
7936 0.613256
8192 0.615137
8448 0.617013
8704 0.618898
8960 0.620749
9216 0.622826
9472 0.626436
9728 0.628482
9984 0.630218
10240 0.631936
10496 0.635251
10752 0.63692
11008 0.638584
11264 0.640216
11520 0.642147
11776 0.643779
12032 0.646731
12288 0.6489
12544 0.650448
12800 0.651989
13056 0.65353
13312 0.655026
13568 0.656481
13824 0.657797
14080 0.659116
14336 0.660426
14592 0.661729
14848 0.662994
15104 0.664207
15360 0.665404
15616 0.667249
15872 0.670229
16128 0.671366
16384 0.67248
16640 0.673547
16896 0.674586
17152 0.6756
17408 0.676602
17664 0.677592
17920 0.678553
18176 0.679474
18432 0.680351
18688 0.681209
18944 0.684903
19200 0.686633
19456 0.687385
19712 0.689074
19968 0.689816
20224 0.691368
20480 0.692006
20736 0.692642
20992 0.694297
21248 0.698627
21504 0.699532
21760 0.700164
22016 0.700785
22272 0.70136
22528 0.701907
22784 0.702426
23040 0.702891
23296 0.70554
23552 0.705744
23808 0.705911
24064 0.706049
24320 0.706168
24576 0.708081
24832 0.708147
25088 0.708157
