0 0.501655
256 0.511221
512 0.519199
768 0.527175
1024 0.534152
1280 0.540869
1536 0.546753
1792 0.552466
2048 0.558123
2304 0.563436
2560 0.568324
2816 0.573014
3072 0.578513
3328 0.583139
3584 0.588072
3840 0.592524
4096 0.5967
4352 0.600784
4608 0.605403
4864 0.609268
5120 0.613068
5376 0.616816
5632 0.620562
5888 0.624259
6144 0.627883
6400 0.631484
6656 0.635032
6912 0.637932
7168 0.640803
7424 0.643589
7680 0.646256
7936 0.648923
8192 0.651485
8448 0.653857
8704 0.656209
8960 0.658461
9216 0.660666
9472 0.66282
9728 0.664852
9984 0.666863
10240 0.668826
10496 0.670548
10752 0.672099
11008 0.673643
11264 0.675029
11520 0.676257
11776 0.67977
12032 0.681975
12288 0.684317
12544 0.685466
12800 0.686557
13056 0.687631
13312 0.688678
13568 0.69031
13824 0.691337
14080 0.692279
14336 0.69324
14592 0.694161
14848 0.695357
15104 0.696265
15360 0.697173
15616 0.699001
15872 0.699893
16128 0.700672
16384 0.701438
16640 0.702204
16896 0.703354
17152 0.704096
17408 0.704827
17664 0.706355
17920 0.707085
18176 0.70776
18432 0.710346
18688 0.710971
18944 0.711582
19200 0.712145
19456 0.713697
19712 0.715206
19968 0.715753
20224 0.71684
20480 0.717368
20736 0.717894
20992 0.718384
21248 0.718787
21504 0.719161
21760 0.719347
22016 0.719503
22272 0.721233
22528 0.721916
22784 0.722197
23040 0.722874
23296 0.723025
23552 0.724096
23808 0.724278
24064 0.724372
24320 0.724406
24576 0.72443
24832 0.725544
