0 0.473635
256 0.481853
512 0.489977
768 0.496555
1024 0.503436
1280 0.509436
1536 0.515211
1792 0.520875
2048 0.526027
2304 0.531089
2560 0.535985
2816 0.540794
3072 0.545573
3328 0.550191
3584 0.554659
3840 0.559179
4096 0.563572
4352 0.567652
4608 0.571247
4864 0.574831
5120 0.578266
5376 0.581573
5632 0.584843
5888 0.588697
6144 0.591943
6400 0.59518
6656 0.598362
6912 0.601534
7168 0.604701
7424 0.607856
7680 0.610942
7936 0.613861
8192 0.618927
8448 0.621651
8704 0.624331
8960 0.626915
9216 0.629454
9472 0.631812
9728 0.635024
9984 0.637276
10240 0.639469
10496 0.641574
10752 0.643649
11008 0.645699
11264 0.648248
11520 0.650167
11776 0.651986
12032 0.653676
12288 0.655347
12544 0.657003
12800 0.658616
13056 0.660214
13312 0.661789
13568 0.663358
13824 0.665363
14080 0.666906
14336 0.668417
14592 0.669872
14848 0.671222
15104 0.672532
15360 0.673682
15616 0.674818
15872 0.675933
16128 0.677
16384 0.678044
16640 0.679059
16896 0.680046
17152 0.681018
17408 0.681939
17664 0.682827
17920 0.683711
18176 0.685019
18432 0.685848
18688 0.686565
18944 0.687248
19200 0.687873
19456 0.688485
19712 0.68906
19968 0.68959
20224 0.692072
20480 0.692567
20736 0.693026
20992 0.693617
21248 0.694063
21504 0.694484
21760 0.697799
22016 0.698289
22272 0.69863
22528 0.698903
22784 0.699942
23040 0.700214
23296 0.700484
23552 0.703351
23808 0.703489
24064 0.703578
24320 0.703614
24576 0.703617
