0 0.494203
256 0.504583
512 0.51299
768 0.519427
1024 0.525686
1280 0.531226
1536 0.536584
1792 0.541804
2048 0.546913
2304 0.551515
2560 0.555968
2816 0.560361
3072 0.564601
3328 0.56861
3584 0.572448
3840 0.576267
4096 0.579726
4352 0.58556
4608 0.588902
4864 0.592112
5120 0.595272
5376 0.598378
5632 0.601353
5888 0.604322
6144 0.607139
6400 0.609893
6656 0.612596
6912 0.615236
7168 0.617869
7424 0.620478
7680 0.622915
7936 0.626892
8192 0.629204
8448 0.631406
8704 0.633977
8960 0.637353
9216 0.63946
9472 0.641538
9728 0.643606
9984 0.64549
10240 0.647277
10496 0.649328
10752 0.65106
11008 0.652774
11264 0.654468
11520 0.656086
11776 0.657603
12032 0.659085
12288 0.660521
12544 0.66194
12800 0.663348
13056 0.66473
13312 0.666101
13568 0.667468
13824 0.670633
14080 0.671894
14336 0.673003
14592 0.674072
14848 0.675457
15104 0.676464
15360 0.677443
15616 0.678657
15872 0.680185
16128 0.68446
16384 0.685408
16640 0.686314
16896 0.687153
17152 0.690025
17408 0.690801
17664 0.691553
17920 0.692793
18176 0.693515
18432 0.694228
18688 0.694918
18944 0.695601
19200 0.696147
19456 0.69673
19712 0.698548
19968 0.698943
20224 0.699334
20480 0.699708
20736 0.700048
20992 0.700374
21248 0.700655
21504 0.701987
21760 0.702403
22016 0.704131
22272 0.704465
22528 0.705009
22784 0.705279
23040 0.7055
23296 0.705637
23552 0.706017
23808 0.706905
24064 0.70704
24320 0.707161
24576 0.707865
24832 0.707981
25088 0.708043
25344 0.710179
