0 0.471136
256 0.478869
512 0.48546
768 0.491894
1024 0.49724
1280 0.50246
1536 0.507459
1792 0.512
2048 0.516425
2304 0.520747
2560 0.524959
2816 0.52907
3072 0.533094
3328 0.537057
3584 0.540907
3840 0.544719
4096 0.548238
4352 0.551726
4608 0.555201
4864 0.560312
5120 0.56377
5376 0.566958
5632 0.570139
5888 0.573242
6144 0.576321
6400 0.579252
6656 0.582182
6912 0.585013
7168 0.587772
7424 0.591242
7680 0.593984
7936 0.596567
8192 0.599145
8448 0.601711
8704 0.604261
8960 0.606803
9216 0.609301
9472 0.611738
9728 0.615356
9984 0.61774
10240 0.62064
10496 0.622928
10752 0.626768
11008 0.628969
11264 0.631153
11520 0.633278
11776 0.635403
12032 0.637975
12288 0.639874
12544 0.642206
12800 0.644094
13056 0.645824
13312 0.647519
13568 0.649205
13824 0.650825
14080 0.654353
14336 0.655944
14592 0.657521
14848 0.659086
15104 0.660587
15360 0.663532
15616 0.665298
15872 0.666795
16128 0.66818
16384 0.669535
16640 0.670885
16896 0.672146
17152 0.67336
17408 0.674474
17664 0.675584
17920 0.676656
18176 0.677724
18432 0.678767
18688 0.679806
18944 0.680714
19200 0.681619
19456 0.682479
19712 0.683321
19968 0.684142
20224 0.684944
20480 0.685925
20736 0.686701
20992 0.687338
21248 0.68796
21504 0.688569
21760 0.694407
22016 0.694915
22272 0.695457
22528 0.69595
22784 0.696419
23040 0.697337
23296 0.697992
23552 0.698446
23808 0.699794
24064 0.70026
24320 0.700701
24576 0.701368
24832 0.701789
25088 0.702192
25344 0.702583
25600 0.702972
25856 0.703346
26112 0.703695
26368 0.704665
26624 0.704958
26880 0.70672
27136 0.707541
27392 0.707821
27648 0.708093
27904 0.708338
28160 0.708474
28416 0.709791
28672 0.70989
28928 0.709986
29184 0.710043
29440 0.710359
29696 0.712779
29952 0.712808
30208 0.714449
30464 0.715514
30720 0.716551
30976 0.716833
31232 0.716845
