0 0.527268
256 0.536076
512 0.542527
768 0.548849
1024 0.554764
1280 0.56019
1536 0.565284
1792 0.570089
2048 0.574271
2304 0.578247
2560 0.581998
2816 0.585569
3072 0.589117
3328 0.592317
3584 0.595515
3840 0.59866
4096 0.601786
4352 0.604905
4608 0.607864
4864 0.610727
5120 0.613514
5376 0.616155
5632 0.61878
5888 0.621123
6144 0.623456
6400 0.625788
6656 0.62811
6912 0.630402
7168 0.634016
7424 0.636241
7680 0.638464
7936 0.641531
8192 0.64391
8448 0.646095
8704 0.648219
8960 0.650208
9216 0.6521
9472 0.653956
9728 0.655767
9984 0.659207
10240 0.660767
10496 0.662318
10752 0.663859
11008 0.665312
11264 0.666743
11520 0.668752
11776 0.670171
12032 0.671587
12288 0.672988
12544 0.674291
12800 0.675665
13056 0.676864
13312 0.678055
13568 0.680526
13824 0.681673
14080 0.682766
14336 0.684022
14592 0.685013
14848 0.68596
15104 0.687183
15360 0.688013
15616 0.688717
15872 0.690292
16128 0.690975
16384 0.691657
16640 0.692307
16896 0.69293
17152 0.693505
17408 0.693946
17664 0.694337
17920 0.694677
18176 0.69501
18432 0.698148
18688 0.698455
18944 0.698618
19200 0.698773
19456 0.698915
19712 0.699672
19968 0.699728
20224 0.699761
20480 0.699769
20736 0.699772
20992 0.699774
