0 0.471708
256 0.483161
512 0.49404
768 0.502594
1024 0.510577
1280 0.517731
1536 0.524223
1792 0.530497
2048 0.536596
2304 0.5423
2560 0.547268
2816 0.552208
3072 0.556876
3328 0.561506
3584 0.565935
3840 0.570318
4096 0.57464
4352 0.578736
4608 0.582763
4864 0.586775
5120 0.590624
5376 0.594248
5632 0.597857
5888 0.601203
6144 0.60452
6400 0.607613
6656 0.610495
6912 0.613206
7168 0.615708
7424 0.618181
7680 0.620622
7936 0.62304
8192 0.625231
8448 0.627243
8704 0.629225
8960 0.631176
9216 0.633073
9472 0.634931
9728 0.636775
9984 0.639158
10240 0.640901
10496 0.64262
10752 0.644326
11008 0.646
11264 0.647603
11520 0.650375
11776 0.652768
12032 0.65434
12288 0.656068
12544 0.657634
12800 0.659187
13056 0.660705
13312 0.662153
13568 0.663947
13824 0.66537
14080 0.666921
14336 0.668329
14592 0.669649
14848 0.670966
15104 0.672276
15360 0.673586
15616 0.674759
15872 0.675917
16128 0.677051
16384 0.678165
16640 0.67926
16896 0.681457
17152 0.682548
17408 0.683587
17664 0.684509
17920 0.68543
18176 0.686694
18432 0.687863
18688 0.68877
18944 0.690659
19200 0.692329
19456 0.693792
19712 0.695514
19968 0.696371
20224 0.697192
20480 0.697994
20736 0.698704
20992 0.700115
21248 0.700814
21504 0.701488
21760 0.703128
22016 0.703718
22272 0.705101
22528 0.706273
22784 0.706818
23040 0.70726
23296 0.707701
23552 0.708032
23808 0.709732
24064 0.709846
24320 0.710724
24576 0.711663
