0 0.462783
256 0.470989
512 0.479015
768 0.486248
1024 0.493252
1280 0.499652
1536 0.50585
1792 0.51203
2048 0.517876
2304 0.523671
2560 0.529006
2816 0.5341
3072 0.539178
3328 0.545107
3584 0.550105
3840 0.554843
4096 0.561157
4352 0.565874
4608 0.570402
4864 0.575075
5120 0.579838
5376 0.58406
5632 0.587968
5888 0.591426
6144 0.594861
6400 0.598222
6656 0.601537
6912 0.60475
7168 0.607808
7424 0.610827
7680 0.613782
7936 0.616684
8192 0.619434
8448 0.62215
8704 0.624851
8960 0.62748
9216 0.630093
9472 0.633237
9728 0.636562
9984 0.639033
10240 0.641336
10496 0.643563
10752 0.649294
11008 0.651798
11264 0.653799
11520 0.655622
11776 0.657427
12032 0.659244
12288 0.660966
12544 0.663586
12800 0.665291
13056 0.666862
13312 0.668409
13568 0.669938
13824 0.671404
14080 0.672832
14336 0.674976
14592 0.676391
14848 0.677799
15104 0.6792
15360 0.68035
15616 0.681486
15872 0.682607
16128 0.683712
16384 0.684803
16640 0.68587
16896 0.686916
17152 0.689958
17408 0.690983
17664 0.691891
17920 0.692693
18176 0.69345
18432 0.694176
18688 0.694895
18944 0.696187
19200 0.696883
19456 0.699052
19712 0.699688
19968 0.701343
20224 0.703954
20480 0.706156
20736 0.70653
20992 0.706873
21248 0.708087
21504 0.708402
21760 0.708623
22016 0.708782
22272 0.708936
22528 0.709385
22784 0.710012
23040 0.71015
23296 0.71022
23552 0.710287
23808 0.710316
24064 0.710327
24320 0.710337
