0 0.485579
256 0.492217
512 0.499266
768 0.505367
1024 0.51121
1280 0.516978
1536 0.522664
1792 0.527827
2048 0.532936
2304 0.537495
2560 0.542045
2816 0.546393
3072 0.550638
3328 0.554795
3584 0.558786
3840 0.562094
4096 0.566114
4352 0.569365
4608 0.573858
4864 0.577102
5120 0.580314
5376 0.583452
5632 0.586557
5888 0.58965
6144 0.592742
6400 0.595559
6656 0.598307
6912 0.604135
7168 0.60687
7424 0.609519
7680 0.612125
7936 0.614663
8192 0.617182
8448 0.619686
8704 0.622624
8960 0.62512
9216 0.627519
9472 0.630031
9728 0.632377
9984 0.63458
10240 0.636765
10496 0.638892
10752 0.641016
11008 0.643095
11264 0.645146
11520 0.647182
11776 0.649623
12032 0.651504
12288 0.653353
12544 0.655153
12800 0.65695
13056 0.658644
13312 0.660232
13568 0.662903
13824 0.664477
14080 0.666005
14336 0.667421
14592 0.668792
14848 0.670132
15104 0.671416
15360 0.672613
15616 0.67376
15872 0.674896
16128 0.676019
16384 0.677495
16640 0.67856
16896 0.680279
17152 0.683965
17408 0.685498
17664 0.686927
17920 0.687918
18176 0.688838
18432 0.689699
18688 0.690501
18944 0.691267
19200 0.692417
19456 0.693121
19712 0.693812
19968 0.695212
20224 0.695943
20480 0.697184
20736 0.697867
20992 0.698541
21248 0.699209
21504 0.699852
21760 0.700484
22016 0.701054
22272 0.70181
22528 0.702229
22784 0.702632
23040 0.703027
23296 0.703418
23552 0.703794
23808 0.704084
24064 0.704325
24320 0.704546
24576 0.704758
24832 0.704945
25088 0.705916
25344 0.706593
25600 0.706728
25856 0.708894
26112 0.70991
26368 0.710667
26624 0.710761
26880 0.710843
27136 0.710854
