0 0.489469
256 0.498665
512 0.507741
768 0.516041
1024 0.521745
1280 0.5265
1536 0.532183
1792 0.536846
2048 0.541464
2304 0.546032
2560 0.550461
2816 0.554521
3072 0.558538
3328 0.56254
3584 0.566357
3840 0.570129
4096 0.573435
4352 0.57675
4608 0.580193
4864 0.583383
5120 0.58651
5376 0.589623
5632 0.592605
5888 0.595582
6144 0.59852
6400 0.601399
6656 0.604138
6912 0.609749
7168 0.612458
7424 0.61511
7680 0.61931
7936 0.6219
8192 0.624425
8448 0.628618
8704 0.631001
8960 0.633176
9216 0.635326
9472 0.637461
9728 0.639595
9984 0.641486
10240 0.643207
10496 0.644926
10752 0.646527
11008 0.648118
11264 0.649694
11520 0.651245
11776 0.652791
12032 0.654308
12288 0.655786
12544 0.657203
12800 0.658573
13056 0.659924
13312 0.662031
13568 0.663368
13824 0.664678
14080 0.665956
14336 0.667216
14592 0.668459
14848 0.669696
15104 0.670812
15360 0.671926
15616 0.672992
15872 0.67405
16128 0.675048
16384 0.676038
16640 0.67689
16896 0.678676
17152 0.679512
17408 0.680362
17664 0.681072
17920 0.681777
18176 0.682413
18432 0.683152
18688 0.683727
18944 0.684266
19200 0.684784
19456 0.685225
19712 0.685639
19968 0.686027
20224 0.687262
20480 0.687634
20736 0.688686
20992 0.692128
21248 0.692503
21504 0.692844
21760 0.693184
22016 0.693518
22272 0.693842
22528 0.69525
22784 0.695566
23040 0.697965
23296 0.698136
23552 0.698274
