0 0.518392
256 0.526125
512 0.533629
768 0.540888
1024 0.54729
1280 0.55355
1536 0.558698
1792 0.563678
2048 0.568195
2304 0.57288
2560 0.577294
2816 0.581378
3072 0.585331
3328 0.588953
3584 0.592547
3840 0.595891
4096 0.599046
4352 0.602115
4608 0.605044
4864 0.607803
5120 0.610547
5376 0.613268
5632 0.615854
5888 0.618285
6144 0.620617
6400 0.622811
6656 0.624944
6912 0.627068
7168 0.62913
7424 0.631171
7680 0.633146
7936 0.635104
8192 0.638372
8448 0.640225
8704 0.644818
8960 0.646624
9216 0.648428
9472 0.65018
9728 0.651887
9984 0.653505
10240 0.655104
10496 0.657452
10752 0.659029
11008 0.660599
11264 0.662114
11520 0.664586
11776 0.666057
12032 0.667501
12288 0.668917
12544 0.670314
12800 0.673072
13056 0.674432
13312 0.675736
13568 0.676976
13824 0.678176
14080 0.679372
14336 0.680789
14592 0.681946
14848 0.683013
15104 0.684063
15360 0.685013
15616 0.685845
15872 0.68663
16128 0.688385
16384 0.690052
16640 0.690832
16896 0.691506
17152 0.693146
17408 0.693804
17664 0.694358
17920 0.694856
18176 0.695325
18432 0.695724
18688 0.699465
18944 0.699854
19200 0.700214
19456 0.701669
19712 0.701952
19968 0.702406
20224 0.702596
20480 0.702782
20736 0.702934
20992 0.704222
21248 0.704404
21504 0.704473
