0 0.504608
256 0.516976
512 0.526202
768 0.53363
1024 0.540222
1280 0.546625
1536 0.552629
1792 0.557899
2048 0.56311
2304 0.568131
2560 0.572743
2816 0.5773
3072 0.581447
3328 0.585545
3584 0.589537
3840 0.593249
4096 0.596797
4352 0.600287
4608 0.603663
4864 0.606928
5120 0.610175
5376 0.613386
5632 0.616503
5888 0.619439
6144 0.622195
6400 0.624915
6656 0.627552
6912 0.630123
7168 0.632642
7424 0.635098
7680 0.637456
7936 0.63969
8192 0.641646
8448 0.645073
8704 0.647242
8960 0.64914
9216 0.650997
9472 0.652764
9728 0.654606
9984 0.658758
10240 0.660477
10496 0.662028
10752 0.663574
11008 0.665118
11264 0.666653
11520 0.668169
11776 0.672212
12032 0.674841
12288 0.677398
12544 0.678905
12800 0.680401
13056 0.681832
13312 0.683112
13568 0.68432
13824 0.685987
14080 0.68714
14336 0.688252
14592 0.689343
14848 0.690424
15104 0.691463
15360 0.692422
15616 0.69328
15872 0.69427
16128 0.696
16384 0.696802
16640 0.697582
16896 0.698291
17152 0.699085
17408 0.700066
17664 0.700737
17920 0.702694
18176 0.703346
18432 0.703961
18688 0.707773
18944 0.70838
19200 0.708943
19456 0.710372
19712 0.710919
19968 0.712641
20224 0.71315
20480 0.714099
20736 0.714879
20992 0.71532
21248 0.715723
21504 0.716004
21760 0.716249
22016 0.716409
22272 0.716502
22528 0.716571
22784 0.716574
