0 0.510423
256 0.520181
512 0.526662
768 0.532948
1024 0.538985
1280 0.544813
1536 0.550286
1792 0.555725
2048 0.560841
2304 0.565765
2560 0.570545
2816 0.575221
3072 0.580445
3328 0.584976
3584 0.589474
3840 0.593956
4096 0.598302
4352 0.602276
4608 0.606052
4864 0.609714
5120 0.613125
5376 0.616515
5632 0.619823
5888 0.62313
6144 0.626427
6400 0.629685
6656 0.632747
6912 0.635789
7168 0.638493
7424 0.641148
7680 0.643738
7936 0.647053
8192 0.649356
8448 0.651528
8704 0.65359
8960 0.655565
9216 0.657457
9472 0.659349
9728 0.661233
9984 0.662955
10240 0.664636
10496 0.666187
10752 0.667665
11008 0.669279
11264 0.670691
11520 0.672099
11776 0.673424
12032 0.674749
12288 0.67603
12544 0.677311
12800 0.678575
13056 0.679829
13312 0.681557
13568 0.684864
13824 0.687799
14080 0.690112
14336 0.691212
14592 0.692255
14848 0.693253
15104 0.694174
15360 0.694831
15616 0.695485
15872 0.696128
16128 0.696764
16384 0.697625
16640 0.698223
16896 0.698767
17152 0.699234
17408 0.701722
17664 0.702129
17920 0.702506
18176 0.702869
18432 0.703007
18688 0.703074
