0 0.493761
256 0.501297
512 0.50868
768 0.516045
1024 0.523333
1280 0.529024
1536 0.534226
1792 0.539359
2048 0.544283
2304 0.549167
2560 0.553977
2816 0.558743
3072 0.563356
3328 0.567873
3584 0.572344
3840 0.576673
4096 0.580993
4352 0.585235
4608 0.589111
4864 0.592923
5120 0.596478
5376 0.601585
5632 0.605407
5888 0.608747
6144 0.612041
6400 0.615213
6656 0.618373
6912 0.621471
7168 0.624565
7424 0.627587
7680 0.630519
7936 0.6334
8192 0.636414
8448 0.639177
8704 0.641802
8960 0.644388
9216 0.6466
9472 0.64963
9728 0.653316
9984 0.655521
10240 0.657679
10496 0.659609
10752 0.661088
11008 0.662524
11264 0.663919
11520 0.667581
11776 0.670252
12032 0.672388
12288 0.67565
12544 0.676951
12800 0.678216
13056 0.679476
13312 0.6806
13568 0.681722
13824 0.682837
14080 0.683818
14336 0.684767
14592 0.686659
14848 0.687565
15104 0.688426
15360 0.689256
15616 0.690082
15872 0.691184
16128 0.692084
16384 0.692921
16640 0.693686
16896 0.696146
17152 0.698618
17408 0.699312
17664 0.699949
17920 0.70058
18176 0.701202
18432 0.701758
18688 0.702277
18944 0.702719
19200 0.704465
19456 0.704842
19712 0.705183
19968 0.705521
20224 0.705849
20480 0.706042
20736 0.706224
20992 0.706391
21248 0.706526
21504 0.706598
21760 0.709685
22016 0.709751
22272 0.709812
22528 0.709883
22784 0.710437
23040 0.710441
23296 0.710444
