0 0.507383
256 0.513831
512 0.519528
768 0.525206
1024 0.530877
1280 0.53615
1536 0.541288
1792 0.546212
2048 0.550882
2304 0.555373
2560 0.559535
2816 0.563553
3072 0.5675
3328 0.571368
3584 0.575112
3840 0.578803
4096 0.582493
4352 0.586151
4608 0.58977
4864 0.593387
5120 0.596821
5376 0.600163
5632 0.603457
5888 0.606649
6144 0.609808
6400 0.612804
6656 0.615782
6912 0.618741
7168 0.621638
7424 0.624258
7680 0.626862
7936 0.629464
8192 0.632014
8448 0.63455
8704 0.637461
8960 0.639957
9216 0.642418
9472 0.644647
9728 0.648098
9984 0.650232
10240 0.652232
10496 0.654189
10752 0.6561
11008 0.657805
11264 0.659453
11520 0.662465
11776 0.664065
12032 0.666999
12288 0.66855
12544 0.670047
12800 0.671401
13056 0.67263
13312 0.673948
13568 0.675162
13824 0.676284
14080 0.677399
14336 0.678508
14592 0.679536
14848 0.680472
15104 0.681607
15360 0.682515
15616 0.683397
15872 0.684241
16128 0.685063
16384 0.685798
16640 0.686515
16896 0.687604
17152 0.690602
17408 0.691663
17664 0.692461
17920 0.694524
18176 0.695468
18432 0.696163
18688 0.696813
18944 0.69746
19200 0.699241
19456 0.699982
19712 0.700832
19968 0.701443
20224 0.701815
20480 0.702244
20736 0.702607
20992 0.702947
21248 0.703275
21504 0.703592
21760 0.703852
22016 0.704115
22272 0.704335
22528 0.704499
22784 0.704637
23040 0.704736
23296 0.704829
23552 0.705873
23808 0.705939
24064 0.70595
