0 0.497834
256 0.506405
512 0.512718
768 0.518097
1024 0.523156
1280 0.528176
1536 0.533108
1792 0.537549
2048 0.541957
2304 0.54619
2560 0.550412
2816 0.554595
3072 0.558672
3328 0.56269
3584 0.566697
3840 0.57288
4096 0.578537
4352 0.582457
4608 0.586315
4864 0.59005
5120 0.593747
5376 0.597408
5632 0.600956
5888 0.604181
6144 0.607352
6400 0.610431
6656 0.61335
6912 0.61625
7168 0.619087
7424 0.621863
7680 0.62505
7936 0.630386
8192 0.632995
8448 0.635573
8704 0.638139
8960 0.640537
9216 0.643052
9472 0.645355
9728 0.647564
9984 0.649748
10240 0.651834
10496 0.655487
10752 0.657566
11008 0.659627
11264 0.661614
11520 0.663471
11776 0.665197
12032 0.666922
12288 0.668592
12544 0.670195
12800 0.672366
13056 0.673874
13312 0.675256
13568 0.677
13824 0.67835
14080 0.679668
14336 0.680975
14592 0.682278
14848 0.683951
15104 0.6852
15360 0.687317
15616 0.688505
15872 0.689651
16128 0.690743
16384 0.691713
16640 0.692369
16896 0.693015
17152 0.693733
17408 0.694445
17664 0.695057
17920 0.695602
18176 0.696146
18432 0.696674
18688 0.697201
18944 0.698624
19200 0.699662
19456 0.700157
19712 0.700647
19968 0.701088
20224 0.701502
20480 0.701767
20736 0.701938
20992 0.702068
21248 0.705043
21504 0.705139
21760 0.705186
22016 0.705189
