0 0.474388
256 0.482086
512 0.488139
768 0.494164
1024 0.499813
1280 0.505455
1536 0.511068
1792 0.516597
2048 0.521798
2304 0.526991
2560 0.532152
2816 0.537078
3072 0.542001
3328 0.546858
3584 0.55171
3840 0.556532
4096 0.56092
4352 0.56527
4608 0.569384
4864 0.574335
5120 0.578256
5376 0.582114
5632 0.585831
5888 0.589492
6144 0.593035
6400 0.596375
6656 0.599651
6912 0.602879
7168 0.607432
7424 0.610647
7680 0.613776
7936 0.61674
8192 0.619681
8448 0.622539
8704 0.625281
8960 0.627871
9216 0.630375
9472 0.632739
9728 0.635513
9984 0.639057
10240 0.641376
10496 0.643694
10752 0.645997
11008 0.648291
11264 0.650487
11520 0.652645
11776 0.65479
12032 0.656731
12288 0.658662
12544 0.660478
12800 0.662182
13056 0.663882
13312 0.665489
13568 0.667115
13824 0.668719
14080 0.670309
14336 0.67188
14592 0.675269
14848 0.676723
15104 0.67811
15360 0.67943
15616 0.680733
15872 0.682106
16128 0.683341
16384 0.684572
16640 0.685763
16896 0.6868
17152 0.687824
17408 0.688685
17664 0.68948
17920 0.69026
18176 0.691004
18432 0.691708
18688 0.692771
18944 0.693425
19200 0.694068
19456 0.694681
19712 0.695288
19968 0.696153
20224 0.697102
20480 0.698002
20736 0.69958
20992 0.700858
21248 0.701638
21504 0.702185
21760 0.703272
22016 0.703804
22272 0.70427
22528 0.705299
22784 0.706648
23040 0.70709
23296 0.708312
23552 0.710022
23808 0.710464
24064 0.710819
24320 0.711162
24576 0.712375
24832 0.712706
25088 0.712989
25344 0.713945
25600 0.714191
25856 0.714329
26112 0.714436
26368 0.714571
26624 0.714672
26880 0.714733
27136 0.714754
27392 0.714757
27648 0.714759
