0 0.504502
256 0.510749
512 0.516201
768 0.521986
1024 0.52724
1280 0.532338
1536 0.537625
1792 0.542623
2048 0.547412
2304 0.551918
2560 0.556241
2816 0.560328
3072 0.564113
3328 0.567859
3584 0.571421
3840 0.574906
4096 0.578341
4352 0.581732
4608 0.584976
4864 0.5882
5120 0.591309
5376 0.594289
5632 0.597168
5888 0.60004
6144 0.602877
6400 0.605694
6656 0.60976
6912 0.612553
7168 0.615341
7424 0.617979
7680 0.620593
7936 0.623204
8192 0.626558
8448 0.62914
8704 0.631675
8960 0.634145
9216 0.636578
9472 0.638936
9728 0.641221
9984 0.643446
10240 0.645334
10496 0.648401
10752 0.650148
11008 0.652399
11264 0.654124
11520 0.655839
11776 0.657465
12032 0.659069
12288 0.660596
12544 0.661978
12800 0.663311
13056 0.664641
13312 0.665846
13568 0.667036
13824 0.668222
14080 0.67161
14336 0.672757
14592 0.673895
14848 0.67501
15104 0.676101
15360 0.677174
15616 0.678213
15872 0.679133
16128 0.68167
16384 0.682578
16640 0.683408
16896 0.684229
17152 0.685031
17408 0.68581
17664 0.686586
17920 0.687269
18176 0.687943
18432 0.688526
18688 0.690232
18944 0.690777
19200 0.691302
19456 0.691768
19712 0.692184
19968 0.693912
20224 0.694319
20480 0.694686
20736 0.694983
20992 0.695253
21248 0.695544
21504 0.697219
21760 0.69744
22016 0.697661
22272 0.697818
22528 0.69788
22784 0.697884
23040 0.699238
