0 0.509113
256 0.516418
512 0.523142
768 0.529688
1024 0.535739
1280 0.541414
1536 0.546909
1792 0.552263
2048 0.556936
2304 0.561607
2560 0.566184
2816 0.570326
3072 0.57429
3328 0.578044
3584 0.581563
3840 0.584822
4096 0.588033
4352 0.592228
4608 0.595385
4864 0.59849
5120 0.601561
5376 0.605128
5632 0.608139
5888 0.611501
6144 0.614478
6400 0.617442
6656 0.620259
6912 0.623011
7168 0.625605
7424 0.627988
7680 0.630217
7936 0.632437
8192 0.634628
8448 0.636804
8704 0.638739
8960 0.640713
9216 0.642604
9472 0.644421
9728 0.646186
9984 0.64788
10240 0.649533
10496 0.652513
10752 0.65518
11008 0.65671
11264 0.658377
11520 0.65987
11776 0.662607
12032 0.664015
12288 0.665386
12544 0.666716
12800 0.669648
13056 0.670951
13312 0.672018
13568 0.673062
13824 0.674089
14080 0.675096
14336 0.67692
14592 0.680266
14848 0.682077
15104 0.683446
15360 0.684492
15616 0.6854
15872 0.686205
16128 0.687007
16384 0.687804
16640 0.689227
16896 0.6904
17152 0.69118
17408 0.691905
17664 0.695697
17920 0.696534
18176 0.697252
18432 0.697935
18688 0.698566
18944 0.699143
19200 0.69969
19456 0.700236
19712 0.700705
19968 0.701633
20224 0.703409
20480 0.705115
20736 0.706153
20992 0.706451
21248 0.707017
21504 0.707588
21760 0.708343
22016 0.708585
22272 0.708797
22528 0.708983
22784 0.709085
23040 0.710611
23296 0.710677
23552 0.710689
