0 0.503783
256 0.5133
512 0.52037
768 0.526353
1024 0.531598
1280 0.536432
1536 0.540981
1792 0.545489
2048 0.549585
2304 0.55365
2560 0.557568
2816 0.561387
3072 0.565048
3328 0.568618
3584 0.572107
3840 0.575574
4096 0.578956
4352 0.582281
4608 0.585543
4864 0.588768
5120 0.592846
5376 0.595957
5632 0.599036
5888 0.602068
6144 0.604976
6400 0.609033
6656 0.611927
6912 0.616789
7168 0.619624
7424 0.624053
7680 0.62724
7936 0.631004
8192 0.633822
8448 0.636546
8704 0.639171
8960 0.64157
9216 0.643951
9472 0.646309
9728 0.648485
9984 0.650596
10240 0.652556
10496 0.656128
10752 0.658025
11008 0.65991
11264 0.662113
11520 0.663936
11776 0.665747
12032 0.667469
12288 0.670511
12544 0.672149
12800 0.674706
13056 0.676286
13312 0.678287
13568 0.679838
13824 0.681292
14080 0.682632
14336 0.683956
14592 0.68625
14848 0.687512
15104 0.688744
15360 0.690313
15616 0.691534
15872 0.692692
16128 0.694323
16384 0.695414
16640 0.696367
16896 0.697285
17152 0.699202
17408 0.7001
17664 0.704851
17920 0.706255
18176 0.70713
18432 0.708944
18688 0.71014
18944 0.71085
19200 0.711398
19456 0.711916
19712 0.714566
19968 0.715025
20224 0.715414
20480 0.718926
20736 0.719254
20992 0.719571
21248 0.719879
21504 0.720165
21760 0.722491
22016 0.722755
22272 0.723685
22528 0.724561
22784 0.724728
23040 0.724882
23296 0.725127
