0 4885.02
1 4872.3
2 4855.63
3 4839.07
4 4829.44
5 4818.88
6 4805.42
7 4795.59
8 4787.26
9 4776.77
10 4767.42
11 4760.7
12 4754.31
13 4741.66
14 4734.45
15 4727.04
16 4720.82
17 4714.08
18 4705.72
19 4703.23
20 4696.69
21 4690.36
22 4685.03
23 4680.88
24 4672.66
25 4667.01
26 4661.86
27 4656.47
28 4652.14
29 4645.55
30 4640.07
31 4636.77
32 4633.09
33 4631.03
34 4626.52
35 4622.11
36 4617.7
37 4614.01
38 4608.5
39 4605.25
40 4601.85
41 4598.15
42 4592.61
43 4589.41
44 4586.81
45 4582.19
46 4579.36
47 4576.17
48 4574.74
49 4571.98
50 4568.79
51 4565.88
52 4562.59
53 4559.75
54 4557.15
55 4555.3
56 4551.07
57 4548.66
58 4546.92
59 4544.33
60 4540.58
61 4537.85
62 4536.62
63 4535.31
64 4533.61
65 4531.11
66 4528.24
67 4525.89
68 4524.77
69 4522.02
70 4520.11
71 4516.93
72 4515.42
73 4512.64
74 4510.65
75 4508.47
76 4507.12
77 4504.46
78 4503.45
79 4501.52
80 4498.67
81 4496
82 4495.03
83 4491.65
84 4489.05
85 4488.16
86 4486.19
87 4484.67
88 4483.03
89 4482.42
90 4480.1
91 4477.65
92 4475.83
93 4473.27
94 4472.32
95 4471.38
96 4469.9
97 4469.32
98 4468.1
99 4467.75
100 4466.45
101 4464.74
102 4462.81
103 4461.95
104 4460.64
105 4460.13
106 4457.9
107 4456.76
108 4455.69
109 4454.45
110 4452.76
111 4452.41
112 4451.58
113 4450.9
114 4449.19
115 4447.3
116 4446.1
117 4445.34
118 4444.73
119 4443.58
120 4442.19
121 4441.48
122 4439.8
123 4438.62
124 4437.25
125 4436.2
126 4435.41
127 4434.97
128 4433.49
129 4432.54
130 4429.88
131 4428.2
132 4427.45
133 4426.37
134 4426
135 4423.96
136 4422.09
137 4421.51
138 4420.9
139 4418.71
140 4417.41
141 4417.04
142 4415.73
143 4414.58
144 4412.76
145 4411.9
146 4410.69
147 4410.14
148 4408.45
149 4407.42
150 4407.27
151 4406.37
152 4405.52
153 4405.16
154 4404.85
155 4403.91
156 4402.59
157 4401.81
158 4401.33
159 4400.69
160 4400.36
161 4400.08
162 4399.56
163 4398.04
164 4397.02
165 4396.03
166 4394.92
167 4392.97
168 4392.04
169 4391.13
170 4390.28
171 4389.93
172 4389.34
173 4388.58
174 4387.65
175 4387.05
176 4386.52
177 4385.07
178 4384.38
179 4383.49
180 4382.94
181 4381.98
182 4380.59
183 4379.2
184 4378.18
185 4376.94
186 4375.12
187 4374.14
188 4373.73
189 4372.4
190 4371.15
191 4370.24
192 4369.27
193 4367.69
194 4366.85
195 4365.69
196 4364.87
197 4364.49
198 4363.84
199 4362.46
200 4361.57
201 4361.12
202 4360.8
203 4360.09
204 4359.43
205 4358.62
206 4357.67
207 4357.16
208 4356.29
209 4354.7
210 4354.35
211 4353.71
212 4352.91
213 4352.39
214 4352.22
215 4351.86
216 4351
217 4350.72
218 4349.22
219 4348.44
220 4348.07
221 4347.18
222 4346.64
223 4346.08
224 4345.32
225 4344.92
226 4344.07
227 4343.19
228 4342.3
229 4341.62
230 4340.85
231 4339.64
232 4338.55
233 4337.94
234 4337.08
235 4336.57
236 4335.59
237 4335.3
238 4334.85
239 4334.42
240 4334.19
241 4333.86
242 4333.68
243 4332.64
244 4332.14
245 4331
246 4330.11
247 4329.1
248 4328.77
249 4328.67
250 4328.18
251 4328.1
252 4327.51
253 4327.03
254 4326.67
255 4326.66
256 4325.81
257 4324.97
258 4324.48
259 4323.64
260 4323.62
261 4322.94
262 4322.42
263 4322.04
264 4319.87
265 4319.18
266 4318.81
267 4318.46
268 4317.97
269 4316.99
270 4316.95
271 4316.43
272 4315.95
273 4315.35
274 4314.1
275 4313.52
276 4313.47
277 4312.8
278 4312.68
279 4311.98
280 4311.67
281 4310.75
282 4310.44
283 4309.46
284 4309.19
285 4308.46
286 4307.58
287 4307.39
288 4307.2
289 4306.74
290 4305.81
291 4305.04
292 4304.72
293 4304.59
294 4304.09
295 4303.77
296 4303.14
297 4302.63
298 4301.97
299 4301.54
300 4301.53
301 4301.42
302 4300
303 4299.61
304 4299.48
305 4299.1
306 4298.71
307 4298.52
308 4297.87
309 4297.54
310 4297.13
311 4296.16
312 4295.37
313 4295.14
314 4295.08
315 4294.57
316 4294.29
317 4294.17
318 4293.84
319 4293.66
320 4293.34
321 4293.18
322 4292.77
323 4292.15
324 4291.81
325 4290.89
326 4290.4
327 4290.07
328 4289.38
329 4288.96
330 4288.73
331 4288.51
332 4288.43
333 4288.06
334 4287.49
335 4286.9
336 4286.81
337 4286.67
338 4286.2
339 4285.85
340 4284.9
341 4284.86
342 4284.17
343 4283.67
344 4282.5
345 4282.14
346 4281.57
347 4281.52
348 4280.68
349 4280.06
350 4279.82
351 4278.83
352 4278.62
353 4277.73
354 4276.97
355 4276.67
356 4276.06
357 4275.83
358 4275.8
359 4275.71
360 4275.64
361 4275.53
362 4275.49
363 4275.21
364 4274.91
365 4274.08
366 4273.76
367 4273.68
368 4273.5
369 4272.98
370 4272.94
371 4272.54
372 4272.34
373 4271.86
374 4271.33
375 4271.2
376 4271.04
377 4270.66
378 4270.44
379 4269.95
380 4269.43
381 4268.77
382 4268.51
383 4267.97
385 4267.88
386 4267.73
387 4267.62
388 4266.94
389 4266.7
390 4266.27
391 4265.88
392 4265.52
393 4265.16
394 4264.63
395 4264.3
396 4263.97
397 4263.63
398 4262.95
399 4262.76
400 4262.1
401 4262.03
402 4261.8
403 4261.3
404 4261.04
405 4260.43
406 4260.18
408 4259.76
409 4259.75
410 4258.87
411 4258.79
412 4258.64
413 4258.15
414 4257.68
415 4257.03
416 4256.86
417 4256.3
418 4256.04
419 4255.92
420 4255.23
421 4255.17
422 4255.06
423 4254.98
424 4254.66
425 4254.43
426 4254
427 4253.87
428 4253.59
429 4252.98
430 4252.66
431 4252.32
432 4252.08
433 4251.9
434 4251.85
435 4251.65
436 4251.48
438 4251.31
439 4250.95
440 4250.91
441 4250.73
442 4250.35
443 4249.58
444 4249.49
445 4249.18
446 4248.61
447 4247.7
448 4247.58
449 4247.38
450 4246.99
451 4246.8
452 4246.57
453 4246.29
454 4246.11
455 4245.97
456 4245.95
457 4245.57
458 4245.14
459 4244.65
460 4244.61
461 4244.43
462 4244.09
463 4243.6
464 4243.22
465 4243.19
466 4242.88
467 4242.7
468 4242.56
469 4242.46
470 4242.27
471 4242.14
472 4241.95
473 4241.12
474 4240.99
475 4240.44
476 4240.09
477 4240.08
478 4239.94
479 4239.68
480 4239.52
481 4238.67
482 4238.45
483 4238.05
484 4237.93
485 4237.71
486 4237.65
487 4237.34
488 4236.96
489 4236.6
490 4236.54
491 4235.84
492 4235.8
493 4235.59
494 4235.41
496 4235.1
497 4234.99
498 4234.36
499 4234.35
500 4234.04
502 4233.73
503 4233.18
504 4232.87
505 4232.52
506 4232.3
507 4232.08
508 4231.52
509 4231.47
510 4231.42
511 4231.2
512 4231.05
513 4230.91
514 4230.79
515 4230.22
516 4230.21
517 4229.96
518 4229.68
519 4229.27
520 4229.06
521 4228.84
522 4228.81
523 4228.58
524 4227.95
525 4227.89
526 4227.8
527 4227.43
528 4227.3
529 4227.06
530 4226.86
531 4226.66
532 4226.55
533 4226.22
534 4225.8
535 4225.64
536 4225.54
537 4225.13
539 4224.46
541 4224.18
542 4224.11
543 4223.96
544 4223.85
545 4223.83
546 4223.74
547 4223.66
548 4223.35
550 4222.87
551 4222.67
552 4222.13
553 4221.88
555 4221.56
556 4221.49
557 4221.41
559 4221.18
560 4220.92
561 4220.85
562 4220.82
563 4220.63
564 4220.4
565 4220.24
566 4220.08
567 4219.9
568 4219.87
570 4219.77
571 4219.72
572 4218.93
573 4218.56
575 4218.06
576 4217.71
577 4217.65
578 4217.5
579 4217.27
580 4217.08
581 4216.79
582 4216.49
583 4216.27
584 4216.18
585 4216.14
586 4216.07
587 4215.95
588 4215.82
589 4215.72
590 4215.62
591 4215.55
592 4215.52
593 4215.21
594 4215.14
595 4214.76
596 4214.75
597 4214.72
598 4214.63
599 4214.17
600 4213.95
601 4213.63
603 4213.49
604 4212.95
605 4212.64
607 4212.56
608 4212.21
609 4212
610 4211.87
611 4211.56
612 4211.36
613 4211.05
614 4210.94
615 4210.8
618 4210.61
619 4210.6
620 4210.3
621 4210.29
622 4210.23
623 4210.03
624 4209.96
625 4209.88
626 4209.61
628 4209.09
629 4208.76
630 4208.57
632 4208.55
633 4208.42
634 4208.12
635 4207.86
636 4207.73
637 4207.22
639 4207.06
640 4206.78
642 4206.74
643 4206.31
644 4206.08
645 4206.03
646 4205.8
647 4205.75
648 4205.66
649 4205.34
651 4205.23
652 4205.22
653 4205.13
654 4204.89
655 4204.56
656 4204.49
657 4204.41
658 4204.31
659 4204.05
661 4203.98
662 4203.75
663 4203.31
664 4203.29
665 4202.86
667 4202.71
668 4202.5
669 4202.29
670 4201.8
671 4201.11
672 4200.82
674 4200.8
675 4200.73
676 4200.64
677 4200.4
678 4200.16
679 4200.04
680 4199.76
681 4199.57
683 4199.54
684 4199.52
685 4199.31
686 4199.05
687 4198.21
688 4197.97
689 4197.79
690 4197.66
691 4197.49
692 4196.92
693 4196.77
694 4196.69
695 4196.16
696 4195.96
697 4195.92
698 4195.69
699 4195.59
700 4195.41
701 4195.36
702 4195.23
703 4194.9
705 4194.85
706 4194.3
707 4193.86
708 4193.74
709 4193.27
710 4193.18
711 4192.56
712 4192.48
713 4192.34
714 4192.21
715 4192.19
716 4192.11
717 4192.08
718 4191.76
719 4191.59
720 4191.55
721 4191.38
722 4190.94
723 4190.53
724 4190.47
725 4190.33
726 4190.12
727 4190.04
728 4189.55
729 4189.48
731 4189.38
732 4189.34
734 4189.23
735 4188.77
737 4188.66
738 4188.53
740 4188.37
742 4188.1
743 4188.09
744 4188.03
745 4187.97
746 4187.86
747 4187.75
749 4187.62
750 4187.6
751 4187.44
754 4187.38
755 4187.2
756 4187.13
757 4186.93
758 4186.64
759 4186.56
761 4186.42
762 4186.36
763 4186.25
764 4186.14
766 4185.93
767 4185.9
768 4185.81
769 4185.78
770 4185.5
771 4185.26
773 4185.25
774 4184.98
776 4184.91
777 4184.76
778 4184.62
779 4184.31
780 4184.17
781 4183.99
782 4183.98
783 4183.9
784 4183.87
785 4183.8
786 4183.77
787 4183.73
788 4183.71
790 4183.65
791 4183.51
792 4183.4
793 4183.32
795 4183.24
796 4183.18
797 4183.08
798 4182.98
800 4182.97
802 4182.33
803 4182.32
804 4182.06
805 4181.9
806 4181.82
808 4181.71
809 4181.67
810 4181.43
813 4181.39
815 4181.37
816 4181.2
817 4180.87
818 4180.7
819 4180.69
820 4180.51
822 4180.06
823 4179.98
824 4179.96
826 4179.82
827 4179.67
829 4179.63
830 4179.27
831 4179.1
832 4179.03
833 4178.78
834 4178.75
835 4178.63
836 4178.59
837 4178.56
839 4178.49
840 4178.36
842 4178.35
843 4178.23
846 4178.13
847 4178.08
848 4177.95
849 4177.82
850 4177.59
851 4177.41
852 4177.31
853 4177.13
854 4177.04
855 4177.02
857 4176.99
858 4176.84
859 4176.63
860 4176.35
861 4176.33
862 4176.27
863 4176.24
864 4176.22
865 4176.06
866 4175.97
867 4175.92
868 4175.83
869 4175.7
870 4175.55
871 4175.51
872 4175.44
873 4175.27
874 4175.11
875 4174.88
876 4174.81
877 4174.61
879 4174.45
880 4174.19
882 4174.06
883 4173.99
884 4173.89
886 4173.74
887 4173.7
888 4173.61
889 4173.42
890 4173.4
891 4173.27
892 4172.97
893 4172.95
894 4172.93
895 4172.9
896 4172.64
897 4172.63
898 4172.57
899 4172.21
900 4172.06
901 4171.99
902 4171.98
904 4171.86
905 4171.73
906 4171.72
907 4171.66
909 4171.61
911 4171.53
914 4171.5
915 4171.48
917 4171.42
918 4171.41
919 4171.23
920 4171.22
921 4170.95
922 4170.82
924 4170.74
925 4170.51
926 4170.34
927 4170.24
928 4170.14
929 4170.01
930 4169.92
933 4169.72
934 4169.51
936 4169.22
937 4169.18
938 4169.13
941 4168.81
943 4168.7
944 4168.33
945 4168.3
947 4168.22
950 4168.01
951 4167.93
952 4167.86
953 4167.81
954 4167.8
955 4167.72
956 4167.5
957 4167.4
958 4167.34
960 4166.99
961 4166.95
962 4166.66
963 4166.61
964 4166.6
965 4166.54
966 4166.48
968 4166.4
971 4166.3
972 4166.16
973 4166.11
974 4166.1
976 4165.37
977 4165.36
978 4165.34
980 4165.08
981 4164.8
983 4164.73
984 4164.34
985 4164.27
986 4163.93
987 4163.81
988 4163.69
990 4163.54
992 4163.41
995 4163.4
997 4163.39
998 4163.17
1000 4163.14
1001 4163.11
1002 4163.09
1003 4162.97
1004 4162.88
1006 4162.43
1008 4162.38
1010 4162.28
1012 4162.13
1013 4162.06
1016 4161.99
1017 4161.93
1019 4161.92
1020 4161.61
1021 4161.57
1024 4161.24
1025 4161.18
1026 4161.1
1027 4161.09
1029 4160.94
1030 4160.89
1032 4160.78
1033 4160.73
1034 4160.61
1035 4160.58
1036 4160.56
1037 4160.38
1038 4160.34
1039 4160.27
1040 4159.96
1043 4159.94
1045 4159.91
1046 4159.71
1047 4159.66
1049 4159.65
1050 4159.34
1053 4159.22
1054 4159.14
1056 4159.12
1057 4159.07
1058 4158.97
1060 4158.87
1061 4158.79
1062 4158.64
1063 4158.62
1065 4158.6
1066 4158.52
1067 4158.41
1068 4158.4
1069 4158.3
1070 4158.01
1071 4157.96
1072 4157.87
1074 4157.74
1075 4157.69
1076 4157.62
1077 4157.49
1078 4157.39
1080 4157.09
1081 4157.03
1082 4156.9
1083 4156.76
1085 4156.73
1086 4156.55
1088 4156.49
1089 4156.31
1090 4156.15
1093 4155.94
1094 4155.93
1098 4155.88
1099 4155.83
1100 4155.76
1101 4155.75
1103 4155.7
1104 4155.67
1105 4155.64
1106 4155.57
1107 4155.39
1109 4155.36
1110 4155.29
1111 4155.26
1112 4155.19
1113 4155.09
1115 4155.01
1116 4154.99
1117 4154.75
1118 4154.64
1120 4154.57
1121 4154.45
1122 4154.32
1123 4154.21
1124 4153.72
1125 4153.66
1127 4153.64
1128 4153.57
1129 4153.46
1130 4153.43
1132 4153.1
1133 4153.09
1134 4152.84
1135 4152.78
1136 4152.59
1137 4152.46
1138 4152.44
1139 4152.39
1140 4152.31
1141 4152.15
1142 4152.12
1143 4152.08
1144 4151.8
1145 4151.78
1146 4151.45
1147 4151.37
1149 4151.2
1150 4151.12
1151 4150.39
1152 4150.17
1153 4150.01
1155 4150
1156 4149.98
1157 4149.96
1160 4149.69
1161 4149.51
1162 4149.48
1163 4149.33
1164 4149.26
1165 4149.14
1166 4149.07
1167 4149.06
1168 4149.03
1171 4149
1172 4148.87
1173 4148.7
1177 4148.63
1178 4148.48
1181 4148.47
1182 4148.3
1183 4148.25
1184 4148.22
1186 4148.16
1190 4148.15
1193 4148.1
1198 4148.08
1201 4148.04
1202 4147.87
1204 4147.76
1206 4147.73
1210 4147.57
1211 4147.54
1212 4147.47
1213 4147.44
1215 4147.43
1216 4147.39
1218 4147.36
1220 4147.32
1221 4147.23
1222 4147.1
1224 4147
1225 4146.78
1226 4146.67
1228 4146.52
1230 4146.37
1231 4146.35
1235 4146.17
1237 4146.02
1239 4146
1240 4145.92
1241 4145.82
1242 4145.7
1243 4145.68
1245 4145.61
1247 4145.6
1249 4145.53
1251 4145.42
1252 4145.32
1253 4144.9
1256 4144.77
1264 4144.72
1267 4144.36
1268 4144.3
1270 4144.08
1272 4143.95
1273 4143.86
1275 4143.66
1276 4143.65
1280 4143.62
1281 4143.48
1282 4143.4
1284 4143.28
1286 4143.27
1287 4143.24
1288 4142.97
1291 4142.7
1292 4142.66
1293 4142.63
1294 4142.6
1295 4142.54
1296 4142.52
1300 4142.48
1301 4142.39
1303 4142.23
1306 4142.17
1308 4142.16
1309 4142.13
1310 4141.91
1313 4141.84
1316 4141.81
1317 4141.79
1318 4141.71
1320 4141.59
1321 4141.56
1322 4141.42
1324 4141.31
1325 4141.19
1326 4141.09
1327 4140.95
1328 4140.83
1329 4140.6
1330 4140.31
1331 4140.24
1332 4140.13
1333 4140.09
1334 4139.8
1335 4139.78
1336 4139.74
1337 4139.71
1338 4139.37
1343 4139.22
1344 4139.14
1345 4139.13
1348 4139.09
1349 4138.84
1351 4138.7
1353 4138.69
1356 4138.67
1357 4138.62
1358 4138.5
1359 4138.44
1360 4138.42
1361 4138.29
1362 4138.16
1364 4138.09
1368 4137.89
1369 4137.87
1370 4137.8
1371 4137.77
1374 4137.76
1375 4137.63
1377 4137.58
1380 4137.56
1382 4137.52
1383 4137.35
1384 4137.26
1385 4137.18
1386 4137.15
1388 4137.12
1389 4137.08
1390 4136.96
1391 4136.85
1392 4136.73
1393 4136.57
1395 4136.55
1396 4136.54
1397 4136.49
1398 4136.38
1399 4136.25
1401 4136.21
1402 4136.2
1404 4136.15
1406 4136.13
1407 4135.98
1408 4135.94
1409 4135.93
1410 4135.83
1411 4135.81
1412 4135.8
1413 4135.63
1414 4135.5
1416 4135.08
1418 4135.06
1421 4134.95
1422 4134.86
1423 4134.69
1425 4134.65
1426 4134.61
1428 4134.6
1429 4134.49
1430 4134.47
1432 4134.44
1434 4134.42
1435 4134.28
1436 4134.27
1438 4134.22
1439 4134.03
1440 4133.99
1442 4133.8
1443 4133.78
1444 4133.74
1446 4133.72
1447 4133.34
1448 4133.3
1449 4133.24
1451 4133.22
1452 4133.16
1453 4133.14
1456 4133.05
1457 4133.02
1458 4133
1459 4132.88
1460 4132.75
1463 4132.71
1469 4132.69
1471 4132.6
1472 4132.57
1474 4132.51
1477 4132.5
1478 4132.29
1479 4132.18
1480 4132.17
1485 4132
1486 4131.92
1487 4131.9
1488 4131.89
1490 4131.79
1492 4131.75
1493 4131.74
1495 4131.72
1496 4131.62
1497 4131.44
1498 4131.34
1499 4131.31
1502 4131.3
1503 4131.27
1506 4131.23
1509 4131.21
1510 4131.15
1511 4130.92
1512 4130.84
1513 4130.8
1516 4130.72
1517 4130.68
1518 4130.62
1520 4130.57
1522 4130.44
1525 4130.27
1527 4130.25
1530 4130.23
1531 4130.07
1534 4129.91
1535 4129.81
1536 4129.77
1537 4129.63
1538 4129.61
1542 4129.57
1546 4129.5
1547 4129.49
1549 4129.31
1551 4129.3
1555 4129.25
1563 4129.21
1564 4129.14
1565 4129.02
1566 4128.99
1567 4128.92
1569 4128.88
1571 4128.82
1572 4128.81
1574 4128.74
1575 4128.68
1579 4128.62
1580 4128.53
1581 4128.52
1584 4128.42
1586 4128.4
1587 4128.03
1588 4127.94
1592 4127.88
1595 4127.77
1599 4127.71
1600 4127.61
1602 4127.16
1603 4127.08
1604 4126.89
1605 4126.85
1607 4126.84
1609 4126.83
1610 4126.78
1611 4126.69
1613 4126.5
1614 4126.45
1615 4126.35
1618 4126.25
1619 4126.23
1620 4126.15
1621 4126.01
1623 4126
1624 4125.96
1625 4125.91
1626 4125.85
1627 4125.67
1631 4125.59
1633 4125.49
1634 4125.4
1635 4125.37
1636 4125.33
1637 4125.28
1641 4125.27
1642 4125.21
1644 4125.18
1646 4125.14
1648 4125.09
1649 4125.06
1651 4124.96
1652 4124.83
1653 4124.66
1656 4124.52
1657 4124.51
1658 4124.42
1660 4124.15
1662 4124.03
1663 4123.7
1666 4123.69
1667 4123.55
1669 4123.46
1671 4123.44
1676 4123.39
1677 4123.35
1678 4123.2
1681 4123.17
1683 4122.98
1685 4122.76
1686 4122.75
1687 4122.7
1690 4122.65
1691 4122.63
1694 4122.55
1695 4122.43
1697 4122.42
1699 4122.41
1700 4122.39
1704 4122.34
1705 4122.31
1707 4122.18
1708 4122.07
1709 4121.94
1711 4121.93
1712 4121.8
1713 4121.75
1714 4121.66
1718 4121.52
1720 4121.4
1721 4121.19
1723 4121.16
1724 4120.87
1726 4120.82
1727 4120.7
1731 4120.69
1732 4120.49
1733 4120.46
1740 4120.4
1741 4120.26
1742 4120.2
1746 4119.79
1747 4119.73
1748 4119.7
1750 4119.6
1751 4119.5
1752 4119.28
1757 4119.25
1762 4119.22
1763 4119.2
1765 4119.01
1768 4118.88
1770 4118.85
1771 4118.81
1772 4118.8
1774 4118.76
1775 4118.64
1777 4118.56
1779 4118.47
1780 4118.36
1781 4118.31
1784 4118.25
1785 4118.22
1787 4118.09
1788 4118.07
1789 4117.98
1790 4117.9
1792 4117.78
1793 4117.59
1794 4117.53
1795 4117.38
1796 4117.17
1798 4117.02
1799 4116.99
1800 4116.94
1804 4116.93
1806 4116.84
1807 4116.83
1808 4116.67
1809 4116.63
1810 4116.55
1811 4116.18
1814 4116.12
1816 4115.95
1817 4115.88
1818 4115.86
1820 4115.8
1822 4115.77
1824 4115.76
1825 4115.62
1827 4115.55
1828 4115.46
1829 4115.44
1830 4115.38
1833 4115.3
1834 4115.24
1835 4114.91
1841 4114.88
1845 4114.86
1846 4114.7
1847 4114.66
1848 4114.53
1849 4114.52
1852 4114.48
1856 4114.47
1858 4114.46
1860 4114.39
1861 4114.37
1864 4113.81
1865 4113.8
1866 4113.64
1867 4113.58
1870 4113.57
1873 4113.54
1877 4113.44
1880 4113.38
1884 4113.27
1887 4113.03
1897 4113.01
1900 4113
1903 4112.99
1904 4112.94
1905 4112.85
1906 4112.72
1908 4112.57
1912 4112.53
1913 4112.48
1916 4112.39
1919 4112.36
1920 4112.28
1922 4112.21
1925 4112.16
1926 4111.71
1928 4111.62
1930 4111.49
1931 4111.33
1932 4111.26
1933 4111.23
1936 4111.18
1937 4110.93
1938 4110.86
1939 4110.83
1942 4110.64
1945 4110.59
1947 4110.58
1953 4110.55
1955 4110.32
1957 4110.05
1959 4109.98
1960 4109.89
1961 4109.81
1962 4109.66
1964 4109.55
1966 4109.46
1969 4109.35
1970 4109.33
1972 4109.32
1973 4109.28
1975 4109.24
1979 4109.14
1981 4109.04
1983 4108.97
1986 4108.9
1987 4108.87
1988 4108.77
1992 4108.6
1993 4108.56
1994 4108.49
1995 4108.48
1996 4108.39
1998 4108.36
2000 4108.34
2001 4108.26
2002 4108.25
2003 4108.2
2005 4108.07
2007 4108.02
2008 4108.01
2009 4107.88
2010 4107.67
2012 4107.64
2014 4107.62
2018 4107.6
2020 4107.51
2023 4107.47
2024 4107.46
2025 4107.35
2026 4107.23
2027 4107.1
2028 4106.96
2030 4106.77
2031 4106.73
2032 4106.7
2033 4106.69
2035 4106.52
2036 4106.51
2037 4106.49
2038 4106.44
2043 4106.42
2045 4106.41
2046 4106.35
2048 4106.33
2053 4106.31
2054 4106.28
2057 4106.18
2058 4106.06
2059 4106.04
2061 4106.03
2062 4106.01
2066 4105.95
2067 4105.92
2071 4105.89
2072 4105.88
2074 4105.87
2075 4105.85
2077 4105.78
2081 4105.75
2082 4105.63
2083 4105.62
2085 4105.56
2086 4105.3
2088 4105.23
2091 4105.2
2092 4105.19
2093 4105.18
2094 4105.09
2095 4104.99
2096 4104.96
2098 4104.91
2100 4104.79
2103 4104.77
2104 4104.71
2109 4104.65
2111 4104.5
2114 4104.4
2122 4104.36
2124 4104.34
2125 4104.27
2127 4104.19
2128 4104.07
2129 4104.04
2131 4103.93
2134 4103.81
2137 4103.73
2138 4103.65
2139 4103.61
2140 4103.59
2148 4103.54
2149 4103.4
2152 4103.28
2155 4103.24
2158 4103.22
2159 4103.16
2160 4103.13
2162 4102.95
2163 4102.94
2164 4102.93
2168 4102.91
2171 4102.88
2172 4102.84
2176 4102.77
2178 4102.75
2180 4102.69
2182 4102.58
2183 4102.56
2184 4102.47
2185 4102.24
2186 4102.13
2187 4102.08
2192 4102.06
2193 4102.03
2196 4101.95
2199 4101.88
2200 4101.78
2201 4101.77
2205 4101.59
2208 4101.57
2210 4101.52
2213 4101.46
2215 4101.42
2217 4101.36
2224 4101.18
2228 4101.15
2229 4101.1
2230 4101.05
2232 4101
2235 4100.96
2240 4100.9
2242 4100.88
2244 4100.87
2245 4100.72
2246 4100.67
2249 4100.59
2251 4100.47
2253 4100.44
2255 4100.41
2257 4100.4
2258 4100.32
2262 4100.3
2264 4100.29
2268 4100.19
2275 4100.18
2276 4100.07
2277 4100.05
2278 4100.04
2280 4100.03
2281 4099.97
2283 4099.93
2284 4099.92
2286 4099.84
2288 4099.72
2289 4099.66
2292 4099.64
2297 4099.59
2299 4099.57
2300 4099.55
2301 4099.54
2302 4099.52
2309 4099.51
2311 4099.46
2315 4099.36
2316 4099.3
2319 4099.27
2320 4099.25
2321 4099.24
2324 4099.15
2325 4099.14
2327 4099.11
2328 4099.09
2329 4098.98
2337 4098.72
2338 4098.7
2341 4098.68
2343 4098.59
2344 4098.52
2345 4098.48
2346 4098.44
2350 4098.43
2353 4098.41
2359 4098.38
2367 4098.36
2368 4098.35
2371 4098.3
2377 4098.18
2378 4098.09
2379 4098.07
2381 4097.95
2383 4097.9
2390 4097.81
2391 4097.58
2392 4097.52
2396 4097.51
2399 4097.5
2400 4097.45
2408 4097.4
2410 4097.29
2414 4097.24
2415 4097.18
2418 4097.14
2419 4097.06
2424 4097
2425 4096.95
2426 4096.81
2427 4096.79
2430 4096.75
2432 4096.7
2433 4096.68
2437 4096.66
2438 4096.65
2442 4096.61
2443 4096.57
2445 4096.54
2446 4096.53
2448 4096.52
2450 4096.46
2451 4096.45
2452 4096.25
2453 4096.23
2455 4096.19
2457 4096.16
2458 4096.14
2460 4096.07
2464 4096.06
2468 4096.02
2470 4095.95
2472 4095.85
2473 4095.84
2475 4095.78
2485 4095.77
2486 4095.73
2487 4095.58
2488 4095.56
2489 4095.42
2490 4095.35
2491 4095.17
2492 4095.15
2496 4095.14
2500 4094.99
2501 4094.98
2505 4094.93
2508 4094.86
2510 4094.85
2514 4094.83
2516 4094.65
2519 4094.62
2520 4094.56
2526 4094.54
2527 4094.48
2528 4094.45
2529 4094.44
2532 4094.43
2534 4094.41
2535 4094.36
2537 4094.32
2538 4094.31
2539 4094.05
2540 4094
2544 4093.99
2547 4093.97
2548 4093.96
2549 4093.92
2551 4093.84
2553 4093.75
2558 4093.74
2560 4093.71
2565 4093.66
2570 4093.64
2572 4093.58
2573 4093.5
2577 4093.42
2579 4093.3
2583 4093.18
2587 4093.15
2589 4093.14
2593 4093.12
2594 4093.11
2597 4092.94
2598 4092.93
2600 4092.89
2601 4092.74
2602 4092.6
2605 4092.48
2606 4092.4
2607 4092.37
2608 4092.28
2615 4092.24
2616 4092.2
2617 4092.11
2620 4092.08
2622 4091.86
2623 4091.84
2624 4091.79
2625 4091.74
2626 4091.71
2627 4091.65
2629 4091.52
2633 4091.51
2634 4091.47
2635 4091.27
2644 4091.26
2646 4091.17
2648 4091.1
2655 4090.93
2656 4090.9
2657 4090.89
2660 4090.77
2662 4090.73
2663 4090.69
2664 4090.62
2665 4090.53
2669 4090.52
2670 4090.45
2671 4090.37
2675 4090.35
2677 4090.26
2680 4090.19
2681 4090.09
2683 4090.05
2688 4090.02
2691 4089.94
2692 4089.93
2694 4089.92
2699 4089.91
2708 4089.9
2709 4089.78
2711 4089.74
2712 4089.7
2714 4089.63
2717 4089.43
2718 4089.37
2720 4089.35
2721 4089.33
2722 4089.21
2725 4089.18
2732 4089.11
2736 4089.09
2737 4089.08
2740 4088.94
2741 4088.73
2742 4088.7
2743 4088.46
2746 4088.44
2748 4088.38
2749 4088.36
2750 4088.33
2757 4088.31
2764 4088.3
2766 4088.1
2768 4088.09
2770 4087.98
2771 4087.95
2775 4087.93
2776 4087.91
2778 4087.75
2780 4087.74
2783 4087.67
2784 4087.56
2785 4087.53
2786 4087.51
2791 4087.46
2805 4087.45
2807 4087.44
2811 4087.3
2820 4087.08
2822 4087.04
2829 4087.03
2830 4086.92
2836 4086.91
2839 4086.89
2844 4086.86
2846 4086.82
2847 4086.72
2856 4086.66
2858 4086.62
2862 4086.46
2865 4086.45
2866 4086.44
2868 4086.41
2869 4086.33
2875 4086.3
2876 4086.22
2882 4086.14
2888 4086.07
2890 4086.04
2894 4085.92
2896 4085.86
2898 4085.79
2901 4085.75
2902 4085.72
2905 4085.71
2907 4085.7
2912 4085.67
2914 4085.54
2920 4085.46
2922 4085.44
2925 4085.36
2927 4085.18
2928 4085.14
2932 4085.13
2933 4085.11
2934 4084.95
2939 4084.93
2941 4084.9
2944 4084.83
2948 4084.82
2951 4084.78
2956 4084.74
2959 4084.63
2961 4084.58
2963 4084.5
2967 4084.45
2968 4084.35
2975 4084.31
2977 4084.24
2979 4084.22
2980 4084.19
2986 4084.16
2990 4084.09
2992 4084.02
2994 4083.98
2996 4083.95
2999 4083.89
3002 4083.78
3004 4083.77
3012 4083.6
3015 4083.59
3021 4083.16
3022 4083.13
3023 4083.03
3026 4082.99
3028 4082.98
3030 4082.89
3032 4082.86
3033 4082.83
3035 4082.72
3046 4082.67
3049 4082.64
3059 4082.6
3060 4082.49
3061 4082.45
3069 4082.43
3070 4082.42
3086 4082.24
3088 4082.23
3091 4082.15
3092 4082.13
3093 4082.12
3094 4082.11
3101 4082.09
3103 4082.07
3104 4082.06
3105 4081.89
3110 4081.88
3113 4081.79
3114 4081.73
3115 4081.72
3118 4081.65
3124 4081.64
3125 4081.53
3126 4081.49
3128 4081.46
3129 4081.44
3130 4081.37
3133 4081.34
3140 4081.24
3142 4081.21
3143 4081.18
3144 4081.06
3148 4081.04
3151 4081.02
3153 4080.91
3155 4080.9
3156 4080.79
3160 4080.67
3163 4080.62
3165 4080.59
3167 4080.54
3169 4080.53
3170 4080.52
3172 4080.34
3173 4080.27
3181 4080.24
3183 4080.12
3186 4079.98
3189 4079.96
3195 4079.93
3198 4079.87
3199 4079.82
3200 4079.67
3210 4079.55
3212 4079.52
3217 4079.51
3220 4079.49
3221 4079.4
3227 4079.38
3234 4079.33
3237 4079.32
3238 4079.29
3239 4079.27
3247 4079.23
3251 4079.21
3252 4079.2
3260 4079.19
3265 4079.16
3267 4079.07
3270 4079.03
3275 4079.02
3278 4079.01
3281 4078.97
3282 4078.92
3285 4078.91
3288 4078.86
3289 4078.77
3293 4078.71
3295 4078.7
3299 4078.61
3303 4078.1
3306 4078.05
3307 4077.96
3311 4077.89
3317 4077.85
3321 4077.71
3322 4077.53
3326 4077.46
3327 4077.42
3335 4077.3
3341 4077.25
3349 4077.18
3354 4077.05
3356 4077.01
3357 4076.94
3358 4076.93
3365 4076.87
3370 4076.86
3371 4076.85
3373 4076.78
3374 4076.72
3378 4076.71
3379 4076.52
3381 4076.51
3382 4076.5
3383 4076.48
3384 4076.36
3387 4076.35
3388 4076.18
3389 4076.07
3392 4076.05
3395 4076.04
3397 4075.93
3400 4075.78
3402 4075.67
3408 4075.6
3423 4075.58
3424 4075.55
3426 4075.45
3429 4075.42
3431 4075.36
3434 4075.35
3435 4075.34
3440 4075.25
3444 4075.24
3447 4075.22
3448 4075.19
3449 4075.14
3457 4075.06
3459 4075.04
3461 4075.03
3466 4074.99
3469 4074.97
3471 4074.9
3473 4074.84
3482 4074.73
3484 4074.72
3487 4074.69
3488 4074.63
3494 4074.59
3496 4074.57
3498 4074.52
3500 4074.5
3505 4074.48
3506 4074.43
3507 4074.34
3509 4074.33
3513 4074.27
3514 4074.24
3516 4074.17
3521 4074.12
3528 4074.09
3529 4074.03
3534 4073.97
3537 4073.95
3540 4073.88
3545 4073.87
3549 4073.77
3557 4073.74
3558 4073.65
3560 4073.61
3561 4073.47
3563 4073.45
3571 4073.41
3573 4073.37
3584 4073.29
3588 4073.28
3589 4073.26
3590 4073.22
3592 4073.19
3595 4073.11
3596 4073.06
3598 4072.97
3599 4072.9
3615 4072.86
3618 4072.83
3619 4072.76
3622 4072.73
3625 4072.72
3626 4072.63
3630 4072.61
3631 4072.58
3632 4072.53
3633 4072.5
3638 4072.42
3640 4072.36
3642 4072.33
3643 4072.31
3649 4072.21
3650 4072.2
3651 4072.19
3654 4072.15
3656 4072.05
3659 4071.81
3662 4071.79
3664 4071.76
3666 4071.73
3671 4071.7
3677 4071.68
3680 4071.64
3683 4071.56
3687 4071.49
3691 4071.39
3693 4071.37
3695 4071.36
3700 4071.27
3701 4071.25
3702 4071.23
3705 4071.21
3709 4070.95
3719 4070.87
3720 4070.86
3721 4070.8
3723 4070.71
3738 4070.66
3744 4070.63
3756 4070.61
3759 4070.57
3763 4070.5
3769 4070.48
3773 4070.46
3774 4070.44
3775 4070.41
3776 4070.3
3788 4070.27
3794 4070.26
3795 4070.25
3797 4070.2
3799 4070.15
3801 4070.05
3802 4070.03
3804 4070
3806 4069.98
3807 4069.9
3817 4069.88
3821 4069.87
3822 4069.86
3824 4069.74
3829 4069.73
3831 4069.7
3848 4069.66
3851 4069.63
3853 4069.61
3856 4069.58
3859 4069.53
3864 4069.49
3866 4069.48
3874 4069.47
3876 4069.34
3883 4069.31
3886 4069.3
3887 4069.25
3889 4069.19
3894 4069.18
3895 4069.17
3896 4069.05
3897 4068.95
3901 4068.92
3903 4068.9
3906 4068.84
3913 4068.67
3914 4068.59
3917 4068.53
3920 4068.52
3923 4068.45
3926 4068.44
3927 4068.43
3928 4068.34
3930 4068.32
3936 4068.22
3937 4068.21
3942 4068.15
3947 4068.13
3948 4068.09
3955 4068.07
3959 4068.06
3961 4068
3962 4067.67
3971 4067.63
3972 4067.57
3975 4067.39
3977 4067.34
3980 4067.33
3991 4067.31
3992 4067.17
4008 4067.13
4015 4067.07
4018 4067.05
4019 4066.99
4026 4066.93
4038 4066.86
4046 4066.8
4052 4066.77
4057 4066.76
4058 4066.73
4060 4066.67
4065 4066.66
4071 4066.64
4074 4066.63
4077 4066.62
4079 4066.45
4094 4066.35
4099 4066.27
4100 4066.24
4103 4066.18
4104 4066.14
4105 4066.13
4106 4066.04
4108 4066.03
4111 4065.99
4112 4065.95
4113 4065.83
4114 4065.68
4116 4065.67
4118 4065.66
4129 4065.65
4131 4065.61
4136 4065.55
4137 4065.53
4144 4065.44
4145 4065.42
4146 4065.35
4148 4065.12
4150 4065.08
4151 4064.89
4152 4064.85
4157 4064.8
4162 4064.79
4164 4064.77
4171 4064.73
4173 4064.72
4180 4064.71
4181 4064.67
4182 4064.64
4186 4064.57
4193 4064.45
4198 4064.44
4200 4064.39
4206 4064.3
4217 4064.25
4221 4064.23
4222 4064.21
4229 4064.16
4231 4064.08
4233 4064.06
4235 4063.92
4238 4063.81
4239 4063.73
4241 4063.7
4243 4063.66
4254 4063.43
4255 4063.41
4256 4063.34
4258 4063.25
4265 4063.23
4268 4063.22
4270 4063.16
4280 4063.14
4284 4063.11
4291 4063.1
4296 4063.02
4298 4062.94
4307 4062.92
4314 4062.88
4320 4062.83
4329 4062.81
4339 4062.74
4347 4062.7
4348 4062.69
4356 4062.65
4357 4062.61
4362 4062.59
4366 4062.57
4368 4062.53
4370 4062.5
4371 4062.48
4375 4062.44
4377 4062.41
4379 4062.38
4384 4062.32
4385 4062.26
4387 4062.21
4392 4062.18
4393 4062.13
4396 4062.12
4402 4061.97
4405 4061.93
4406 4061.84
4409 4061.83
4412 4061.8
4414 4061.79
4424 4061.75
4426 4061.67
4427 4061.65
4447 4061.6
4449 4061.56
4450 4061.51
4458 4061.5
4466 4061.47
4474 4061.41
4481 4061.31
4483 4061.25
4486 4061.24
4490 4061.19
4495 4061.14
4497 4061.13
4507 4061.12
4508 4061.01
4511 4060.89
4513 4060.86
4514 4060.83
4516 4060.78
4519 4060.75
4522 4060.74
4524 4060.71
4526 4060.7
4532 4060.67
4546 4060.62
4550 4060.56
4562 4060.45
4566 4060.42
4573 4060.39
4575 4060.32
4576 4060.27
4577 4060.22
4581 4060.18
4582 4060.12
4583 4060.06
4586 4060.04
4596 4060.01
4600 4059.9
4603 4059.77
4607 4059.76
4609 4059.73
4618 4059.7
4628 4059.68
4637 4059.65
4638 4059.61
4639 4059.6
4650 4059.57
4657 4059.56
4662 4059.45
4672 4059.42
4673 4059.41
4675 4059.39
4680 4059.36
4682 4059.35
4693 4059.32
4699 4059.29
4703 4059.22
4708 4059.2
4721 4059.14
4726 4059.09
4730 4059.07
4735 4059.05
4736 4058.97
4737 4058.85
4738 4058.79
4742 4058.76
4744 4058.62
4752 4058.58
4753 4058.57
4759 4058.54
4767 4058.52
4780 4058.47
4790 4058.4
4793 4058.34
4794 4058.26
4795 4058.23
4801 4058.18
4802 4058.11
4803 4058.06
4804 4058.05
4814 4058.03
4822 4057.94
4826 4057.92
4829 4057.81
4835 4057.8
4839 4057.74
4844 4057.62
4846 4057.6
4851 4057.59
4853 4057.5
4855 4057.48
4858 4057.47
4859 4057.44
4860 4057.38
4863 4057.37
4867 4057.36
4877 4057.27
4879 4057.25
4884 4057.22
4889 4057.09
4890 4057.08
4891 4057.04
4894 4057.03
4900 4056.89
4913 4056.82
4914 4056.74
4927 4056.72
4939 4056.7
4941 4056.68
4942 4056.64
4952 4056.61
4955 4056.52
4957 4056.4
4962 4056.37
4966 4056.35
4973 4056.29
4991 4056.28
4993 4056.25
4996 4056.22
5005 4056.21
5009 4056.2
5017 4056.14
5021 4056.08
5022 4056.04
5028 4055.89
5031 4055.85
5032 4055.81
5037 4055.8
5039 4055.78
5043 4055.77
5049 4055.74
5061 4055.7
5068 4055.66
5097 4055.62
5104 4055.54
5107 4055.43
5112 4055.37
5118 4055.27
5123 4055.19
5124 4055.15
5129 4055.08
5130 4055.04
5139 4055.03
5146 4055.01
5148 4054.87
5153 4054.86
5161 4054.78
5165 4054.68
5166 4054.65
5174 4054.62
5190 4054.55
5199 4054.53
5203 4054.52
5237 4054.51
5251 4054.48
5252 4054.46
5253 4054.43
5272 4054.42
5278 4054.4
5284 4054.35
5290 4054.33
5296 4054.31
5300 4054.28
5305 4054.24
5308 4054.08
5319 4054.06
5322 4054.02
5333 4054.01
5337 4054
5339 4053.99
5345 4053.98
5352 4053.94
5373 4053.93
5376 4053.9
5386 4053.79
5389 4053.77
5392 4053.7
5393 4053.65
5399 4053.51
5401 4053.5
5414 4053.44
5416 4053.4
5421 4053.3
5425 4053.21
5429 4053.16
5431 4053.15
5443 4053.12
5450 4053.1
5451 4053.03
5457 4052.99
5459 4052.95
5460 4052.9
5473 4052.87
5480 4052.85
5485 4052.77
5493 4052.7
5494 4052.67
5497 4052.62
5501 4052.56
5506 4052.53
5515 4052.5
5517 4052.49
5518 4052.48
5520 4052.44
5530 4052.43
5534 4052.35
5536 4052.3
5543 4052.24
5546 4052.22
5551 4052.12
5561 4052.11
5571 4052.09
5577 4052.01
5578 4051.97
5581 4051.87
5610 4051.85
5612 4051.81
5613 4051.78
5637 4051.77
5642 4051.72
5646 4051.7
5649 4051.66
5651 4051.65
5657 4051.59
5661 4051.51
5696 4051.46
5702 4051.44
5705 4051.41
5722 4051.31
5728 4051.29
5749 4051.26
5753 4051.16
5756 4051.15
5759 4051.13
5762 4051.09
5765 4051.07
5774 4051.03
5783 4050.97
5786 4050.91
5797 4050.86
5802 4050.81
5822 4050.7
5830 4050.69
5835 4050.61
5836 4050.56
5848 4050.55
5858 4050.49
5861 4050.43
5865 4050.38
5875 4050.32
5885 4050.29
5898 4050.24
5905 4050.23
5909 4050.19
5918 4050.17
5919 4050.14
5932 4050.08
5933 4050.05
5934 4050.04
5939 4050.03
5942 4050.01
5964 4049.95
5965 4049.94
5976 4049.91
5980 4049.87
5985 4049.78
5995 4049.74
6003 4049.72
6009 4049.71
6010 4049.66
6013 4049.65
6024 4049.6
6025 4049.59
6028 4049.57
6032 4049.54
6037 4049.5
6041 4049.49
6053 4049.41
6066 4049.38
6068 4049.3
6072 4049.16
6074 4049.12
6075 4049.09
6079 4049.07
6082 4049.02
6086 4049.01
6087 4048.99
6088 4048.94
6092 4048.93
6098 4048.92
6102 4048.91
6106 4048.86
6107 4048.73
6119 4048.71
6132 4048.7
6141 4048.65
6144 4048.54
6149 4048.51
6169 4048.48
6171 4048.47
6180 4048.45
6190 4048.44
6191 4048.42
6207 4048.41
6216 4048.4
6218 4048.25
6235 4048.23
6241 4048.22
6242 4048.19
6243 4048.17
6250 4048.15
6251 4048.13
6252 4048.08
6258 4048.04
6273 4047.94
6276 4047.73
6282 4047.69
6287 4047.67
6297 4047.65
6304 4047.62
6322 4047.59
6329 4047.5
6330 4047.49
6336 4047.47
6339 4047.26
6344 4047.22
6361 4047.2
6362 4047.19
6371 4047.17
6377 4047.04
6383 4047.02
6393 4046.97
6397 4046.96
6401 4046.76
6404 4046.73
6420 4046.72
6431 4046.67
6440 4046.61
6451 4046.59
6455 4046.5
6463 4046.48
6466 4046.39
6473 4046.37
6483 4046.36
6486 4046.33
6488 4046.28
6492 4046.25
6496 4046.23
6509 4046.2
6521 4046.12
6549 4046.06
6557 4046.03
6581 4046
6589 4045.98
6602 4045.91
6613 4045.84
6614 4045.83
6617 4045.82
6625 4045.74
6627 4045.58
6634 4045.57
6635 4045.48
6653 4045.42
6659 4045.37
6661 4045.32
6662 4045.26
6671 4045.24
6686 4045.21
6723 4045.13
6724 4045.08
6732 4045.06
6743 4045.03
6779 4044.95
6781 4044.94
6789 4044.87
6798 4044.85
6816 4044.84
6829 4044.82
6836 4044.81
6838 4044.8
6842 4044.79
6849 4044.78
6850 4044.75
6853 4044.71
6880 4044.7
6887 4044.66
6910 4044.56
6924 4044.55
6931 4044.53
6932 4044.5
6943 4044.45
6979 4044.42
6988 4044.4
7011 4044.38
7013 4044.31
7016 4044.29
7036 4044.27
7041 4044.22
7050 4044.21
7076 4044.2
7086 4044.19
7112 4044.18
7117 4044.16
7132 4044.15
7140 4044.14
7148 4044.11
7149 4044.09
7150 4044.02
7163 4044.01
7164 4043.97
7182 4043.96
7197 4043.94
7200 4043.93
7204 4043.9
7206 4043.88
7207 4043.85
7214 4043.8
7218 4043.76
7219 4043.68
7224 4043.64
7244 4043.58
7248 4043.56
7295 4043.53
7299 4043.45
7339 4043.44
7346 4043.4
7357 4043.39
7377 4043.37
7410 4043.36
7418 4043.35
7423 4043.34
7426 4043.3
7427 4043.25
7448 4043.21
7453 4043.2
7458 4043.07
7460 4043.04
7484 4042.98
7508 4042.97
7550 4042.93
7555 4042.9
7579 4042.84
7595 4042.83
7599 4042.81
7614 4042.75
7624 4042.71
7651 4042.69
7670 4042.67
7685 4042.63
7699 4042.59
7708 4042.54
7712 4042.53
7721 4042.49
7729 4042.45
7732 4042.44
7752 4042.41
7763 4042.35
7777 4042.34
7779 4042.33
7830 4042.2
7837 4042.18
7856 4042.16
7869 4042.15
7879 4042.14
7889 4042.09
7912 4042.08
7927 4042.07
7931 4042.06
7952 4042.05
7979 4041.96
7980 4041.89
7984 4041.87
7990 4041.79
8009 4041.32
8019 4041.27
8023 4041.25
8035 4041.21
8094 4041.2
8117 4041.15
8135 4041.1
8157 4041.07
8176 4041.05
8183 4041
8186 4040.99
8198 4040.94
8201 4040.93
8210 4040.9
8211 4040.87
8214 4040.85
8228 4040.69
8229 4040.68
8230 4040.66
8239 4040.61
8245 4040.54
8254 4040.5
8267 4040.49
8281 4040.47
8295 4040.43
8304 4040.37
8316 4040.33
8325 4040.32
8333 4040.27
8348 4040.26
8400 4040.25
8415 4040.24
8422 4040.18
8428 4040.17
8438 4040.1
8483 4040.08
8516 4040.06
8519 4040.05
8522 4040.02
8530 4040
8539 4039.99
8550 4039.97
8558 4039.94
8582 4039.91
8583 4039.86
8596 4039.85
8603 4039.84
8637 4039.83
8647 4039.78
8648 4039.71
8669 4039.66
8687 4039.63
8690 4039.59
8702 4039.54
8705 4039.51
8713 4039.47
8744 4039.46
8748 4039.43
8752 4039.42
8794 4039.34
8796 4039.32
8799 4039.3
8837 4039.25
8840 4039.22
8860 4039.21
8916 4039.2
8918 4039.17
8920 4039.14
8931 4039.13
8948 4039.12
8969 4039.06
8988 4039.04
8993 4039.02
9081 4038.99
9093 4038.95
9100 4038.92
9130 4038.91
9168 4038.85
9170 4038.82
9191 4038.81
9228 4038.77
9265 4038.73
9268 4038.72
9301 4038.64
9322 4038.62
9323 4038.52
9328 4038.5
9361 4038.48
9374 4038.45
9396 4038.44
9417 4038.42
9443 4038.37
9472 4038.26
9499 4038.2
9516 4038.19
9543 4038.14
9547 4038.11
9549 4038.1
9553 4038.06
9591 4038.05
9594 4038.03
9661 4037.99
9681 4037.97
9757 4037.91
9758 4037.86
9774 4037.83
9782 4037.81
9783 4037.77
9793 4037.75
9804 4037.74
9807 4037.73
9825 4037.71
9838 4037.66
9862 4037.63
9871 4037.62
9878 4037.54
9927 4037.52
9933 4037.46
9956 4037.45
9987 4037.38
9993 4037.35
10000 4037.32
10005 4037.29
10055 4037.2
10117 4037.03
10169 4037
10179 4036.96
10189 4036.95
10214 4036.9
10255 4036.89
10293 4036.78
10312 4036.77
10381 4036.67
10495 4036.65
10505 4036.62
10529 4036.59
10565 4036.58
10579 4036.55
10627 4036.51
10629 4036.44
10651 4036.43
10675 4036.41
10735 4036.4
10738 4036.36
10764 4036.3
10798 4036.29
10880 4036.27
10898 4036.2
10928 4036.19
10966 4036.17
10984 4036.12
11004 4036.1
11018 4036.08
11055 4035.99
11060 4035.91
11163 4035.9
11369 4035.85
11370 4035.73
11373 4035.72
11406 4035.62
11480 4035.61
11501 4035.59
11542 4035.55
11546 4035.52
11628 4035.48
11671 4035.46
11766 4035.36
11816 4035.28
11864 4035.23
11871 4035.19
11926 4035.13
11933 4035.12
11962 4035.06
11963 4035.05
11972 4035.03
11975 4035.02
12079 4035.01
12111 4034.92
12128 4034.89
12136 4034.78
12154 4034.76
12159 4034.68
12167 4034.66
12185 4034.65
12194 4034.61
12215 4034.59
12232 4034.57
12244 4034.55
12253 4034.53
12279 4034.52
12285 4034.49
12289 4034.42
12293 4034.3
12331 4034.29
12418 4034.18
12426 4034.08
12470 4034.07
12606 4034.03
12612 4034
12922 4033.97
13076 4033.93
13146 4033.91
13498 4033.9
13547 4033.87
13733 4033.83
13739 4033.81
14306 4033.78
14406 4033.77
14555 4033.76
15290 4033.72
17076 4033.7
