2401 0
4802 0
7203 0
9604 0
12005 0
14406 0
16807 0
19208 0
21609 0
24010 0
26411 0
28812 0
31213 0
33614 0
36015 0
38416 0
40817 0
43218 0
45619 0
48020 0
50421 0
52822 0
55223 0
57624 0
60025 0
62426 0
64827 0
67228 0
69629 0
72030 0
74431 0
76832 0
79233 0
81634 0
84035 0
86436 0
88837 0
91238 0
93639 0
96040 0
98441 0
100842 0
103243 0
105644 0
108045 0
110446 0
112847 0
115248 0
117649 0
120050 0
122451 0
124852 0
127253 0
129654 0
132055 0
134456 0
136857 0
139258 0
141659 0
144060 0
146461 0
148862 0
151263 0
153664 0
156065 0
158466 0
160867 0
163268 0
165669 0
168070 0
170471 0
172872 0
175273 0
177674 0
180075 0
182476 0
184877 0
187278 0
189679 0
192080 0
194481 0
196882 0
199283 0
201684 0
204085 0
206486 0
208887 0
211288 0
213689 0
216090 0
218491 0
220892 0
223293 0
225694 0
228095 0
230496 0
232897 0
235298 0
237699 0
240100 0
242501 0
244902 0
247303 0
249704 0
252105 0
254506 0
256907 0
259308 0
261709 0
264110 0
266511 0
268912 0
271313 0
273714 0
276115 0
278516 0
280917 0
283318 0
285719 0
288120 0
290521 0
292922 0
295323 0
297724 0
300125 0
302526 0
304927 0
307328 0
309729 0
312130 0
314531 0
316932 0
319333 0
321734 0
324135 0
326536 0
328937 0
331338 0
333739 0
336140 0
338541 0
340942 0
343343 0
345744 0
348145 0
350546 0
352947 0
355348 0
357749 0
360150 0
362551 0
367353 0
369754 0
372155 0
374556 0
376957 0
379358 0
381759 0
384160 0
386561 0
