496 0
992 0
1488 0
1984 0
2480 0
2976 0
3472 0
3968 0
4464 0
4960 0
5456 0
5952 0
6448 0
6944 0
7440 0
7936 0
8432 0
8928 0
9424 0
9920 0
10416 0
10912 0
11408 0
11904 0
12400 0
12896 0
13392 0
13888 0
14384 0
14880 0
15376 0
15872 0
16368 0
16864 0
17360 0
17856 0
18352 0
18848 0
19344 0
19840 0
20336 0
20832 0
21328 0
21824 0
22320 0
22816 0
23312 0
23808 0
24304 0
24800 0
25296 0
25792 0
26288 0
26784 0
27280 0
27776 0
28272 0
28768 0
29264 0
29760 0
30256 0
30752 0
31248 0
32240 0
32736 0
33232 0
33728 0
34224 0
34720 0
35216 0
35712 0
36208 0
36704 0
37200 0
37696 0
38192 0
38688 0
39184 0
39680 0
40176 0
40672 0
41168 0
41664 0
42160 0
42656 0
43648 0
44640 0
45136 0
45632 0
46128 0
46624 0
47120 0
49600 0
50096 0
50592 0
51088 0
51584 0
52576 0
54560 0
55056 0
56048 0
56544 0
57536 0
58032 0
60016 0
61008 0
61504 0
62000 0
62992 0
64480 0
64976 0
65472 0
66464 0
68448 0
69936 0
76880 0
77376 0
77872 0
79856 0
80352 0
81344 0
83328 0
83824 0
86800 0
87296 0
87792 0
88288 0
90768 0
91264 0
91760 0
92752 0
95232 0
98208 0
98704 0
100192 0
100688 0
114080 0
119040 0
119536 0
120032 0
120528 0
122016 0
124496 0
128960 0
129456 0
129952 0
131440 0
131936 0
134912 0
135408 0
138384 0
141856 0
143344 0
145824 0
159216 0
161200 0
164176 0
169136 0
172112 0
172608 0
176576 0
179056 0
181536 0
198400 0
198896 0
202864 0
207824 0
240560 0
274288 0
274784 0
281232 0
295616 0
342240 0
