128 0.51717351485149
256 0.53762377227723
384 0.55601451485149
512 0.57185232673267
640 0.5857049009901
768 0.59816699009901
896 0.60906932673267
1024 0.6190564950495
1152 0.62849775247525
1280 0.6367545049505
1408 0.64430284158416
1536 0.65114847524752
1664 0.65757892079208
1792 0.66321518811881
1920 0.66837233663366
2048 0.67312617821782
2176 0.6771599009901
2304 0.68119496039604
2432 0.68509718811881
2560 0.68790858415842
2688 0.69066911881188
2816 0.69298042574257
2944 0.69508072277228
3072 0.69693074257426
3200 0.69812682178218
3328 0.69951517821782
3456 0.70061524752475
3584 0.70134511881188
3712 0.70189294059406
3840 0.70229505940594
3968 0.70254393069307
4096 0.70269552475248
4224 0.70288753465347
4352 0.7030309009901
4480 0.70317693069307
4608 0.70329620792079
4736 0.70345844554455
4864 0.70366588118812
4992 0.7037268019802
5120 0.70372966336634
5248 0.70373168316832
5376 0.70374685148515
