0 0.478043
128 0.501815
256 0.522873
384 0.541357
512 0.558887
640 0.572592
768 0.585917
896 0.598582
1024 0.610427
1152 0.620056
1280 0.624705
1408 0.630096
1536 0.636587
1664 0.644893
1792 0.653175
1920 0.657275
2048 0.660979
2176 0.665898
2304 0.668346
2432 0.67497
2560 0.676917
2688 0.679707
2816 0.683245
2944 0.685329
3072 0.68906
3200 0.690721
3328 0.695975
3456 0.697978
3584 0.700511
3712 0.702981
3840 0.709769
3968 0.71197
4096 0.713397
4224 0.717841
4352 0.718805
4480 0.719503
4608 0.719832
4736 0.720248
4864 0.724981
4992 0.725219
