0 0.510646
128 0.54226
256 0.570667
384 0.586023
512 0.597758
640 0.603745
768 0.613772
896 0.628336
1024 0.632253
1152 0.640065
1280 0.643188
1408 0.646673
1536 0.648309
1664 0.652557
1792 0.656402
1920 0.65974
2048 0.664955
2176 0.673474
2304 0.678326
2432 0.68234
2560 0.684313
2688 0.688709
2816 0.695115
2944 0.696155
3072 0.700585
3200 0.704882
3328 0.713698
3456 0.715484
3584 0.718771
3712 0.719867
3840 0.724412
3968 0.725229
4096 0.72878
4224 0.729847
4352 0.730517
4480 0.738121
4608 0.743265
4736 0.747999
4864 0.748686
4992 0.751242
