0 0.468254
128 0.490038
256 0.508918
384 0.527765
512 0.543901
640 0.559603
768 0.574352
896 0.587262
1024 0.597917
1152 0.607974
1280 0.621272
1408 0.631129
1536 0.640755
1664 0.648732
1792 0.655911
1920 0.666623
2048 0.673561
2176 0.684584
2304 0.692118
2432 0.696556
2560 0.703036
2688 0.705716
2816 0.70989
2944 0.711748
3072 0.714767
3200 0.716102
3328 0.718716
3456 0.719169
3584 0.719562
3712 0.721828
3840 0.72295
3968 0.723776
4096 0.724674
4224 0.725111
4352 0.726212
4480 0.727144
4608 0.727287
4736 0.729729
4864 0.732531
