0 0.532113
512 0.540807
1024 0.54948
1536 0.55493
2048 0.559933
2560 0.564642
3072 0.568983
3584 0.573841
4096 0.578589
4608 0.582719
5120 0.586829
5632 0.590577
6144 0.594256
6656 0.597867
7168 0.601464
7680 0.604942
8192 0.608228
8704 0.611356
9216 0.61427
9728 0.61738
10240 0.620131
10752 0.622903
11264 0.625432
11776 0.627891
12288 0.629978
12800 0.632802
13312 0.634827
13824 0.637025
14336 0.638948
14848 0.64081
15360 0.642606
15872 0.644282
16384 0.647616
16896 0.650462
17408 0.652032
17920 0.653559
18432 0.65508
18944 0.656576
19456 0.65798
19968 0.659357
20480 0.661089
20992 0.663307
21504 0.664559
22016 0.665785
22528 0.667847
23040 0.669008
23552 0.670098
24064 0.671149
24576 0.672199
25088 0.673221
25600 0.674162
26112 0.675074
26624 0.676352
27136 0.677406
27648 0.679242
28160 0.680037
28672 0.681562
29184 0.68298
29696 0.684076
30208 0.685009
30720 0.686352
31232 0.687755
31744 0.689015
32256 0.690385
32768 0.691156
33280 0.691583
33792 0.691976
34304 0.693578
34816 0.694148
35328 0.694713
35840 0.695666
36352 0.696439
36864 0.697918
37376 0.698583
37888 0.699248
38400 0.699819
38912 0.700264
39424 0.70152
39936 0.702351
40448 0.70367
40960 0.70446
41472 0.705649
41984 0.70673
42496 0.707616
43008 0.708143
43520 0.708435
44032 0.708776
44544 0.709047
45056 0.711034
45568 0.712169
46080 0.7122
