0 0.508901
512 0.518162
1024 0.526688
1536 0.534165
2048 0.54028
2560 0.546127
3072 0.551397
3584 0.556509
4096 0.561006
4608 0.565432
5120 0.569751
5632 0.57416
6144 0.578417
6656 0.582464
7168 0.586207
7680 0.58993
8192 0.593779
8704 0.597499
9216 0.601075
9728 0.604422
10240 0.607508
10752 0.610576
11264 0.613361
11776 0.615975
12288 0.618864
12800 0.62162
13312 0.624312
13824 0.626425
14336 0.62838
14848 0.631562
15360 0.633514
15872 0.635317
16384 0.637881
16896 0.639997
17408 0.641749
17920 0.643851
18432 0.645839
18944 0.647503
19456 0.649039
19968 0.650829
20480 0.652314
20992 0.653754
21504 0.655397
22016 0.657325
22528 0.66021
23040 0.661646
23552 0.663023
24064 0.664313
24576 0.665776
25088 0.666985
25600 0.668124
26112 0.669343
26624 0.670835
27136 0.673185
27648 0.674812
28160 0.675801
28672 0.676979
29184 0.677889
29696 0.67899
30208 0.68002
30720 0.681338
31232 0.682395
31744 0.683539
32256 0.685796
32768 0.686947
33280 0.688343
33792 0.689802
34304 0.690959
34816 0.692103
35328 0.693316
35840 0.694145
36352 0.694943
36864 0.695735
37376 0.696476
37888 0.697305
38400 0.697978
38912 0.699453
39424 0.700361
39936 0.700906
40448 0.701322
40960 0.701659
41472 0.702526
41984 0.70283
42496 0.703125
43008 0.704164
43520 0.704406
44032 0.70531
44544 0.706102
45056 0.707324
45568 0.708369
46080 0.709342
46592 0.70955
47104 0.709716
47616 0.710801
48128 0.711886
48640 0.712658
49152 0.713226
49664 0.713693
50176 0.71418
50688 0.714417
51200 0.714637
51712 0.716764
52224 0.718204
52736 0.720498
53248 0.720561
