0 0.507551
512 0.516515
1024 0.522858
1536 0.529545
2048 0.535463
2560 0.54168
3072 0.546298
3584 0.550983
4096 0.555501
4608 0.559678
5120 0.564771
5632 0.569571
6144 0.574032
6656 0.577917
7168 0.58118
7680 0.584442
8192 0.587667
8704 0.590609
9216 0.593349
9728 0.596056
10240 0.598895
10752 0.601594
11264 0.60497
11776 0.607875
12288 0.611518
12800 0.614148
13312 0.616898
13824 0.61941
14336 0.622504
14848 0.624915
15360 0.628372
15872 0.630749
16384 0.633124
16896 0.63543
17408 0.637521
17920 0.639649
18432 0.641421
18944 0.643372
19456 0.645088
19968 0.647014
20480 0.649646
20992 0.651114
21504 0.653608
22016 0.655879
22528 0.659041
23040 0.660412
23552 0.661616
24064 0.662777
24576 0.664906
25088 0.666232
25600 0.668887
26112 0.670375
26624 0.671359
27136 0.672184
27648 0.674365
28160 0.675172
28672 0.676471
29184 0.678291
29696 0.679229
30208 0.679671
30720 0.680099
31232 0.680468
31744 0.681965
32256 0.682895
32768 0.684638
33280 0.685472
33792 0.68627
34304 0.687397
34816 0.688326
35328 0.690094
35840 0.690844
36352 0.69153
36864 0.692184
37376 0.692807
37888 0.69342
38400 0.694477
38912 0.694962
39424 0.695426
39936 0.696047
40448 0.6973
40960 0.698089
41472 0.698539
41984 0.698914
42496 0.699281
43008 0.699496
43520 0.699684
44032 0.699863
44544 0.700285
45056 0.700339
45568 0.702298
46080 0.702327
46592 0.702809
47104 0.703728
47616 0.703878
48128 0.704098
