0 0.51829
512 0.524982
1024 0.530885
1536 0.536649
2048 0.542355
2560 0.547107
3072 0.55176
3584 0.556282
4096 0.560739
4608 0.565881
5120 0.570152
5632 0.574229
6144 0.578796
6656 0.582759
7168 0.586757
7680 0.590717
8192 0.594561
8704 0.599375
9216 0.602858
9728 0.605894
10240 0.608912
10752 0.611797
11264 0.61462
11776 0.617361
12288 0.620131
12800 0.622604
13312 0.624999
13824 0.627956
14336 0.6302
14848 0.632777
15360 0.634806
15872 0.63703
16384 0.639685
16896 0.641669
17408 0.644496
17920 0.64681
18432 0.649046
18944 0.650983
19456 0.65289
19968 0.65613
20480 0.657892
20992 0.659287
21504 0.660634
22016 0.661917
22528 0.663854
23040 0.665492
23552 0.666702
24064 0.667799
24576 0.668835
25088 0.670754
25600 0.672219
26112 0.673725
26624 0.675014
27136 0.676479
27648 0.677933
28160 0.680871
28672 0.68255
29184 0.684772
29696 0.686321
30208 0.687531
30720 0.688516
31232 0.689802
31744 0.690692
32256 0.691534
32768 0.69236
33280 0.693093
33792 0.69512
34304 0.696521
34816 0.697234
35328 0.698751
35840 0.699887
36352 0.701524
36864 0.702369
37376 0.702982
37888 0.703496
38400 0.703828
38912 0.704369
39424 0.705917
39936 0.706153
40448 0.706376
40960 0.706582
41472 0.706746
41984 0.706846
42496 0.707377
43008 0.707446
