0 0.486016
512 0.493211
1024 0.501725
1536 0.508723
2048 0.51585
2560 0.522571
3072 0.529237
3584 0.536556
4096 0.542863
4608 0.548872
5120 0.554463
5632 0.559854
6144 0.564829
6656 0.569783
7168 0.574386
7680 0.578274
8192 0.581927
8704 0.5855
9216 0.589058
9728 0.594033
10240 0.59753
10752 0.601025
11264 0.604434
11776 0.607806
12288 0.610896
12800 0.613914
13312 0.617402
13824 0.620201
14336 0.623545
14848 0.626332
15360 0.62911
15872 0.631819
16384 0.634422
16896 0.636878
17408 0.639311
17920 0.64164
18432 0.644112
18944 0.646579
19456 0.648823
19968 0.650645
20480 0.652449
20992 0.65438
21504 0.656172
22016 0.658873
22528 0.660626
23040 0.662313
23552 0.663914
24064 0.66673
24576 0.668213
25088 0.66965
25600 0.671785
26112 0.674043
26624 0.675482
27136 0.677304
27648 0.678703
28160 0.679922
28672 0.681956
29184 0.683537
29696 0.684732
30208 0.686221
30720 0.687347
31232 0.688415
31744 0.69062
32256 0.691608
32768 0.692661
33280 0.693704
33792 0.694625
34304 0.695761
34816 0.697545
35328 0.698448
35840 0.699343
36352 0.700615
36864 0.7015
37376 0.702352
37888 0.703093
38400 0.703789
38912 0.704924
39424 0.705827
39936 0.706507
40448 0.707183
40960 0.707834
41472 0.709157
41984 0.709787
42496 0.710411
43008 0.710869
43520 0.711273
44032 0.711674
44544 0.71271
45056 0.713684
45568 0.714056
46080 0.714409
46592 0.714674
47104 0.715151
47616 0.715303
48128 0.715446
48640 0.715565
49152 0.716033
49664 0.716415
50176 0.716498
50688 0.717991
