0 0.523637
512 0.530219
1024 0.53654
1536 0.542448
2048 0.548613
2560 0.554235
3072 0.559659
3584 0.564724
4096 0.56883
4608 0.572812
5120 0.57678
5632 0.581917
6144 0.585554
6656 0.588874
7168 0.592168
7680 0.595319
8192 0.598741
8704 0.601758
9216 0.604959
9728 0.60796
10240 0.6111
10752 0.61399
11264 0.616756
11776 0.61971
12288 0.623038
12800 0.626144
13312 0.628842
13824 0.631515
14336 0.63404
14848 0.637115
15360 0.639107
15872 0.641141
16384 0.643414
16896 0.64517
17408 0.646789
17920 0.648354
18432 0.649841
18944 0.651255
19456 0.653048
19968 0.65507
20480 0.656648
20992 0.658138
21504 0.659435
22016 0.660656
22528 0.661953
23040 0.663654
23552 0.665172
24064 0.666341
24576 0.6681
25088 0.669259
25600 0.670402
26112 0.671772
26624 0.672872
27136 0.675009
27648 0.676511
28160 0.677553
28672 0.679617
29184 0.682139
29696 0.683976
30208 0.685365
30720 0.686433
31232 0.687252
31744 0.688555
32256 0.689298
32768 0.689964
33280 0.690611
33792 0.691117
34304 0.693183
34816 0.693671
35328 0.694151
35840 0.69486
36352 0.695587
36864 0.69696
37376 0.697411
37888 0.698032
38400 0.698427
38912 0.699679
39424 0.699955
39936 0.700401
40448 0.700663
40960 0.702597
41472 0.70285
41984 0.703042
42496 0.703182
43008 0.703997
43520 0.704658
44032 0.705743
44544 0.706398
45056 0.706932
45568 0.708534
46080 0.709632
46592 0.709995
47104 0.710126
47616 0.710524
48128 0.711379
48640 0.711714
49152 0.712027
49664 0.712271
50176 0.712396
50688 0.713228
51200 0.713996
51712 0.714224
52224 0.714526
52736 0.715266
53248 0.716264
53760 0.716324
54272 0.717245
54784 0.718293
55296 0.719026
55808 0.719358
56320 0.719518
56832 0.719626
57344 0.721073
57856 0.722106
58368 0.722395
58880 0.722591
59392 0.722652
59904 0.722683
