0 0.494804
512 0.50132
1024 0.506904
1536 0.512198
2048 0.517257
2560 0.522621
3072 0.527527
3584 0.532274
4096 0.536898
4608 0.541455
5120 0.545863
5632 0.550123
6144 0.554312
6656 0.55838
7168 0.563232
7680 0.567485
8192 0.571524
8704 0.576055
9216 0.580091
9728 0.583837
10240 0.58741
10752 0.591028
11264 0.59427
11776 0.597835
12288 0.602773
12800 0.606719
13312 0.609798
13824 0.613355
14336 0.616419
14848 0.619389
15360 0.622668
15872 0.625425
16384 0.627973
16896 0.630503
17408 0.632983
17920 0.635608
18432 0.63792
18944 0.640222
19456 0.642506
19968 0.644589
20480 0.646466
20992 0.648321
21504 0.650073
22016 0.652804
22528 0.654512
23040 0.656412
23552 0.658075
24064 0.659656
24576 0.662001
25088 0.663624
25600 0.665269
26112 0.666668
26624 0.669445
27136 0.670758
27648 0.67186
28160 0.673555
28672 0.674624
29184 0.675616
29696 0.677298
30208 0.678142
30720 0.679631
31232 0.680545
31744 0.683555
32256 0.684408
32768 0.685185
33280 0.685937
33792 0.686591
34304 0.687993
34816 0.688547
35328 0.690032
35840 0.691714
36352 0.692376
36864 0.693101
37376 0.693632
37888 0.69416
38400 0.694687
38912 0.695192
39424 0.696183
39936 0.696361
40448 0.697263
40960 0.697501
41472 0.697947
41984 0.698093
42496 0.699138
43008 0.700315
43520 0.700712
44032 0.702174
44544 0.703503
45056 0.704833
45568 0.705376
46080 0.705769
46592 0.706088
47104 0.706314
47616 0.70816
48128 0.70883
48640 0.709967
49152 0.71102
49664 0.71241
50176 0.712622
50688 0.712923
51200 0.713019
51712 0.713073
52224 0.713093
