0 0.497261
512 0.505378
1024 0.512864
1536 0.51978
2048 0.526725
2560 0.533554
3072 0.54035
3584 0.545667
4096 0.55089
4608 0.55597
5120 0.560869
5632 0.565755
6144 0.570371
6656 0.574914
7168 0.578996
7680 0.582926
8192 0.586811
8704 0.590586
9216 0.594172
9728 0.597627
10240 0.601039
10752 0.604654
11264 0.608205
11776 0.611543
12288 0.61481
12800 0.617779
13312 0.620712
13824 0.62353
14336 0.626308
14848 0.628894
15360 0.631972
15872 0.635098
16384 0.63759
16896 0.640052
17408 0.643207
17920 0.645239
18432 0.647064
18944 0.649856
19456 0.651683
19968 0.653789
20480 0.657068
20992 0.659834
21504 0.661551
22016 0.664079
22528 0.665906
23040 0.667621
23552 0.669284
24064 0.671069
24576 0.67267
25088 0.674226
25600 0.675763
26112 0.677272
26624 0.678665
27136 0.679779
27648 0.680663
28160 0.681467
28672 0.682239
29184 0.683001
29696 0.684012
30208 0.685602
30720 0.687056
31232 0.688027
31744 0.688737
32256 0.689436
32768 0.690128
33280 0.690802
33792 0.692238
34304 0.692744
34816 0.693248
35328 0.6936
35840 0.693932
36352 0.694175
36864 0.694637
37376 0.695475
37888 0.696052
38400 0.697162
38912 0.697607
39424 0.697844
39936 0.698036
40448 0.698182
40960 0.698474
41472 0.700687
41984 0.701003
42496 0.702729
43008 0.703456
43520 0.703498
44032 0.703664
44544 0.704256
45056 0.705452
45568 0.705987
