0 0.498403
512 0.50748
1024 0.515951
1536 0.523366
2048 0.529598
2560 0.535732
3072 0.541633
3584 0.547141
4096 0.552575
4608 0.558115
5120 0.563061
5632 0.568002
6144 0.572755
6656 0.577334
7168 0.581874
7680 0.586302
8192 0.590272
8704 0.593822
9216 0.597294
9728 0.600751
10240 0.604581
10752 0.608819
11264 0.612257
11776 0.615799
12288 0.619227
12800 0.62273
13312 0.626054
13824 0.629694
14336 0.632918
14848 0.636033
15360 0.639717
15872 0.643543
16384 0.646394
16896 0.64923
17408 0.651927
17920 0.654349
18432 0.6563
18944 0.659039
19456 0.661863
19968 0.664333
20480 0.666228
20992 0.668095
21504 0.67008
22016 0.671922
22528 0.673443
23040 0.674809
23552 0.676091
24064 0.678338
24576 0.680302
25088 0.682468
25600 0.683915
26112 0.685074
26624 0.686706
27136 0.687818
27648 0.68893
28160 0.689989
28672 0.691063
29184 0.692082
29696 0.692992
30208 0.694584
30720 0.695447
31232 0.696964
31744 0.697754
32256 0.698507
32768 0.699233
33280 0.699887
33792 0.700404
34304 0.700868
34816 0.701585
35328 0.70212
35840 0.702562
36352 0.703023
36864 0.703916
37376 0.704565
37888 0.705401
38400 0.70582
38912 0.707188
39424 0.707297
39936 0.70782
40448 0.708296
40960 0.708396
41472 0.709063
41984 0.709152
42496 0.70926
