0 0.500167
512 0.508121
1024 0.515383
1536 0.521975
2048 0.528127
2560 0.534087
3072 0.539529
3584 0.54487
4096 0.550019
4608 0.555149
5120 0.559975
5632 0.564783
6144 0.569248
6656 0.57309
7168 0.576873
7680 0.580635
8192 0.58433
8704 0.587987
9216 0.591508
9728 0.594601
10240 0.598108
10752 0.601117
11264 0.604105
11776 0.606968
12288 0.609796
12800 0.613136
13312 0.616221
13824 0.619171
14336 0.622586
14848 0.625409
15360 0.628092
15872 0.63067
16384 0.633174
16896 0.635559
17408 0.638236
17920 0.640639
18432 0.64294
18944 0.645132
19456 0.647304
19968 0.649474
20480 0.651629
20992 0.653405
21504 0.655008
22016 0.657537
22528 0.659055
23040 0.660314
23552 0.661419
24064 0.662488
24576 0.663528
25088 0.664549
25600 0.66589
26112 0.667038
26624 0.668498
27136 0.670081
27648 0.671321
28160 0.672512
28672 0.673789
29184 0.674807
29696 0.676323
30208 0.677384
30720 0.678367
31232 0.679239
31744 0.680095
32256 0.680886
32768 0.681417
33280 0.682055
33792 0.683374
34304 0.683896
34816 0.684396
35328 0.686116
35840 0.686616
36352 0.688645
36864 0.690267
37376 0.690999
37888 0.691677
38400 0.693405
38912 0.693895
39424 0.695055
39936 0.696075
40448 0.696445
40960 0.697326
41472 0.698975
41984 0.701124
42496 0.70197
43008 0.702745
43520 0.704539
44032 0.70605
44544 0.706839
45056 0.707624
45568 0.708498
46080 0.709535
46592 0.709987
47104 0.710323
47616 0.711956
48128 0.712275
48640 0.713037
49152 0.713335
49664 0.713629
50176 0.713695
50688 0.713741
51200 0.714501
51712 0.715133
52224 0.715462
52736 0.716286
53248 0.716641
53760 0.716691
