0 0.511475
512 0.518522
1024 0.525372
1536 0.532024
2048 0.537987
2560 0.543084
3072 0.548057
3584 0.552902
4096 0.557446
4608 0.561826
5120 0.565837
5632 0.570756
6144 0.575483
6656 0.579313
7168 0.582993
7680 0.586655
8192 0.590081
8704 0.593472
9216 0.596655
9728 0.59982
10240 0.602948
10752 0.606009
11264 0.608974
11776 0.611902
12288 0.615025
12800 0.618703
13312 0.622197
13824 0.625186
14336 0.627831
14848 0.630337
15360 0.63283
15872 0.635293
16384 0.637559
16896 0.640188
17408 0.643006
17920 0.645339
18432 0.647518
18944 0.649525
19456 0.652414
19968 0.654257
20480 0.656017
20992 0.657701
21504 0.659258
22016 0.66069
22528 0.662095
23040 0.663405
23552 0.665203
24064 0.666778
24576 0.668285
25088 0.669767
25600 0.671057
26112 0.672281
26624 0.67349
27136 0.676099
27648 0.678175
28160 0.679577
28672 0.680857
29184 0.682195
29696 0.68366
30208 0.685863
30720 0.687559
31232 0.68993
31744 0.690715
32256 0.691908
32768 0.6929
33280 0.693649
33792 0.694358
34304 0.696652
34816 0.697318
35328 0.698513
35840 0.699972
36352 0.700459
36864 0.700931
37376 0.701527
37888 0.703099
38400 0.704502
38912 0.706824
39424 0.707802
39936 0.708668
40448 0.7095
40960 0.709872
41472 0.710104
41984 0.711204
42496 0.711428
43008 0.711643
43520 0.711845
44032 0.711896
