0 0.491192
512 0.500304
1024 0.50752
1536 0.5138
2048 0.51994
2560 0.525652
3072 0.530993
3584 0.536198
4096 0.541318
4608 0.546381
5120 0.550895
5632 0.554936
6144 0.559492
6656 0.563568
7168 0.567421
7680 0.571092
8192 0.574539
8704 0.577893
9216 0.581243
9728 0.584549
10240 0.587783
10752 0.59177
11264 0.594977
11776 0.598133
12288 0.601245
12800 0.605656
13312 0.608665
13824 0.61166
14336 0.614642
14848 0.617531
15360 0.620372
15872 0.623511
16384 0.626352
16896 0.62875
17408 0.631045
17920 0.633172
18432 0.635507
18944 0.63903
19456 0.642686
19968 0.644706
20480 0.646684
20992 0.648464
21504 0.650178
22016 0.652341
22528 0.654667
23040 0.656426
23552 0.659129
24064 0.661582
24576 0.663653
25088 0.665233
25600 0.666792
26112 0.668269
26624 0.669669
27136 0.67221
27648 0.675601
28160 0.676967
28672 0.678311
29184 0.679906
29696 0.681146
30208 0.682224
30720 0.683299
31232 0.684222
31744 0.685108
32256 0.687144
32768 0.688659
33280 0.689922
33792 0.690973
34304 0.692007
34816 0.692799
35328 0.693496
35840 0.694787
36352 0.695752
36864 0.696384
37376 0.696949
37888 0.698402
38400 0.698711
38912 0.700087
39424 0.701365
39936 0.703125
40448 0.70438
40960 0.705286
41472 0.707586
41984 0.708945
42496 0.709741
43008 0.710562
43520 0.711633
44032 0.712031
44544 0.712302
45056 0.712836
45568 0.713072
46080 0.714006
46592 0.715356
47104 0.715585
47616 0.715771
48128 0.71589
48640 0.715983
49152 0.716588
