0 0.486367
512 0.494167
1024 0.501483
1536 0.507331
2048 0.513054
2560 0.518413
3072 0.52362
3584 0.528806
4096 0.533461
4608 0.538074
5120 0.542576
5632 0.547054
6144 0.551532
6656 0.556613
7168 0.560981
7680 0.565031
8192 0.568992
8704 0.574577
9216 0.578239
9728 0.581768
10240 0.58529
10752 0.588774
11264 0.592243
11776 0.595677
12288 0.600231
12800 0.603138
13312 0.60583
13824 0.608489
14336 0.610917
14848 0.614728
15360 0.61758
15872 0.619947
16384 0.622268
16896 0.62449
17408 0.62666
17920 0.630673
18432 0.633442
18944 0.636279
19456 0.63842
19968 0.641064
20480 0.64384
20992 0.645741
21504 0.647605
22016 0.649456
22528 0.651414
23040 0.653148
23552 0.65473
24064 0.656275
24576 0.657699
25088 0.659192
25600 0.660556
26112 0.6628
26624 0.664893
27136 0.666663
27648 0.667923
28160 0.669005
28672 0.670068
29184 0.670984
29696 0.671818
30208 0.67339
30720 0.674974
31232 0.676023
31744 0.677785
32256 0.679262
32768 0.680674
33280 0.681811
33792 0.682958
34304 0.684083
34816 0.685206
35328 0.68625
35840 0.68721
36352 0.688084
36864 0.689019
37376 0.689855
37888 0.690878
38400 0.692382
38912 0.693034
39424 0.693837
39936 0.694394
40448 0.694884
40960 0.695277
41472 0.696147
41984 0.69665
42496 0.696892
43008 0.697677
43520 0.698368
44032 0.699111
44544 0.699299
45056 0.700229
45568 0.701306
46080 0.702056
46592 0.702203
47104 0.702313
47616 0.702411
48128 0.703486
48640 0.703881
49152 0.704852
49664 0.704916
50176 0.704924
50688 0.705212
