0 0.502392
512 0.511112
1024 0.519812
1536 0.526363
2048 0.532782
2560 0.539016
3072 0.544727
3584 0.550328
4096 0.555803
4608 0.56103
5120 0.566252
5632 0.571303
6144 0.575697
6656 0.58003
7168 0.584339
7680 0.587946
8192 0.591536
8704 0.594981
9216 0.598202
9728 0.601211
10240 0.604108
10752 0.606896
11264 0.609547
11776 0.612162
12288 0.61477
12800 0.617722
13312 0.620984
13824 0.624255
14336 0.62743
14848 0.630759
15360 0.633319
15872 0.635826
16384 0.638212
16896 0.640888
17408 0.643152
17920 0.645163
18432 0.647128
18944 0.649062
19456 0.650962
19968 0.652825
20480 0.655191
20992 0.657501
21504 0.659645
22016 0.661658
22528 0.664188
23040 0.666029
23552 0.667786
24064 0.669264
24576 0.670707
25088 0.672132
25600 0.673345
26112 0.674316
26624 0.675237
27136 0.676812
27648 0.678214
28160 0.67928
28672 0.680371
29184 0.681415
29696 0.68326
30208 0.68472
30720 0.68563
31232 0.686502
31744 0.687341
32256 0.68788
32768 0.688329
33280 0.688753
33792 0.689173
34304 0.689969
34816 0.690387
35328 0.690638
35840 0.691187
36352 0.692295
36864 0.693009
37376 0.693421
37888 0.694463
38400 0.696607
38912 0.69748
39424 0.698404
39936 0.699317
40448 0.700688
40960 0.701343
41472 0.701701
41984 0.702796
42496 0.703322
43008 0.703504
43520 0.704054
44032 0.704845
44544 0.705076
45056 0.706052
45568 0.708613
46080 0.709082
46592 0.709226
47104 0.709306
47616 0.70933
48128 0.711151
48640 0.711887
49152 0.713437
49664 0.713547
50176 0.713676
