0 0.494685
512 0.501139
1024 0.507266
1536 0.513832
2048 0.518718
2560 0.523565
3072 0.529066
3584 0.533866
4096 0.538656
4608 0.543398
5120 0.548092
5632 0.552762
6144 0.557463
6656 0.562077
7168 0.566616
7680 0.571147
8192 0.575586
8704 0.579769
9216 0.583903
9728 0.588025
10240 0.591871
10752 0.595209
11264 0.59917
11776 0.602284
12288 0.605061
12800 0.607958
13312 0.61156
13824 0.614587
14336 0.617982
14848 0.62066
15360 0.623142
15872 0.625435
16384 0.628363
16896 0.630774
17408 0.634469
17920 0.636543
18432 0.638584
18944 0.64056
19456 0.642521
19968 0.645292
20480 0.647142
20992 0.648967
21504 0.650965
22016 0.652753
22528 0.654385
23040 0.655918
23552 0.657279
24064 0.658609
24576 0.659853
25088 0.661005
25600 0.662767
26112 0.663774
26624 0.664783
27136 0.665912
27648 0.666906
28160 0.667865
28672 0.66879
29184 0.670474
29696 0.671272
30208 0.673559
30720 0.674309
31232 0.675199
31744 0.676186
32256 0.677565
32768 0.67825
33280 0.67909
33792 0.679919
34304 0.680524
34816 0.681123
35328 0.68197
35840 0.682542
36352 0.683403
36864 0.684651
37376 0.685548
37888 0.686033
38400 0.688686
38912 0.689254
39424 0.690048
39936 0.691775
40448 0.692233
40960 0.693863
41472 0.694284
41984 0.694879
42496 0.695897
43008 0.696208
43520 0.697074
44032 0.697377
44544 0.69838
45056 0.698644
45568 0.698845
46080 0.699071
46592 0.699152
47104 0.69922
47616 0.699278
48128 0.699453
48640 0.700154
