0 0.516023
512 0.52211
1024 0.52731
1536 0.532117
2048 0.537543
2560 0.542483
3072 0.547251
3584 0.551954
4096 0.556641
4608 0.56125
5120 0.565746
5632 0.570084
6144 0.57435
6656 0.578546
7168 0.583254
7680 0.587109
8192 0.590908
8704 0.594446
9216 0.597644
9728 0.601009
10240 0.604004
10752 0.607881
11264 0.611057
11776 0.614577
12288 0.617674
12800 0.620376
13312 0.623034
13824 0.625675
14336 0.628296
14848 0.630672
15360 0.632856
15872 0.63501
16384 0.638466
16896 0.640412
17408 0.642344
17920 0.644274
18432 0.646126
18944 0.647919
19456 0.64961
19968 0.651245
20480 0.654106
20992 0.656049
21504 0.65778
22016 0.659372
22528 0.660933
23040 0.662435
23552 0.664419
24064 0.666237
24576 0.667695
25088 0.669057
25600 0.67058
26112 0.67185
26624 0.67383
27136 0.675059
27648 0.676856
28160 0.678151
28672 0.679699
29184 0.680862
29696 0.681958
30208 0.682848
30720 0.685607
31232 0.687308
31744 0.688666
32256 0.689863
32768 0.690681
33280 0.691403
33792 0.692088
34304 0.692714
34816 0.693322
35328 0.693924
35840 0.695842
36352 0.696384
36864 0.696769
37376 0.697828
37888 0.698545
38400 0.698889
38912 0.69918
39424 0.69944
39936 0.700274
40448 0.700426
40960 0.700915
41472 0.7011
41984 0.701225
