0 0.513954
512 0.522216
1024 0.529807
1536 0.53637
2048 0.542627
2560 0.548346
3072 0.553272
3584 0.55803
4096 0.562998
4608 0.567688
5120 0.571589
5632 0.57543
6144 0.579
6656 0.582375
7168 0.58569
7680 0.588648
8192 0.591442
8704 0.594204
9216 0.59692
9728 0.599537
10240 0.602142
10752 0.604625
11264 0.607127
11776 0.609451
12288 0.611735
12800 0.61391
13312 0.616522
13824 0.619071
14336 0.621161
14848 0.624186
15360 0.626664
15872 0.629894
16384 0.631837
16896 0.633669
17408 0.635507
17920 0.638954
18432 0.641084
18944 0.642823
19456 0.644711
19968 0.646298
20480 0.648086
20992 0.649724
21504 0.651955
22016 0.653981
22528 0.655542
23040 0.658189
23552 0.66028
24064 0.661831
24576 0.663376
25088 0.66487
25600 0.66628
26112 0.667616
26624 0.669183
27136 0.670998
27648 0.673667
28160 0.675137
28672 0.676518
29184 0.67789
29696 0.679223
30208 0.680549
30720 0.682115
31232 0.683336
31744 0.684806
32256 0.686177
32768 0.68722
33280 0.689651
33792 0.690648
34304 0.691624
34816 0.693367
35328 0.694332
35840 0.695273
36352 0.696825
36864 0.698524
37376 0.699621
37888 0.700697
38400 0.701568
38912 0.702639
39424 0.703777
39936 0.706321
40448 0.707319
40960 0.707915
41472 0.709425
41984 0.710008
42496 0.710618
43008 0.711074
43520 0.71152
44032 0.7121
44544 0.712421
45056 0.712574
45568 0.712678
46080 0.712735
46592 0.712788
47104 0.712901
47616 0.712948
48128 0.713424
48640 0.713453
49152 0.714603
49664 0.715939
50176 0.716805
50688 0.71721
51200 0.717432
51712 0.717642
52224 0.718613
52736 0.718914
53248 0.719139
53760 0.719435
54272 0.719643
54784 0.719784
55296 0.720055
55808 0.720154
56320 0.720633
56832 0.721532
57344 0.722188
57856 0.722794
58368 0.722927
