0 0.48981
512 0.496512
1024 0.503184
1536 0.509361
2048 0.514912
2560 0.520399
3072 0.525726
3584 0.531049
4096 0.536254
4608 0.541163
5120 0.546042
5632 0.550384
6144 0.554615
6656 0.558779
7168 0.56291
7680 0.566966
8192 0.571022
8704 0.576271
9216 0.579934
9728 0.583245
10240 0.587118
10752 0.590916
11264 0.594508
11776 0.597607
12288 0.60159
12800 0.605517
13312 0.608957
13824 0.611907
14336 0.61455
14848 0.618053
15360 0.620659
15872 0.62412
16384 0.626872
16896 0.629381
17408 0.631789
17920 0.63411
18432 0.63665
18944 0.638796
19456 0.640902
19968 0.643347
20480 0.645448
20992 0.647439
21504 0.650145
22016 0.65212
22528 0.654057
23040 0.656268
23552 0.658848
24064 0.660995
24576 0.664432
25088 0.666161
25600 0.668608
26112 0.670662
26624 0.673405
27136 0.675222
27648 0.677118
28160 0.678772
28672 0.68013
29184 0.681287
29696 0.682492
30208 0.683623
30720 0.68469
31232 0.686383
31744 0.687605
32256 0.688619
32768 0.689534
33280 0.690327
33792 0.6915
34304 0.692311
34816 0.69303
35328 0.693698
35840 0.694904
36352 0.695443
36864 0.695874
37376 0.696539
37888 0.697376
38400 0.699359
38912 0.700089
39424 0.701432
39936 0.702057
40448 0.703279
40960 0.70442
41472 0.705514
41984 0.706903
42496 0.707698
43008 0.709558
43520 0.710346
44032 0.711959
44544 0.712903
45056 0.713809
45568 0.715839
46080 0.716745
46592 0.717357
47104 0.717707
47616 0.718303
48128 0.718562
48640 0.718733
49152 0.718866
49664 0.720166
50176 0.720452
50688 0.720516
51200 0.720676
51712 0.720721
52224 0.720747
