0 0.490299
512 0.496849
1024 0.50326
1536 0.509423
2048 0.515344
2560 0.520193
3072 0.525465
3584 0.530576
4096 0.535407
4608 0.541568
5120 0.546112
5632 0.55037
6144 0.554609
6656 0.558744
7168 0.56285
7680 0.566956
8192 0.57141
8704 0.575564
9216 0.579755
9728 0.583662
10240 0.587486
10752 0.591091
11264 0.59442
11776 0.5975
12288 0.600669
12800 0.60367
13312 0.60662
13824 0.609494
14336 0.612183
14848 0.614837
15360 0.61712
15872 0.619815
16384 0.622594
16896 0.625267
17408 0.627473
17920 0.62944
18432 0.632211
18944 0.635208
19456 0.637743
19968 0.639905
20480 0.641755
20992 0.643471
21504 0.645156
22016 0.647095
22528 0.648719
23040 0.6518
23552 0.653547
24064 0.655411
24576 0.656988
25088 0.658468
25600 0.659937
26112 0.661617
26624 0.66301
27136 0.665151
27648 0.666499
28160 0.667503
28672 0.668449
29184 0.669382
29696 0.670497
30208 0.672287
30720 0.6737
31232 0.675606
31744 0.677536
32256 0.679073
32768 0.680551
33280 0.68195
33792 0.68296
34304 0.68387
34816 0.684766
35328 0.685494
35840 0.686957
36352 0.68767
36864 0.689624
37376 0.690317
37888 0.690865
38400 0.691255
38912 0.691639
39424 0.692469
39936 0.692802
40448 0.693774
40960 0.694106
41472 0.69467
41984 0.694998
42496 0.696359
43008 0.698829
43520 0.699222
44032 0.699906
44544 0.700111
45056 0.700716
45568 0.701084
46080 0.701287
46592 0.701457
47104 0.701817
47616 0.704307
48128 0.704925
48640 0.705205
49152 0.706888
49664 0.707916
50176 0.70939
50688 0.709576
51200 0.709698
51712 0.710661
52224 0.710842
52736 0.712254
53248 0.712324
53760 0.712369
54272 0.713503
54784 0.714471
55296 0.714761
55808 0.716381
56320 0.716544
56832 0.717087
57344 0.717984
57856 0.718299
58368 0.71842
58880 0.718426
59392 0.71843
59904 0.718699
60416 0.718873
60928 0.719186
