0 0.514913
512 0.524253
1024 0.532882
1536 0.540322
2048 0.547146
2560 0.553274
3072 0.558475
3584 0.563678
4096 0.568714
4608 0.573032
5120 0.577268
5632 0.581496
6144 0.585306
6656 0.589686
7168 0.593352
7680 0.596627
8192 0.600828
8704 0.603829
9216 0.606796
9728 0.609597
10240 0.612311
10752 0.614569
11264 0.617034
11776 0.619275
12288 0.621451
12800 0.623608
13312 0.625763
13824 0.627737
14336 0.629663
14848 0.631555
15360 0.633406
15872 0.635236
16384 0.637994
16896 0.639514
17408 0.641161
17920 0.642768
18432 0.644873
18944 0.64644
19456 0.64799
19968 0.650213
20480 0.651702
20992 0.652923
21504 0.654041
22016 0.655068
22528 0.656029
23040 0.65837
23552 0.660268
24064 0.661574
24576 0.663375
25088 0.664343
25600 0.665355
26112 0.666216
26624 0.667868
27136 0.669388
27648 0.671861
28160 0.672925
28672 0.67472
29184 0.67554
29696 0.676351
30208 0.677153
30720 0.67791
31232 0.679146
31744 0.680449
32256 0.681173
32768 0.681849
33280 0.682925
33792 0.684221
34304 0.685101
34816 0.685976
35328 0.687299
35840 0.687803
36352 0.688515
36864 0.688996
37376 0.68945
37888 0.690721
38400 0.691625
38912 0.692181
39424 0.693152
39936 0.694042
40448 0.694687
40960 0.696901
41472 0.69736
41984 0.698118
42496 0.698535
43008 0.699392
43520 0.700189
44032 0.700954
44544 0.701355
45056 0.701753
45568 0.702118
46080 0.702457
46592 0.703415
47104 0.703893
47616 0.704774
48128 0.70586
48640 0.707726
49152 0.708813
49664 0.70947
50176 0.710628
50688 0.711251
51200 0.711496
51712 0.711646
52224 0.712327
52736 0.712676
53248 0.713143
53760 0.713257
54272 0.713296
54784 0.714557
