0 0.505551
512 0.512509
1024 0.51926
1536 0.524892
2048 0.531162
2560 0.537193
3072 0.542705
3584 0.547793
4096 0.552768
4608 0.557536
5120 0.562294
5632 0.567041
6144 0.571358
6656 0.57521
7168 0.578995
7680 0.582628
8192 0.586239
8704 0.58961
9216 0.59388
9728 0.597674
10240 0.600811
10752 0.603948
11264 0.607121
11776 0.610222
12288 0.612916
12800 0.615491
13312 0.618799
13824 0.622264
14336 0.625262
14848 0.628087
15360 0.631531
15872 0.634633
16384 0.637057
16896 0.63946
17408 0.641808
17920 0.644098
18432 0.646357
18944 0.648595
19456 0.651659
19968 0.654128
20480 0.656272
20992 0.65933
21504 0.661362
22016 0.663356
22528 0.664974
23040 0.666489
23552 0.668
24064 0.669497
24576 0.670902
25088 0.673291
25600 0.674678
26112 0.67596
26624 0.67745
27136 0.678695
27648 0.679921
28160 0.680884
28672 0.681838
29184 0.682738
29696 0.684717
30208 0.685601
30720 0.68636
31232 0.687085
31744 0.688653
32256 0.68939
32768 0.690857
33280 0.693782
33792 0.694565
34304 0.695411
34816 0.696221
35328 0.696949
35840 0.699047
36352 0.700398
36864 0.701177
37376 0.701925
37888 0.702535
38400 0.702968
38912 0.70337
39424 0.703759
39936 0.704504
40448 0.704764
40960 0.704934
41472 0.70513
41984 0.705639
42496 0.706213
43008 0.706876
43520 0.70726
44032 0.707524
44544 0.707723
45056 0.708191
45568 0.708953
46080 0.709282
46592 0.709847
47104 0.710855
47616 0.711128
48128 0.71129
48640 0.711317
