0 0.510176
512 0.518581
1024 0.525426
1536 0.532971
2048 0.539656
2560 0.545191
3072 0.550516
3584 0.555654
4096 0.560767
4608 0.565021
5120 0.569005
5632 0.572889
6144 0.576744
6656 0.580967
7168 0.585139
7680 0.589279
8192 0.593073
8704 0.597192
9216 0.600645
9728 0.603867
10240 0.606822
10752 0.609677
11264 0.612427
11776 0.616781
12288 0.619346
12800 0.622908
13312 0.625299
13824 0.627653
14336 0.629618
14848 0.631646
15360 0.634495
15872 0.637375
16384 0.639373
16896 0.64126
17408 0.643985
17920 0.646561
18432 0.649098
18944 0.651428
19456 0.654431
19968 0.656451
20480 0.660188
20992 0.662272
21504 0.663828
22016 0.665377
22528 0.667991
23040 0.670696
23552 0.673111
24064 0.675151
24576 0.676672
25088 0.678132
25600 0.679548
26112 0.680659
26624 0.681725
27136 0.682532
27648 0.683295
28160 0.684026
28672 0.684705
29184 0.685326
29696 0.686705
30208 0.687303
30720 0.688107
31232 0.688682
31744 0.689249
32256 0.689994
32768 0.690528
33280 0.69105
33792 0.692464
34304 0.692953
34816 0.693402
35328 0.69475
35840 0.695188
36352 0.695851
36864 0.69649
37376 0.698215
37888 0.69944
38400 0.699732
38912 0.700035
39424 0.700233
39936 0.700684
40448 0.701129
40960 0.701502
41472 0.703879
41984 0.704703
42496 0.706352
43008 0.707121
43520 0.707743
44032 0.708287
44544 0.708813
45056 0.709469
45568 0.709734
46080 0.710153
46592 0.710963
47104 0.711701
47616 0.711842
48128 0.711895
