0 0.51993
512 0.527888
1024 0.534138
1536 0.540511
2048 0.546366
2560 0.552707
3072 0.557225
3584 0.561721
4096 0.5662
4608 0.570618
5120 0.574947
5632 0.578827
6144 0.582594
6656 0.586204
7168 0.589737
7680 0.594101
8192 0.597604
8704 0.600406
9216 0.603184
9728 0.605814
10240 0.608423
10752 0.610991
11264 0.613566
11776 0.616111
12288 0.618482
12800 0.620752
13312 0.623742
13824 0.626828
14336 0.629555
14848 0.632005
15360 0.634071
15872 0.636082
16384 0.638065
16896 0.639931
17408 0.643035
17920 0.645983
18432 0.648044
18944 0.649853
19456 0.651644
19968 0.653964
20480 0.655908
20992 0.65857
21504 0.660148
22016 0.661502
22528 0.662805
23040 0.665589
23552 0.666948
24064 0.668228
24576 0.670046
25088 0.67204
25600 0.673317
26112 0.675412
26624 0.677392
27136 0.678626
27648 0.67989
28160 0.68178
28672 0.683755
29184 0.68495
29696 0.687014
30208 0.688812
30720 0.690384
31232 0.691399
31744 0.692406
32256 0.693144
32768 0.693872
33280 0.69584
33792 0.697169
34304 0.698707
34816 0.699569
35328 0.700397
35840 0.701158
36352 0.702975
36864 0.703982
37376 0.705231
37888 0.706045
38400 0.706821
38912 0.708986
39424 0.710391
39936 0.711015
40448 0.711619
40960 0.712181
41472 0.712572
41984 0.712921
42496 0.713439
43008 0.713786
43520 0.714862
44032 0.716543
44544 0.717503
45056 0.718207
45568 0.718444
46080 0.719304
46592 0.719808
47104 0.720092
47616 0.720489
48128 0.720643
48640 0.722005
49152 0.722758
49664 0.722931
50176 0.723293
50688 0.723416
51200 0.723749
51712 0.724018
52224 0.724131
52736 0.726221
53248 0.726714
53760 0.726811
54272 0.727564
54784 0.728201
55296 0.728565
55808 0.729021
56320 0.729353
56832 0.729669
57344 0.730194
57856 0.730386
58368 0.730453
58880 0.730584
59392 0.730693
59904 0.73164
60416 0.731804
60928 0.733144
61440 0.733852
