0 0.510304
512 0.516829
1024 0.523272
1536 0.52941
2048 0.534892
2560 0.540695
3072 0.546137
3584 0.551382
4096 0.555506
4608 0.56006
5120 0.564144
5632 0.568962
6144 0.572892
6656 0.576294
7168 0.579685
7680 0.582856
8192 0.58597
8704 0.589591
9216 0.593046
9728 0.596283
10240 0.599297
10752 0.602303
11264 0.605177
11776 0.607996
12288 0.610458
12800 0.612836
13312 0.615767
13824 0.61813
14336 0.620532
14848 0.622731
15360 0.625346
15872 0.627543
16384 0.629677
16896 0.631783
17408 0.633807
17920 0.635819
18432 0.637796
18944 0.639841
19456 0.641782
19968 0.645135
20480 0.648123
20992 0.650421
21504 0.65247
22016 0.655189
22528 0.657218
23040 0.659015
23552 0.660789
24064 0.662523
24576 0.664094
25088 0.66602
25600 0.668568
26112 0.670321
26624 0.672009
27136 0.674144
27648 0.675764
28160 0.677317
28672 0.678513
29184 0.680304
29696 0.681424
30208 0.682343
30720 0.683815
31232 0.684734
31744 0.685884
32256 0.686897
32768 0.688096
33280 0.689532
33792 0.690376
34304 0.691206
34816 0.691952
35328 0.692419
35840 0.693652
36352 0.694272
36864 0.694809
37376 0.695266
37888 0.695559
38400 0.696434
38912 0.697006
39424 0.69735
39936 0.698198
40448 0.6998
40960 0.700429
41472 0.701044
41984 0.701304
42496 0.701644
43008 0.701714
43520 0.701727
44032 0.701742
44544 0.70293
45056 0.702945
