0 0.505393
512 0.513056
1024 0.519966
1536 0.526847
2048 0.532411
2560 0.538071
3072 0.543298
3584 0.548525
4096 0.553659
4608 0.558635
5120 0.564689
5632 0.569589
6144 0.574489
6656 0.578948
7168 0.583008
7680 0.587061
8192 0.591029
8704 0.594683
9216 0.59825
9728 0.601718
10240 0.605068
10752 0.608149
11264 0.611277
11776 0.614443
12288 0.617405
12800 0.62028
13312 0.623223
13824 0.625678
14336 0.628977
14848 0.631266
15360 0.634177
15872 0.636327
16384 0.638674
16896 0.641134
17408 0.642957
17920 0.644737
18432 0.646496
18944 0.648611
19456 0.650358
19968 0.652044
20480 0.653708
20992 0.655418
21504 0.657021
22016 0.659573
22528 0.661798
23040 0.66343
23552 0.665011
24064 0.666376
24576 0.667987
25088 0.669851
25600 0.671122
26112 0.672299
26624 0.674506
27136 0.675904
27648 0.677017
28160 0.678083
28672 0.679137
29184 0.680138
29696 0.681264
30208 0.682485
30720 0.683517
31232 0.68508
31744 0.686258
32256 0.687405
32768 0.688131
33280 0.68918
33792 0.689904
34304 0.690596
34816 0.691227
35328 0.691693
35840 0.692242
36352 0.693657
36864 0.694521
37376 0.694922
37888 0.695237
38400 0.696583
38912 0.69689
39424 0.69828
39936 0.699377
40448 0.699989
40960 0.700654
41472 0.701144
41984 0.701844
42496 0.702311
43008 0.702448
43520 0.702743
44032 0.702897
44544 0.702958
