0 0.515879
512 0.52295
1024 0.529507
1536 0.535785
2048 0.541333
2560 0.546609
3072 0.55165
3584 0.556219
4096 0.560657
4608 0.564777
5120 0.568785
5632 0.572703
6144 0.576437
6656 0.580027
7168 0.583542
7680 0.586876
8192 0.590149
8704 0.59359
9216 0.596826
9728 0.600811
10240 0.603801
10752 0.606763
11264 0.610352
11776 0.61327
12288 0.616086
12800 0.61873
13312 0.621373
13824 0.623803
14336 0.626079
14848 0.628281
15360 0.630482
15872 0.632665
16384 0.634912
16896 0.637095
17408 0.638967
17920 0.640838
18432 0.642692
18944 0.645159
19456 0.646882
19968 0.64989
20480 0.651694
20992 0.653468
21504 0.655363
22016 0.656979
22528 0.658789
23040 0.660489
23552 0.66302
24064 0.664693
24576 0.666334
25088 0.669044
25600 0.672511
26112 0.675139
26624 0.676639
27136 0.678102
27648 0.679607
28160 0.682532
28672 0.683887
29184 0.685199
29696 0.686374
30208 0.687453
30720 0.689433
31232 0.690333
31744 0.691142
32256 0.69212
32768 0.692735
33280 0.693472
33792 0.694544
34304 0.696668
34816 0.697693
35328 0.698865
35840 0.700544
36352 0.701534
36864 0.702594
37376 0.703478
37888 0.704014
38400 0.705007
38912 0.705642
39424 0.706154
39936 0.706622
40448 0.707637
40960 0.708312
41472 0.709381
41984 0.709929
42496 0.711124
43008 0.711559
43520 0.713285
44032 0.713714
44544 0.714112
45056 0.714482
45568 0.714713
46080 0.715255
46592 0.715468
47104 0.715655
47616 0.715794
48128 0.715855
