0 0.487885
512 0.497089
1024 0.504836
1536 0.511394
2048 0.517597
2560 0.52374
3072 0.530327
3584 0.535614
4096 0.540772
4608 0.54575
5120 0.550636
5632 0.555496
6144 0.560295
6656 0.565288
7168 0.570025
7680 0.574719
8192 0.578837
8704 0.582892
9216 0.586354
9728 0.589769
10240 0.593093
10752 0.596312
11264 0.599483
11776 0.602463
12288 0.605408
12800 0.608696
13312 0.611344
13824 0.613979
14336 0.616517
14848 0.619673
15360 0.622191
15872 0.624477
16384 0.626763
16896 0.629011
17408 0.631274
17920 0.633265
18432 0.635152
18944 0.637605
19456 0.639347
19968 0.641748
20480 0.643373
20992 0.644945
21504 0.646489
22016 0.649398
22528 0.651255
23040 0.654094
23552 0.655932
24064 0.658245
24576 0.660015
25088 0.662172
25600 0.663666
26112 0.665117
26624 0.666356
27136 0.667513
27648 0.668639
28160 0.669746
28672 0.671006
29184 0.672377
29696 0.673478
30208 0.674951
30720 0.677206
31232 0.678814
31744 0.680231
32256 0.681247
32768 0.682875
33280 0.683742
33792 0.68496
34304 0.686307
34816 0.687281
35328 0.687959
35840 0.689466
36352 0.691886
36864 0.693031
37376 0.69397
37888 0.694641
38400 0.695299
38912 0.696634
39424 0.697073
39936 0.698461
40448 0.700149
40960 0.700692
41472 0.701168
41984 0.701885
42496 0.702466
43008 0.703235
43520 0.704337
44032 0.705883
44544 0.706586
45056 0.706947
45568 0.707278
46080 0.707657
46592 0.708211
47104 0.708431
