0 0.521725
512 0.528106
1024 0.53404
1536 0.539339
2048 0.544542
2560 0.549689
3072 0.5547
3584 0.559445
4096 0.563824
4608 0.568116
5120 0.572384
5632 0.576443
6144 0.580389
6656 0.583894
7168 0.587312
7680 0.592219
8192 0.596461
8704 0.600378
9216 0.60387
9728 0.607264
10240 0.610569
10752 0.613514
11264 0.616271
11776 0.61889
12288 0.622243
12800 0.625099
13312 0.627627
13824 0.629968
14336 0.632241
14848 0.63449
15360 0.636584
15872 0.638657
16384 0.641202
16896 0.643831
17408 0.645739
17920 0.647499
18432 0.649259
18944 0.650933
19456 0.653321
19968 0.655368
20480 0.657383
20992 0.658958
21504 0.660328
22016 0.661553
22528 0.664786
23040 0.66645
23552 0.668925
24064 0.67031
24576 0.671556
25088 0.673285
25600 0.675209
26112 0.678071
26624 0.679737
27136 0.680966
27648 0.68216
28160 0.683162
28672 0.685238
29184 0.686609
29696 0.687349
30208 0.688073
30720 0.688781
31232 0.689683
31744 0.690374
32256 0.691566
32768 0.692513
33280 0.694059
33792 0.694664
34304 0.695268
34816 0.695721
35328 0.696448
35840 0.697604
36352 0.698905
36864 0.699744
37376 0.700217
37888 0.700641
38400 0.701057
38912 0.701443
39424 0.701628
39936 0.702647
40448 0.702917
40960 0.7038
41472 0.704259
41984 0.70451
42496 0.704764
43008 0.704886
43520 0.705566
44032 0.70654
44544 0.706848
45056 0.708139
45568 0.708407
46080 0.708591
46592 0.708788
47104 0.709245
47616 0.709408
48128 0.709696
48640 0.710594
