0 0.518734
512 0.525147
1024 0.531478
1536 0.537733
2048 0.543333
2560 0.54886
3072 0.554113
3584 0.559296
4096 0.563985
4608 0.568613
5120 0.572738
5632 0.576638
6144 0.580655
6656 0.58455
7168 0.588436
7680 0.592237
8192 0.596282
8704 0.599926
9216 0.603454
9728 0.606888
10240 0.610311
10752 0.613374
11264 0.616342
11776 0.619295
12288 0.62259
12800 0.625377
13312 0.627956
13824 0.630466
14336 0.632421
14848 0.634368
15360 0.636272
15872 0.638856
16384 0.640723
16896 0.64254
17408 0.64433
17920 0.645968
18432 0.647383
18944 0.649957
19456 0.65132
19968 0.652672
20480 0.654276
20992 0.655492
21504 0.657289
22016 0.659702
22528 0.661301
23040 0.663646
23552 0.665842
24064 0.668396
24576 0.669776
25088 0.67097
25600 0.671995
26112 0.67316
26624 0.675134
27136 0.67607
27648 0.676864
28160 0.678733
28672 0.679741
29184 0.681306
29696 0.68279
30208 0.684376
30720 0.685668
31232 0.686438
31744 0.688173
32256 0.68916
32768 0.689903
33280 0.690632
33792 0.691356
34304 0.692057
34816 0.692723
35328 0.693782
35840 0.694509
36352 0.695419
36864 0.696062
37376 0.69657
37888 0.697542
38400 0.698623
38912 0.699529
39424 0.700046
39936 0.700617
40448 0.701085
40960 0.702294
41472 0.703042
41984 0.705236
42496 0.705756
43008 0.706159
43520 0.706536
44032 0.707072
44544 0.708135
45056 0.709009
45568 0.709811
46080 0.71055
46592 0.711078
47104 0.711188
47616 0.711238
48128 0.712078
48640 0.712406
49152 0.712636
49664 0.713388
50176 0.71394
50688 0.713964
51200 0.714105
