0 0.506514
512 0.512319
1024 0.518045
1536 0.523525
2048 0.528855
2560 0.534083
3072 0.539286
3584 0.544401
4096 0.549455
4608 0.554129
5120 0.558632
5632 0.564247
6144 0.569609
6656 0.574022
7168 0.577906
7680 0.581588
8192 0.585234
8704 0.588506
9216 0.591767
9728 0.594999
10240 0.597931
10752 0.600839
11264 0.603607
11776 0.606299
12288 0.609485
12800 0.612069
13312 0.614427
13824 0.616722
14336 0.61968
14848 0.622437
15360 0.625029
15872 0.627456
16384 0.630177
16896 0.632381
17408 0.634618
17920 0.636726
18432 0.638821
18944 0.64085
19456 0.642833
19968 0.644626
20480 0.646353
20992 0.64789
21504 0.650709
22016 0.652132
22528 0.653904
23040 0.655489
23552 0.656812
24064 0.658338
24576 0.660028
25088 0.66135
25600 0.66279
26112 0.664643
26624 0.666401
27136 0.667637
27648 0.669228
28160 0.670397
28672 0.671432
29184 0.673533
29696 0.67499
30208 0.677465
30720 0.678665
31232 0.679532
31744 0.680985
32256 0.682704
32768 0.683992
33280 0.684942
33792 0.686844
34304 0.68879
34816 0.689642
35328 0.690686
35840 0.691437
36352 0.692115
36864 0.692997
37376 0.693749
37888 0.694317
38400 0.69483
38912 0.695253
39424 0.695972
39936 0.696296
40448 0.69656
40960 0.697416
41472 0.699092
41984 0.699467
42496 0.699628
43008 0.699977
43520 0.700386
44032 0.70052
44544 0.701364
45056 0.70175
45568 0.70187
46080 0.702208
46592 0.703357
47104 0.703571
47616 0.703623
48128 0.703671
48640 0.704412
49152 0.705375
49664 0.706035
50176 0.706414
50688 0.70793
51200 0.70859
51712 0.708844
52224 0.709128
52736 0.709306
53248 0.709537
53760 0.710182
54272 0.710403
54784 0.711547
55296 0.712151
55808 0.712432
