0 0.497232
512 0.507056
1024 0.513927
1536 0.520648
2048 0.527191
2560 0.533573
3072 0.539931
3584 0.545242
4096 0.550177
4608 0.554805
5120 0.559779
5632 0.564437
6144 0.569006
6656 0.573326
7168 0.577571
7680 0.581783
8192 0.585655
8704 0.589104
9216 0.592419
9728 0.59565
10240 0.598846
10752 0.602021
11264 0.605124
11776 0.609675
12288 0.612985
12800 0.616437
13312 0.619594
13824 0.623351
14336 0.626393
14848 0.629391
15360 0.6323
15872 0.635072
16384 0.637985
16896 0.641722
17408 0.644421
17920 0.647104
18432 0.649639
18944 0.652006
19456 0.654725
19968 0.657181
20480 0.659248
20992 0.661234
21504 0.664073
22016 0.666043
22528 0.667909
23040 0.669701
23552 0.671317
24064 0.672839
24576 0.674248
25088 0.675762
25600 0.678099
26112 0.679373
26624 0.680594
27136 0.682239
27648 0.68381
28160 0.685221
28672 0.68665
29184 0.688963
29696 0.689995
30208 0.690954
30720 0.692075
31232 0.694382
31744 0.695501
32256 0.696437
32768 0.697784
33280 0.700075
33792 0.701431
34304 0.702248
34816 0.703964
35328 0.704507
35840 0.705772
36352 0.706244
36864 0.707961
37376 0.709503
37888 0.710068
38400 0.710619
38912 0.710965
39424 0.711295
39936 0.711527
40448 0.713327
40960 0.713961
41472 0.714827
41984 0.715038
42496 0.715232
43008 0.716132
43520 0.71629
44032 0.717095
44544 0.717418
45056 0.717649
45568 0.717868
46080 0.717935
