0 0.512604
512 0.5213
1024 0.527517
1536 0.533695
2048 0.539845
2560 0.545896
3072 0.551767
3584 0.556199
4096 0.560469
4608 0.565221
5120 0.570701
5632 0.575423
6144 0.57984
6656 0.583667
7168 0.58669
7680 0.589689
8192 0.592664
8704 0.595499
9216 0.598306
9728 0.601268
10240 0.604987
10752 0.607839
11264 0.610595
11776 0.613208
12288 0.615919
12800 0.618469
13312 0.620757
13824 0.623031
14336 0.625108
14848 0.62774
15360 0.630756
15872 0.633088
16384 0.634941
16896 0.637294
17408 0.63923
17920 0.641067
18432 0.6429
18944 0.644579
19456 0.646176
19968 0.647698
20480 0.649732
20992 0.651346
21504 0.653276
22016 0.654965
22528 0.656928
23040 0.658533
23552 0.65992
24064 0.6629
24576 0.665294
25088 0.666633
25600 0.667896
26112 0.669
26624 0.670231
27136 0.671332
27648 0.67232
28160 0.673255
28672 0.674124
29184 0.675635
29696 0.676357
30208 0.677314
30720 0.678147
31232 0.678844
31744 0.679468
32256 0.680155
32768 0.681018
33280 0.681926
33792 0.682605
34304 0.683767
34816 0.684786
35328 0.685414
35840 0.685925
36352 0.686793
36864 0.687398
37376 0.688777
37888 0.689337
38400 0.68984
38912 0.690272
39424 0.691141
39936 0.691545
40448 0.692351
40960 0.692733
41472 0.693113
41984 0.693481
42496 0.69456
43008 0.695303
43520 0.696891
44032 0.698903
44544 0.699371
45056 0.699746
45568 0.700611
46080 0.701669
46592 0.701978
47104 0.702139
47616 0.702246
48128 0.702731
48640 0.704283
49152 0.704749
49664 0.70477
50176 0.705434
50688 0.706174
51200 0.706635
51712 0.707009
52224 0.709263
52736 0.710011
53248 0.711914
53760 0.712756
54272 0.714419
54784 0.71503
55296 0.715559
55808 0.717084
56320 0.717318
56832 0.718533
57344 0.719045
57856 0.719471
58368 0.719608
58880 0.720767
59392 0.721068
59904 0.721272
60416 0.721394
