0 0.509032
512 0.515595
1024 0.522127
1536 0.528121
2048 0.534336
2560 0.540182
3072 0.545956
3584 0.551678
4096 0.556964
4608 0.562232
5120 0.566799
5632 0.570949
6144 0.574971
6656 0.578469
7168 0.581941
7680 0.585344
8192 0.588605
8704 0.591803
9216 0.594814
9728 0.597851
10240 0.601448
10752 0.604498
11264 0.607424
11776 0.610222
12288 0.612858
12800 0.615406
13312 0.618122
13824 0.620627
14336 0.623189
14848 0.625583
15360 0.627804
15872 0.629958
16384 0.632169
16896 0.634447
17408 0.63721
17920 0.639111
18432 0.640917
18944 0.642678
19456 0.644394
19968 0.646071
20480 0.64777
20992 0.649858
21504 0.653259
22016 0.654936
22528 0.656567
23040 0.658455
23552 0.659742
24064 0.661558
24576 0.662821
25088 0.664864
25600 0.666286
26112 0.667986
26624 0.669223
27136 0.67106
27648 0.672443
28160 0.673495
28672 0.674647
29184 0.675634
29696 0.676598
30208 0.677531
30720 0.679324
31232 0.68121
31744 0.682333
32256 0.683436
32768 0.684339
33280 0.685635
33792 0.68741
34304 0.689668
34816 0.690992
35328 0.69225
35840 0.693301
36352 0.693833
36864 0.694455
37376 0.694927
37888 0.695887
38400 0.696358
38912 0.696813
39424 0.697223
39936 0.69761
40448 0.697906
40960 0.698279
41472 0.698957
41984 0.699233
42496 0.699511
43008 0.699755
43520 0.700238
44032 0.70062
44544 0.701981
45056 0.702747
45568 0.703784
46080 0.704722
46592 0.705195
47104 0.70585
47616 0.706091
48128 0.70613
48640 0.706249
49152 0.706677
49664 0.707307
50176 0.708007
50688 0.708356
51200 0.710249
51712 0.711265
52224 0.711595
