0 0.500564
512 0.507564
1024 0.5145
1536 0.520201
2048 0.525606
2560 0.531001
3072 0.536348
3584 0.541727
4096 0.546412
4608 0.551159
5120 0.555422
5632 0.559644
6144 0.563688
6656 0.568587
7168 0.573858
7680 0.577715
8192 0.581482
8704 0.585245
9216 0.588906
9728 0.593036
10240 0.596681
10752 0.600227
11264 0.603816
11776 0.60724
12288 0.610872
12800 0.613896
13312 0.616751
13824 0.620202
14336 0.622878
14848 0.62555
15360 0.628014
15872 0.630421
16384 0.632792
16896 0.635146
17408 0.637243
17920 0.639275
18432 0.641371
18944 0.643459
19456 0.645554
19968 0.647444
20480 0.649324
20992 0.65079
21504 0.65239
22016 0.653941
22528 0.655774
23040 0.65715
23552 0.658519
24064 0.659799
24576 0.661904
25088 0.663343
25600 0.665104
26112 0.666722
26624 0.668211
27136 0.669479
27648 0.670661
28160 0.671821
28672 0.672957
29184 0.673894
29696 0.674785
30208 0.677035
30720 0.678722
31232 0.679826
31744 0.681331
32256 0.682517
32768 0.683584
33280 0.684566
33792 0.685408
34304 0.686228
34816 0.686875
35328 0.688
35840 0.688811
36352 0.689419
36864 0.690295
37376 0.691475
37888 0.692624
38400 0.693235
38912 0.693732
39424 0.694192
39936 0.695236
40448 0.69578
40960 0.696292
41472 0.697654
41984 0.698321
42496 0.700123
43008 0.70049
43520 0.701714
44032 0.702121
44544 0.702725
45056 0.704376
45568 0.705281
46080 0.705912
46592 0.706434
47104 0.706873
47616 0.707121
48128 0.707582
48640 0.708424
49152 0.708664
49664 0.708915
50176 0.709415
50688 0.710747
51200 0.711975
51712 0.712894
52224 0.713777
52736 0.714454
53248 0.714695
53760 0.715037
54272 0.715347
54784 0.715537
55296 0.715711
55808 0.715879
56320 0.716277
56832 0.717251
57344 0.717424
57856 0.717865
58368 0.718231
58880 0.718795
59392 0.719121
59904 0.719421
60416 0.720425
60928 0.720584
61440 0.72146
61952 0.721638
62464 0.721759
62976 0.721795
63488 0.721889
64000 0.7224
64512 0.723153
65024 0.723155
65536 0.723325
66048 0.723387
