0 0.486461
512 0.493645
1024 0.501141
1536 0.507773
2048 0.514331
2560 0.520541
3072 0.52672
3584 0.532865
4096 0.538689
4608 0.544429
5120 0.549315
5632 0.553974
6144 0.558067
6656 0.562311
7168 0.567162
7680 0.570844
8192 0.57449
8704 0.578063
9216 0.581244
9728 0.584367
10240 0.587629
10752 0.591152
11264 0.594306
11776 0.597419
12288 0.600282
12800 0.603076
13312 0.606347
13824 0.609129
14336 0.612195
14848 0.615085
15360 0.617724
15872 0.620349
16384 0.622708
16896 0.62515
17408 0.627135
17920 0.629098
18432 0.63246
18944 0.634256
19456 0.636421
19968 0.638195
20480 0.639754
20992 0.641572
21504 0.643114
22016 0.644633
22528 0.646063
23040 0.648775
23552 0.650608
24064 0.65239
24576 0.654094
25088 0.655546
25600 0.657549
26112 0.659631
26624 0.660994
27136 0.662282
27648 0.663488
28160 0.665155
28672 0.666791
29184 0.66858
29696 0.669869
30208 0.671021
30720 0.672745
31232 0.673857
31744 0.675646
32256 0.676665
32768 0.677631
33280 0.678427
33792 0.679654
34304 0.681487
34816 0.682811
35328 0.684094
35840 0.685644
36352 0.686984
36864 0.687934
37376 0.688818
37888 0.689969
38400 0.690809
38912 0.69245
39424 0.694531
39936 0.696242
40448 0.697153
40960 0.698433
41472 0.699491
41984 0.70028
42496 0.70103
43008 0.701672
43520 0.702718
44032 0.703635
44544 0.704356
45056 0.70485
45568 0.706459
46080 0.707081
46592 0.707644
47104 0.708089
47616 0.708456
48128 0.708786
48640 0.709574
49152 0.709711
49664 0.710541
50176 0.711229
50688 0.711835
51200 0.712265
51712 0.712527
52224 0.712686
52736 0.712808
53248 0.712966
53760 0.712994
