0 0.492847
512 0.500838
1024 0.506569
1536 0.5123
2048 0.517883
2560 0.523327
3072 0.528972
3584 0.534235
4096 0.539305
4608 0.544185
5120 0.548957
5632 0.554026
6144 0.558608
6656 0.563179
7168 0.567539
7680 0.571774
8192 0.575736
8704 0.580389
9216 0.584331
9728 0.590856
10240 0.595328
10752 0.59925
11264 0.602568
11776 0.605864
12288 0.609333
12800 0.612612
13312 0.615946
13824 0.618991
14336 0.621964
14848 0.624854
15360 0.627485
15872 0.629935
16384 0.632257
16896 0.634502
17408 0.637125
17920 0.63978
18432 0.642325
18944 0.644339
19456 0.646315
19968 0.64812
20480 0.649941
20992 0.652143
21504 0.653888
22016 0.656609
22528 0.658247
23040 0.659745
23552 0.661967
24064 0.663478
24576 0.664816
25088 0.666058
25600 0.667255
26112 0.66831
26624 0.669311
27136 0.670746
27648 0.673635
28160 0.67559
28672 0.677796
29184 0.679926
29696 0.680901
30208 0.681769
30720 0.683969
31232 0.686162
31744 0.687473
32256 0.68924
32768 0.690295
33280 0.691334
33792 0.692154
34304 0.694594
34816 0.695848
35328 0.696857
35840 0.698477
36352 0.699156
36864 0.6998
37376 0.700319
37888 0.700738
38400 0.701216
38912 0.703541
39424 0.705006
39936 0.706152
40448 0.706548
40960 0.706872
41472 0.707132
41984 0.709974
42496 0.712077
43008 0.712459
43520 0.712762
44032 0.713265
44544 0.713422
45056 0.713896
45568 0.715277
46080 0.716032
46592 0.716602
47104 0.717105
47616 0.718198
48128 0.719757
48640 0.720693
49152 0.720773
49664 0.721428
50176 0.721435
