0 0.531423
512 0.537725
1024 0.542785
1536 0.547486
2048 0.552101
2560 0.557066
3072 0.562
3584 0.566226
4096 0.570437
4608 0.574644
5120 0.57852
5632 0.582375
6144 0.586264
6656 0.589973
7168 0.593953
7680 0.597452
8192 0.600937
8704 0.604394
9216 0.607776
9728 0.611566
10240 0.614968
10752 0.618099
11264 0.62116
11776 0.623994
12288 0.62639
12800 0.628631
13312 0.630786
13824 0.632951
14336 0.63569
14848 0.637747
15360 0.639753
15872 0.64173
16384 0.644237
16896 0.646263
17408 0.648226
17920 0.649997
18432 0.651754
18944 0.6538
19456 0.656356
19968 0.659432
20480 0.66159
20992 0.663203
21504 0.664702
22016 0.666165
22528 0.667588
23040 0.669004
23552 0.67042
24064 0.671808
24576 0.673634
25088 0.674965
25600 0.676218
26112 0.677473
26624 0.678545
27136 0.680473
27648 0.682466
28160 0.683767
28672 0.684822
29184 0.685951
29696 0.68757
30208 0.688691
30720 0.689627
31232 0.690436
31744 0.691215
32256 0.692575
32768 0.693785
33280 0.695653
33792 0.69642
34304 0.697832
34816 0.699046
35328 0.699656
35840 0.701142
36352 0.702892
36864 0.704353
37376 0.705469
37888 0.706841
38400 0.707339
38912 0.707788
39424 0.708179
39936 0.708908
40448 0.709245
40960 0.710161
41472 0.710445
41984 0.710719
42496 0.710974
43008 0.711211
43520 0.71187
44032 0.712332
44544 0.712418
45056 0.712418
