0 0.485283
512 0.492242
1024 0.498248
1536 0.504703
2048 0.510646
2560 0.516143
3072 0.521398
3584 0.526352
4096 0.530982
4608 0.535561
5120 0.541551
5632 0.546019
6144 0.55019
6656 0.555339
7168 0.559197
7680 0.563634
8192 0.567816
8704 0.571562
9216 0.575995
9728 0.579606
10240 0.583085
10752 0.586296
11264 0.590714
11776 0.593767
12288 0.596717
12800 0.599439
13312 0.602116
13824 0.604885
14336 0.607476
14848 0.611395
15360 0.615047
15872 0.617809
16384 0.620527
16896 0.623197
17408 0.625652
17920 0.62809
18432 0.630494
18944 0.63268
19456 0.634911
19968 0.63735
20480 0.639996
20992 0.641743
21504 0.643385
22016 0.645004
22528 0.646495
23040 0.649041
23552 0.651413
24064 0.653172
24576 0.655041
25088 0.656752
25600 0.658162
26112 0.659557
26624 0.66095
27136 0.662457
27648 0.663785
28160 0.665452
28672 0.666756
29184 0.667739
29696 0.66973
30208 0.671419
30720 0.673042
31232 0.675385
31744 0.676806
32256 0.679526
32768 0.680855
33280 0.683232
33792 0.684857
34304 0.686476
34816 0.687564
35328 0.6886
35840 0.689558
36352 0.692273
36864 0.693221
37376 0.693974
37888 0.695271
38400 0.696861
38912 0.698299
39424 0.699047
39936 0.699736
40448 0.701107
40960 0.702462
41472 0.703035
41984 0.703487
42496 0.703868
43008 0.704145
43520 0.704439
44032 0.705118
44544 0.705556
45056 0.707586
45568 0.708022
46080 0.708664
46592 0.709272
47104 0.709515
47616 0.709744
48128 0.710352
48640 0.711109
49152 0.711328
49664 0.711335
50176 0.712032
50688 0.712032
51200 0.712506
