0 0.483138
512 0.492499
1024 0.498332
1536 0.503889
2048 0.509817
2560 0.515235
3072 0.520495
3584 0.525618
4096 0.530509
4608 0.535128
5120 0.539992
5632 0.544563
6144 0.549404
6656 0.55379
7168 0.557656
7680 0.561435
8192 0.565544
8704 0.569197
9216 0.573843
9728 0.577947
10240 0.581566
10752 0.585015
11264 0.588093
11776 0.591007
12288 0.59392
12800 0.596832
13312 0.599919
13824 0.603097
14336 0.606725
14848 0.609503
15360 0.61219
15872 0.614775
16384 0.617216
16896 0.620137
17408 0.622328
17920 0.624508
18432 0.627369
18944 0.629501
19456 0.631771
19968 0.633908
20480 0.63603
20992 0.637945
21504 0.639732
22016 0.641491
22528 0.643206
23040 0.645254
23552 0.646998
24064 0.648635
24576 0.65022
25088 0.651784
25600 0.653123
26112 0.654442
26624 0.656044
27136 0.65817
27648 0.659389
28160 0.661518
28672 0.66326
29184 0.665297
29696 0.666561
30208 0.667728
30720 0.668736
31232 0.669728
31744 0.670674
32256 0.671604
32768 0.672765
33280 0.673571
33792 0.674144
34304 0.675741
34816 0.676302
35328 0.677666
35840 0.680297
36352 0.681642
36864 0.682311
37376 0.68343
37888 0.684515
38400 0.686064
38912 0.687168
39424 0.688144
39936 0.688665
40448 0.689362
40960 0.689858
41472 0.690286
41984 0.691335
42496 0.691726
43008 0.692041
43520 0.692405
44032 0.692668
44544 0.69284
45056 0.693565
45568 0.693874
46080 0.694102
46592 0.695764
47104 0.695971
47616 0.69612
48128 0.6973
48640 0.697442
49152 0.697772
49664 0.69788
50176 0.698627
50688 0.69901
51200 0.699162
51712 0.700304
52224 0.701437
52736 0.701768
53248 0.701856
