0 0.480697
512 0.491927
1024 0.498434
1536 0.50473
2048 0.510978
2560 0.516948
3072 0.522764
3584 0.528236
4096 0.533161
4608 0.53807
5120 0.542904
5632 0.547185
6144 0.551459
6656 0.555458
7168 0.559309
7680 0.562822
8192 0.566699
8704 0.570167
9216 0.57385
9728 0.577214
10240 0.580496
10752 0.583539
11264 0.587475
11776 0.591167
12288 0.594737
12800 0.597917
13312 0.600838
13824 0.603958
14336 0.607401
14848 0.610545
15360 0.614459
15872 0.617191
16384 0.619793
16896 0.622113
17408 0.624383
17920 0.62732
18432 0.630046
18944 0.63274
19456 0.635012
19968 0.637463
20480 0.639881
20992 0.642069
21504 0.644321
22016 0.646371
22528 0.648399
23040 0.650375
23552 0.652508
24064 0.654233
24576 0.655838
25088 0.657829
25600 0.659568
26112 0.661062
26624 0.662531
27136 0.666048
27648 0.667922
28160 0.669145
28672 0.670238
29184 0.671331
29696 0.672265
30208 0.673566
30720 0.674326
31232 0.676498
31744 0.677151
32256 0.678236
32768 0.67992
33280 0.680541
33792 0.682136
34304 0.684735
34816 0.68531
35328 0.685824
35840 0.68699
36352 0.689288
36864 0.69028
37376 0.691247
37888 0.69193
38400 0.69261
38912 0.693005
39424 0.694778
39936 0.696102
40448 0.697119
40960 0.699262
41472 0.700177
41984 0.701048
42496 0.701519
43008 0.701895
43520 0.702761
44032 0.70312
44544 0.704822
45056 0.706433
45568 0.707838
46080 0.708647
46592 0.709815
47104 0.71004
47616 0.710362
48128 0.710472
48640 0.712086
49152 0.713002
49664 0.71357
50176 0.713627
