0 0.524534
512 0.532191
1024 0.538097
1536 0.543953
2048 0.549414
2560 0.554329
3072 0.558775
3584 0.563642
4096 0.568017
4608 0.572247
5120 0.577928
5632 0.582673
6144 0.586743
6656 0.590718
7168 0.594419
7680 0.597893
8192 0.601362
8704 0.604148
9216 0.607191
9728 0.609839
10240 0.612413
10752 0.614899
11264 0.617804
11776 0.621095
12288 0.623539
12800 0.625929
13312 0.628227
13824 0.630493
14336 0.632845
14848 0.6351
15360 0.637646
15872 0.639836
16384 0.643733
16896 0.646365
17408 0.649744
17920 0.652016
18432 0.654276
18944 0.656248
19456 0.658188
19968 0.659757
20480 0.662245
20992 0.664428
21504 0.666457
22016 0.668332
22528 0.670447
23040 0.671887
23552 0.673131
24064 0.674688
24576 0.676967
25088 0.678864
25600 0.680919
26112 0.68264
26624 0.6837
27136 0.684725
27648 0.685723
28160 0.6867
28672 0.687575
29184 0.688354
29696 0.689386
30208 0.690144
30720 0.691766
31232 0.693327
31744 0.694473
32256 0.695111
32768 0.695975
33280 0.696577
33792 0.697133
34304 0.697613
34816 0.6979
35328 0.698083
35840 0.698395
36352 0.699462
36864 0.699642
37376 0.700058
37888 0.700654
38400 0.701289
38912 0.701818
39424 0.702131
39936 0.703174
40448 0.704378
40960 0.705123
41472 0.70565
41984 0.70599
42496 0.706139
43008 0.706286
43520 0.706439
44032 0.706516
44544 0.7066
45056 0.706676
45568 0.707991
46080 0.709263
46592 0.709447
47104 0.709849
47616 0.710788
48128 0.711096
48640 0.711983
49152 0.711991
