0 0.507164
512 0.516218
1024 0.52491
1536 0.5317
2048 0.538372
2560 0.544248
3072 0.549632
3584 0.554926
4096 0.55926
4608 0.563536
5120 0.567635
5632 0.574536
6144 0.579199
6656 0.583471
7168 0.587253
7680 0.590974
8192 0.594677
8704 0.598354
9216 0.601801
9728 0.60488
10240 0.607903
10752 0.611149
11264 0.614163
11776 0.617071
12288 0.619944
12800 0.62308
13312 0.625929
13824 0.628825
14336 0.632223
14848 0.63474
15360 0.637773
15872 0.640261
16384 0.643895
16896 0.646208
17408 0.648473
17920 0.650625
18432 0.652746
18944 0.654711
19456 0.657066
19968 0.658952
20480 0.660697
20992 0.662321
21504 0.664295
22016 0.665954
22528 0.667854
23040 0.669449
23552 0.672646
24064 0.67405
24576 0.675365
25088 0.677712
25600 0.679051
26112 0.680277
26624 0.681257
27136 0.682463
27648 0.683836
28160 0.684822
28672 0.686483
29184 0.687899
29696 0.689661
30208 0.690575
30720 0.691975
31232 0.693301
31744 0.694829
32256 0.695637
32768 0.696287
33280 0.6973
33792 0.698146
34304 0.698764
34816 0.699527
35328 0.700114
35840 0.700697
36352 0.702449
36864 0.703443
37376 0.704357
37888 0.70605
38400 0.707437
38912 0.708431
39424 0.71017
39936 0.710821
40448 0.711454
40960 0.711921
41472 0.712574
41984 0.713407
42496 0.713707
43008 0.715485
43520 0.716033
44032 0.716311
44544 0.716377
45056 0.716988
45568 0.717154
46080 0.718144
46592 0.71872
47104 0.719768
47616 0.720694
48128 0.721143
48640 0.721598
49152 0.721919
49664 0.72223
50176 0.723393
50688 0.723456
