0 0.501893
512 0.509135
1024 0.515542
1536 0.521214
2048 0.526692
2560 0.532086
3072 0.537458
3584 0.542499
4096 0.548454
4608 0.553256
5120 0.558004
5632 0.562652
6144 0.567237
6656 0.571443
7168 0.575577
7680 0.579579
8192 0.58352
8704 0.587256
9216 0.590913
9728 0.594438
10240 0.59844
10752 0.601941
11264 0.605454
11776 0.608523
12288 0.611343
12800 0.614094
13312 0.616906
13824 0.619651
14336 0.623255
14848 0.625883
15360 0.628311
15872 0.630544
16384 0.633045
16896 0.635261
17408 0.638724
17920 0.640821
18432 0.643658
18944 0.646446
19456 0.648937
19968 0.651062
20480 0.652979
20992 0.654816
21504 0.6572
22016 0.658792
22528 0.660111
23040 0.661203
23552 0.66226
24064 0.663559
24576 0.664586
25088 0.66557
25600 0.666524
26112 0.667458
26624 0.66837
27136 0.669952
27648 0.671573
28160 0.672415
28672 0.673232
29184 0.674045
29696 0.674815
30208 0.676517
30720 0.677278
31232 0.678655
31744 0.679675
32256 0.680871
32768 0.681558
33280 0.682213
33792 0.682827
34304 0.683425
34816 0.685075
35328 0.685605
35840 0.686107
36352 0.687943
36864 0.688509
37376 0.690313
37888 0.690867
38400 0.691934
38912 0.692399
39424 0.692965
39936 0.693879
40448 0.695449
40960 0.696118
41472 0.696695
41984 0.697079
42496 0.697587
43008 0.698397
43520 0.698758
44032 0.699028
44544 0.700033
45056 0.700084
45568 0.702329
46080 0.702372
46592 0.702856
47104 0.702921
