0 0.480139
512 0.489488
1024 0.498024
1536 0.505983
2048 0.513623
2560 0.520913
3072 0.527397
3584 0.533818
4096 0.539916
4608 0.5452
5120 0.549949
5632 0.554416
6144 0.558818
6656 0.563131
7168 0.567191
7680 0.572918
8192 0.576845
8704 0.580686
9216 0.584634
9728 0.589335
10240 0.59356
10752 0.597372
11264 0.601052
11776 0.60466
12288 0.608107
12800 0.611997
13312 0.615338
13824 0.619336
14336 0.622628
14848 0.626423
15360 0.628902
15872 0.631254
16384 0.633438
16896 0.635617
17408 0.638171
17920 0.640219
18432 0.642804
18944 0.644688
19456 0.647561
19968 0.650013
20480 0.652376
20992 0.654008
21504 0.655449
22016 0.656817
22528 0.658522
23040 0.659813
23552 0.662165
24064 0.663965
24576 0.665729
25088 0.667105
25600 0.668545
26112 0.66977
26624 0.671259
27136 0.67242
27648 0.673891
28160 0.676346
28672 0.678013
29184 0.679125
29696 0.680611
30208 0.682429
30720 0.683477
31232 0.685199
31744 0.687221
32256 0.688453
32768 0.690486
33280 0.692057
33792 0.693038
34304 0.694905
34816 0.695795
35328 0.696647
35840 0.69747
36352 0.698498
36864 0.699309
37376 0.70119
37888 0.702521
38400 0.703244
38912 0.704432
39424 0.705141
39936 0.707761
40448 0.708446
40960 0.709113
41472 0.710204
41984 0.710739
42496 0.711218
43008 0.712732
43520 0.713584
44032 0.714415
44544 0.715111
45056 0.715667
45568 0.71595
46080 0.716466
46592 0.716679
47104 0.716792
47616 0.717331
48128 0.717616
48640 0.717637
49152 0.717652
