0 0.502335
512 0.50901
1024 0.515002
1536 0.520986
2048 0.526494
2560 0.531326
3072 0.536049
3584 0.540753
4096 0.545164
4608 0.549558
5120 0.553832
5632 0.558048
6144 0.562191
6656 0.565959
7168 0.569698
7680 0.5736
8192 0.577304
8704 0.580973
9216 0.584525
9728 0.588042
10240 0.591465
10752 0.594893
11264 0.59818
11776 0.601376
12288 0.604503
12800 0.60758
13312 0.610563
13824 0.613865
14336 0.617279
14848 0.62034
15360 0.623324
15872 0.62844
16384 0.631587
16896 0.634407
17408 0.637213
17920 0.639799
18432 0.64219
18944 0.644482
19456 0.646556
19968 0.648595
20480 0.650774
20992 0.652756
21504 0.654689
22016 0.657656
22528 0.659555
23040 0.661522
23552 0.663382
24064 0.6652
24576 0.666964
25088 0.668616
25600 0.670255
26112 0.671346
26624 0.672396
27136 0.673864
27648 0.674957
28160 0.676797
28672 0.678547
29184 0.680245
29696 0.681617
30208 0.682546
30720 0.683469
31232 0.684321
31744 0.685161
32256 0.685895
32768 0.686662
33280 0.687298
33792 0.687786
34304 0.688577
34816 0.689485
35328 0.689886
35840 0.690131
36352 0.690643
36864 0.691054
37376 0.692054
37888 0.693113
38400 0.693852
38912 0.69415
39424 0.694757
39936 0.695723
40448 0.696596
40960 0.698094
41472 0.699878
41984 0.7006
42496 0.702187
43008 0.704986
43520 0.706314
44032 0.707623
44544 0.708181
45056 0.709081
45568 0.709433
46080 0.71043
46592 0.711047
47104 0.711245
47616 0.71125
48128 0.711425
48640 0.711846
49152 0.71186
49664 0.712031
50176 0.713445
50688 0.71482
51200 0.715645
51712 0.716435
52224 0.717129
52736 0.71756
53248 0.718346
53760 0.718694
54272 0.719536
54784 0.719978
55296 0.720309
55808 0.720484
56320 0.721086
56832 0.721234
57344 0.721589
57856 0.721645
58368 0.721851
58880 0.722051
