0 0.508262
512 0.515456
1024 0.522426
1536 0.528197
2048 0.533961
2560 0.538308
3072 0.542614
3584 0.546812
4096 0.551336
4608 0.555089
5120 0.559362
5632 0.563443
6144 0.567106
6656 0.57072
7168 0.574621
7680 0.578322
8192 0.581863
8704 0.585273
9216 0.589581
9728 0.593973
10240 0.597843
10752 0.601127
11264 0.604235
11776 0.607118
12288 0.609957
12800 0.612712
13312 0.615521
13824 0.61823
14336 0.620896
14848 0.624059
15360 0.626606
15872 0.629099
16384 0.632075
16896 0.634217
17408 0.637032
17920 0.640077
18432 0.642593
18944 0.646057
19456 0.648104
19968 0.651382
20480 0.653367
20992 0.657031
21504 0.659754
22016 0.662056
22528 0.664014
23040 0.666385
23552 0.668622
24064 0.671989
24576 0.673891
25088 0.676643
25600 0.678531
26112 0.68018
26624 0.681652
27136 0.68292
27648 0.684176
28160 0.686815
28672 0.688055
29184 0.69054
29696 0.691644
30208 0.692521
30720 0.693958
31232 0.694775
31744 0.696526
32256 0.697618
32768 0.698332
33280 0.698912
33792 0.699305
34304 0.699656
34816 0.700344
35328 0.700687
35840 0.700905
36352 0.701553
36864 0.702254
37376 0.703339
37888 0.703734
38400 0.70379
38912 0.70449
39424 0.704503
39936 0.70538
40448 0.705383
