0 0.499642
512 0.506215
1024 0.512767
1536 0.518935
2048 0.525052
2560 0.531084
3072 0.536582
3584 0.542027
4096 0.547364
4608 0.552472
5120 0.556827
5632 0.561022
6144 0.565094
6656 0.569094
7168 0.573084
7680 0.577617
8192 0.581529
8704 0.585334
9216 0.588809
9728 0.592166
10240 0.595243
10752 0.599133
11264 0.60214
11776 0.605103
12288 0.608057
12800 0.610988
13312 0.613543
13824 0.61632
14336 0.619061
14848 0.621605
15360 0.624789
15872 0.628507
16384 0.630999
16896 0.633283
17408 0.635447
17920 0.637588
18432 0.639379
18944 0.641114
19456 0.642826
19968 0.64438
20480 0.645839
20992 0.647497
21504 0.649811
22016 0.652882
22528 0.654746
23040 0.656188
23552 0.657697
24064 0.659668
24576 0.66163
25088 0.663064
25600 0.664432
26112 0.666154
26624 0.667334
27136 0.668681
27648 0.669832
28160 0.672163
28672 0.674585
29184 0.675666
29696 0.677237
30208 0.678308
30720 0.679639
31232 0.680666
31744 0.682758
32256 0.68409
32768 0.685109
33280 0.686837
33792 0.689388
34304 0.690406
34816 0.691486
35328 0.692504
35840 0.693889
36352 0.694855
36864 0.697409
37376 0.698272
37888 0.698985
38400 0.699623
38912 0.701744
39424 0.702275
39936 0.703089
40448 0.703642
40960 0.704298
41472 0.704874
41984 0.7062
42496 0.706717
43008 0.707223
43520 0.708107
44032 0.708468
44544 0.710817
45056 0.711149
45568 0.711702
46080 0.711759
46592 0.711765
