0 0.496953
512 0.505528
1024 0.512545
1536 0.519425
2048 0.525347
2560 0.530936
3072 0.536439
3584 0.541906
4096 0.547335
4608 0.552727
5120 0.557713
5632 0.562745
6144 0.567146
6656 0.572045
7168 0.577104
7680 0.581246
8192 0.585303
8704 0.589033
9216 0.592729
9728 0.596138
10240 0.599508
10752 0.60282
11264 0.605932
11776 0.608961
12288 0.613941
12800 0.616701
13312 0.619459
13824 0.622208
14336 0.624913
14848 0.627612
15360 0.630299
15872 0.633186
16384 0.635719
16896 0.638096
17408 0.640725
17920 0.643014
18432 0.646055
18944 0.648342
19456 0.65063
19968 0.652819
20480 0.655005
20992 0.657241
21504 0.659821
22016 0.661931
22528 0.664654
23040 0.666519
23552 0.668052
24064 0.669551
24576 0.670949
25088 0.672598
25600 0.673837
26112 0.67586
26624 0.677128
27136 0.678299
27648 0.680572
28160 0.681765
28672 0.682923
29184 0.683976
29696 0.686254
30208 0.687944
30720 0.688936
31232 0.689921
31744 0.691379
32256 0.692606
32768 0.693564
33280 0.694351
33792 0.695502
34304 0.696285
34816 0.696992
35328 0.697637
35840 0.699127
36352 0.69965
36864 0.70038
37376 0.700822
37888 0.702413
38400 0.703814
38912 0.704672
39424 0.706416
39936 0.707523
40448 0.708347
40960 0.708984
41472 0.709344
41984 0.709676
42496 0.710003
43008 0.710498
43520 0.710846
44032 0.713207
44544 0.713532
45056 0.713758
45568 0.714776
46080 0.715451
46592 0.71598
47104 0.716037
47616 0.71606
