0 0.523142
512 0.529687
1024 0.536173
1536 0.542028
2048 0.547126
2560 0.551872
3072 0.556562
3584 0.56112
4096 0.565677
4608 0.570191
5120 0.574933
5632 0.579097
6144 0.583219
6656 0.587315
7168 0.591206
7680 0.595013
8192 0.598709
8704 0.602014
9216 0.605284
9728 0.60834
10240 0.611358
10752 0.614369
11264 0.617369
11776 0.620281
12288 0.622947
12800 0.625861
13312 0.629146
13824 0.631543
14336 0.633923
14848 0.637538
15360 0.639855
15872 0.642063
16384 0.644133
16896 0.646207
17408 0.648151
17920 0.650112
18432 0.652937
18944 0.654843
19456 0.656747
19968 0.658538
20480 0.66006
20992 0.661466
21504 0.662787
22016 0.664039
22528 0.665399
23040 0.667801
23552 0.669
24064 0.67039
24576 0.672142
25088 0.674296
25600 0.675574
26112 0.676678
26624 0.677762
27136 0.679158
27648 0.680235
28160 0.681393
28672 0.682385
29184 0.683359
29696 0.684816
30208 0.686174
30720 0.687103
31232 0.689051
31744 0.689917
32256 0.690745
32768 0.691393
33280 0.692006
33792 0.693329
34304 0.693864
34816 0.694256
35328 0.694532
35840 0.6947
36352 0.695189
36864 0.695316
37376 0.696292
37888 0.697057
38400 0.697815
38912 0.69891
39424 0.700519
39936 0.701317
40448 0.702137
40960 0.702921
41472 0.703511
41984 0.703944
42496 0.704248
43008 0.705885
43520 0.706042
44032 0.706117
44544 0.70617
45056 0.707966
45568 0.708815
46080 0.70901
46592 0.710301
47104 0.710598
47616 0.710886
48128 0.711385
48640 0.711856
49152 0.711959
49664 0.712027
50176 0.712093
50688 0.713066
51200 0.713424
51712 0.714049
52224 0.714229
52736 0.714483
53248 0.71531
