0 0.523427
512 0.530228
1024 0.536555
1536 0.542305
2048 0.547538
2560 0.55264
3072 0.557677
3584 0.562594
4096 0.56715
4608 0.571677
5120 0.575563
5632 0.579289
6144 0.582698
6656 0.587456
7168 0.591847
7680 0.595164
8192 0.598441
8704 0.601735
9216 0.604776
9728 0.607554
10240 0.610735
10752 0.613491
11264 0.616227
11776 0.618616
12288 0.621656
12800 0.623879
13312 0.62608
13824 0.628178
14336 0.630279
14848 0.632212
15360 0.634386
15872 0.636526
16384 0.639381
16896 0.642094
17408 0.644346
17920 0.646366
18432 0.648348
18944 0.650165
19456 0.652159
19968 0.655571
20480 0.657739
20992 0.659355
21504 0.660919
22016 0.662944
22528 0.664526
23040 0.666081
23552 0.667635
24064 0.669121
24576 0.670409
25088 0.67169
25600 0.673473
26112 0.67472
26624 0.676581
27136 0.677806
27648 0.679349
28160 0.680574
28672 0.682459
29184 0.684556
29696 0.685945
30208 0.688411
30720 0.689784
31232 0.691561
31744 0.693296
32256 0.695662
32768 0.697833
33280 0.699643
33792 0.701387
34304 0.702346
34816 0.703275
35328 0.705709
35840 0.706753
36352 0.707526
36864 0.708087
37376 0.70945
37888 0.71032
38400 0.71142
38912 0.712339
39424 0.713132
39936 0.714086
40448 0.714863
40960 0.715424
41472 0.715937
41984 0.71722
42496 0.718397
43008 0.719717
43520 0.720733
44032 0.721552
44544 0.722315
45056 0.722763
45568 0.723181
46080 0.723578
46592 0.725412
47104 0.72675
47616 0.727237
48128 0.727567
48640 0.727775
49152 0.72787
49664 0.729103
50176 0.729153
