0 0.50693
512 0.513679
1024 0.520008
1536 0.525857
2048 0.531672
2560 0.537257
3072 0.542765
3584 0.548248
4096 0.554121
4608 0.559649
5120 0.564586
5632 0.569468
6144 0.574068
6656 0.578247
7168 0.582666
7680 0.586922
8192 0.590349
8704 0.59367
9216 0.596886
9728 0.599898
10240 0.602817
10752 0.606405
11264 0.609577
11776 0.612432
12288 0.61511
12800 0.617655
13312 0.620185
13824 0.622653
14336 0.625524
14848 0.628161
15360 0.631196
15872 0.633719
16384 0.636276
16896 0.638714
17408 0.641117
17920 0.643154
18432 0.645136
18944 0.647331
19456 0.649266
19968 0.651191
20480 0.652928
20992 0.654614
21504 0.656286
22016 0.657838
22528 0.659238
23040 0.660574
23552 0.662458
24064 0.663783
24576 0.665574
25088 0.666994
25600 0.668907
26112 0.670308
26624 0.671495
27136 0.672806
27648 0.673809
28160 0.675479
28672 0.676937
29184 0.678374
29696 0.679639
30208 0.680679
30720 0.681694
31232 0.683887
31744 0.685723
32256 0.687526
32768 0.689204
33280 0.690524
33792 0.691532
34304 0.692523
34816 0.694372
35328 0.695508
35840 0.696442
36352 0.697202
36864 0.699039
37376 0.699875
37888 0.700646
38400 0.702127
38912 0.703029
39424 0.70434
39936 0.705081
40448 0.705934
40960 0.707662
41472 0.708618
41984 0.709377
42496 0.710159
43008 0.711154
43520 0.711771
44032 0.713317
44544 0.713916
45056 0.714358
45568 0.714871
46080 0.715484
46592 0.715816
47104 0.717346
47616 0.717617
48128 0.717883
48640 0.718111
49152 0.718235
49664 0.718271
50176 0.719111
50688 0.719574
51200 0.719823
51712 0.720496
