0 0.495945
512 0.503881
1024 0.511487
1536 0.518176
2048 0.524354
2560 0.530489
3072 0.53647
3584 0.541811
4096 0.54707
4608 0.55225
5120 0.557285
5632 0.562156
6144 0.56631
6656 0.570365
7168 0.574346
7680 0.578225
8192 0.581903
8704 0.58556
9216 0.589209
9728 0.592758
10240 0.596487
10752 0.599867
11264 0.602861
11776 0.605601
12288 0.608306
12800 0.611472
13312 0.614874
13824 0.617764
14336 0.620623
14848 0.623385
15360 0.626546
15872 0.628971
16384 0.632565
16896 0.634915
17408 0.637227
17920 0.639514
18432 0.641747
18944 0.643868
19456 0.645947
19968 0.64795
20480 0.649923
20992 0.651858
21504 0.653768
22016 0.656007
22528 0.657901
23040 0.659524
23552 0.661134
24064 0.662851
24576 0.664563
25088 0.666516
25600 0.668365
26112 0.670349
26624 0.672298
27136 0.673888
27648 0.676273
28160 0.677622
28672 0.678968
29184 0.680318
29696 0.681932
30208 0.684316
30720 0.685458
31232 0.686508
31744 0.68744
32256 0.688355
32768 0.689173
33280 0.690502
33792 0.691216
34304 0.691834
34816 0.692317
35328 0.69275
35840 0.693262
36352 0.69407
36864 0.695304
37376 0.696341
37888 0.698057
38400 0.699175
38912 0.700111
39424 0.701876
39936 0.702925
40448 0.703621
40960 0.704843
41472 0.705393
41984 0.706698
42496 0.707233
43008 0.708377
43520 0.710163
44032 0.710899
44544 0.712304
45056 0.714688
45568 0.715584
46080 0.716118
46592 0.716224
47104 0.718506
47616 0.719225
48128 0.719539
48640 0.719634
49152 0.720069
