0 0.476882
512 0.484281
1024 0.490831
1536 0.497295
2048 0.503552
2560 0.509601
3072 0.515612
3584 0.521412
4096 0.527464
4608 0.531973
5120 0.536368
5632 0.540748
6144 0.544784
6656 0.548789
7168 0.553044
7680 0.557039
8192 0.560796
8704 0.565291
9216 0.568748
9728 0.572089
10240 0.575292
10752 0.578258
11264 0.581098
11776 0.58393
12288 0.588817
12800 0.591709
13312 0.594504
13824 0.597271
14336 0.599997
14848 0.602708
15360 0.605395
15872 0.608068
16384 0.610647
16896 0.613168
17408 0.615535
17920 0.618106
18432 0.620592
18944 0.623442
19456 0.626053
19968 0.628617
20480 0.631078
20992 0.634594
21504 0.637031
22016 0.639281
22528 0.641444
23040 0.643603
23552 0.645589
24064 0.647502
24576 0.649468
25088 0.651742
25600 0.653564
26112 0.655308
26624 0.657002
27136 0.658525
27648 0.659746
28160 0.661194
28672 0.662316
29184 0.664154
29696 0.667983
30208 0.670797
30720 0.672954
31232 0.675218
31744 0.678385
32256 0.680487
32768 0.681833
33280 0.68288
33792 0.68389
34304 0.685239
34816 0.686208
35328 0.687622
35840 0.688432
36352 0.689124
36864 0.690333
37376 0.691764
37888 0.692907
38400 0.693586
38912 0.695803
39424 0.69711
39936 0.697482
40448 0.69879
40960 0.699069
41472 0.699415
41984 0.699675
42496 0.699858
43008 0.701709
43520 0.702298
44032 0.702883
44544 0.703065
45056 0.70479
45568 0.705181
46080 0.706278
46592 0.707117
47104 0.707983
47616 0.708367
48128 0.709493
48640 0.710546
49152 0.711501
49664 0.712356
50176 0.712818
50688 0.713856
51200 0.714739
51712 0.71562
52224 0.716364
52736 0.71791
53248 0.719334
53760 0.719512
54272 0.719597
54784 0.719623
