0 0.516809
512 0.523837
1024 0.530068
1536 0.536274
2048 0.54158
2560 0.546334
3072 0.55094
3584 0.555489
4096 0.559449
4608 0.563158
5120 0.567958
5632 0.571796
6144 0.575433
6656 0.578995
7168 0.582445
7680 0.586073
8192 0.589216
8704 0.592347
9216 0.595636
9728 0.598947
10240 0.602085
10752 0.605672
11264 0.608636
11776 0.611559
12288 0.614557
12800 0.617263
13312 0.619834
13824 0.622384
14336 0.624911
14848 0.627422
15360 0.629381
15872 0.631296
16384 0.633244
16896 0.635594
17408 0.637599
17920 0.640098
18432 0.642893
18944 0.645866
19456 0.648864
19968 0.65075
20480 0.65263
20992 0.654476
21504 0.656634
22016 0.658367
22528 0.66004
23040 0.663215
23552 0.665529
24064 0.667301
24576 0.668776
25088 0.670536
25600 0.671823
26112 0.673714
26624 0.6748
27136 0.675802
27648 0.676799
28160 0.678462
28672 0.680047
29184 0.681223
29696 0.683277
30208 0.684755
30720 0.686614
31232 0.687839
31744 0.688713
32256 0.689518
32768 0.690243
33280 0.6909
33792 0.691464
34304 0.692504
34816 0.693696
35328 0.694611
35840 0.695476
36352 0.696722
36864 0.698049
37376 0.700498
37888 0.702237
38400 0.702977
38912 0.703922
39424 0.704622
39936 0.705302
40448 0.707754
40960 0.70842
41472 0.709068
41984 0.709924
42496 0.711054
43008 0.712229
43520 0.713654
44032 0.714442
44544 0.715283
45056 0.71612
45568 0.71697
46080 0.718184
46592 0.718784
47104 0.71923
47616 0.719672
48128 0.721204
48640 0.722476
49152 0.724294
49664 0.724646
50176 0.72498
50688 0.725218
51200 0.725425
51712 0.727299
52224 0.727442
52736 0.727534
53248 0.728028
53760 0.728494
54272 0.729346
54784 0.729351
55296 0.729353
55808 0.729562
