0 0.519247
512 0.525471
1024 0.531498
1536 0.537014
2048 0.542471
2560 0.547475
3072 0.552175
3584 0.556697
4096 0.560547
4608 0.564358
5120 0.568755
5632 0.572971
6144 0.576744
6656 0.580399
7168 0.583917
7680 0.587382
8192 0.590658
8704 0.593747
9216 0.596785
9728 0.599587
10240 0.602721
10752 0.606208
11264 0.609624
11776 0.612396
12288 0.615033
12800 0.619609
13312 0.623583
13824 0.626171
14336 0.628724
14848 0.631615
15360 0.634057
15872 0.637086
16384 0.639092
16896 0.640925
17408 0.642656
17920 0.644283
18432 0.645808
18944 0.647316
19456 0.648675
19968 0.650032
20480 0.65212
20992 0.653797
21504 0.655083
22016 0.656516
22528 0.657716
23040 0.658876
23552 0.66001
24064 0.661633
24576 0.662882
25088 0.664061
25600 0.66521
26112 0.667347
26624 0.668909
27136 0.670328
27648 0.672638
28160 0.674901
28672 0.677968
29184 0.680868
29696 0.682124
30208 0.683128
30720 0.684854
31232 0.685928
31744 0.687636
32256 0.688566
32768 0.689634
33280 0.690423
33792 0.69095
34304 0.691846
34816 0.692569
35328 0.693934
35840 0.695089
36352 0.695564
36864 0.696462
37376 0.697348
37888 0.697913
38400 0.698794
38912 0.69959
39424 0.700461
39936 0.700867
40448 0.701769
40960 0.70249
41472 0.7029
41984 0.703244
42496 0.703422
43008 0.704419
43520 0.704926
44032 0.705086
44544 0.705235
45056 0.705841
45568 0.705872
46080 0.707818
46592 0.708795
47104 0.709571
47616 0.71077
48128 0.710993
48640 0.711932
49152 0.712289
49664 0.712933
50176 0.713075
50688 0.713679
