0 0.497262
512 0.502998
1024 0.508296
1536 0.513427
2048 0.518634
2560 0.524096
3072 0.529041
3584 0.533887
4096 0.538669
4608 0.543387
5120 0.547901
5632 0.552209
6144 0.556404
6656 0.560302
7168 0.563996
7680 0.567576
8192 0.57088
8704 0.574122
9216 0.577688
9728 0.580892
10240 0.585542
10752 0.589199
11264 0.592403
11776 0.59544
12288 0.598276
12800 0.600995
13312 0.60371
13824 0.606291
14336 0.609468
14848 0.612047
15360 0.61601
15872 0.618307
16384 0.620638
16896 0.623087
17408 0.625478
17920 0.627354
18432 0.630434
18944 0.632334
19456 0.634426
19968 0.636969
20480 0.638846
20992 0.640561
21504 0.64215
22016 0.643565
22528 0.645214
23040 0.647426
23552 0.648756
24064 0.649997
24576 0.651129
25088 0.652231
25600 0.654215
26112 0.655707
26624 0.658356
27136 0.660869
27648 0.662547
28160 0.664056
28672 0.665339
29184 0.66643
29696 0.667422
30208 0.668184
30720 0.668838
31232 0.669954
31744 0.670737
32256 0.671732
32768 0.672348
33280 0.674211
33792 0.675761
34304 0.676444
34816 0.677304
35328 0.677896
35840 0.678997
36352 0.68021
36864 0.680709
37376 0.684207
37888 0.68463
38400 0.68502
38912 0.685381
39424 0.686819
39936 0.687396
40448 0.68779
40960 0.688073
41472 0.688865
41984 0.689143
42496 0.689569
43008 0.690776
43520 0.691018
44032 0.691152
44544 0.691276
45056 0.691842
45568 0.693517
46080 0.694553
46592 0.695365
47104 0.696297
47616 0.697135
48128 0.697585
48640 0.697933
49152 0.698333
49664 0.699009
50176 0.699193
50688 0.699983
51200 0.70033
51712 0.700504
52224 0.702317
52736 0.702468
53248 0.702559
