0 0.507643
512 0.515664
1024 0.522942
1536 0.529544
2048 0.535649
2560 0.541381
3072 0.546679
3584 0.551587
4096 0.556111
4608 0.560626
5120 0.56534
5632 0.569621
6144 0.573707
6656 0.578691
7168 0.583576
7680 0.587372
8192 0.591118
8704 0.59526
9216 0.598888
9728 0.60246
10240 0.605803
10752 0.610088
11264 0.613491
11776 0.616656
12288 0.619716
12800 0.622424
13312 0.625194
13824 0.627824
14336 0.630286
14848 0.63387
15360 0.638057
15872 0.640362
16384 0.642588
16896 0.644695
17408 0.646751
17920 0.649285
18432 0.651764
18944 0.65375
19456 0.655636
19968 0.658017
20480 0.659874
20992 0.661572
21504 0.663213
22016 0.664805
22528 0.666346
23040 0.668331
23552 0.669746
24064 0.671721
24576 0.67437
25088 0.675717
25600 0.677563
26112 0.679362
26624 0.68069
27136 0.68198
27648 0.683089
28160 0.684065
28672 0.684721
29184 0.685225
29696 0.686345
30208 0.686846
30720 0.68733
31232 0.68774
31744 0.689219
32256 0.689734
32768 0.690126
33280 0.692324
33792 0.692948
34304 0.693413
34816 0.69379
35328 0.694357
35840 0.695824
36352 0.696852
36864 0.697613
37376 0.698665
37888 0.699664
38400 0.70186
38912 0.702548
39424 0.703536
39936 0.705991
40448 0.707522
40960 0.708639
41472 0.709222
41984 0.709756
42496 0.710131
43008 0.710382
43520 0.710724
44032 0.71095
44544 0.711684
45056 0.711984
45568 0.712808
46080 0.713536
46592 0.713861
47104 0.715145
47616 0.715759
48128 0.716066
48640 0.716248
49152 0.716372
49664 0.717171
50176 0.71765
