0 0.516776
512 0.523516
1024 0.529875
1536 0.535693
2048 0.541424
2560 0.546732
3072 0.552201
3584 0.557206
4096 0.562168
4608 0.566752
5120 0.571313
5632 0.575789
6144 0.57999
6656 0.583554
7168 0.587097
7680 0.590505
8192 0.593792
8704 0.59647
9216 0.599095
9728 0.602494
10240 0.60508
10752 0.607832
11264 0.610175
11776 0.614203
12288 0.616966
12800 0.619119
13312 0.621681
13824 0.62398
14336 0.626345
14848 0.629549
15360 0.632145
15872 0.634275
16384 0.636362
16896 0.638369
17408 0.640375
17920 0.642231
18432 0.64403
18944 0.645665
19456 0.647273
19968 0.649699
20480 0.651259
20992 0.654072
21504 0.656322
22016 0.659457
22528 0.661973
23040 0.663417
23552 0.666301
24064 0.668606
24576 0.669977
25088 0.672303
25600 0.674198
26112 0.675402
26624 0.676281
27136 0.67765
27648 0.678605
28160 0.680127
28672 0.681014
29184 0.68188
29696 0.683021
30208 0.685427
30720 0.686368
31232 0.687562
31744 0.688926
32256 0.689918
32768 0.690743
33280 0.691395
33792 0.692203
34304 0.692627
34816 0.693952
35328 0.694992
35840 0.696009
36352 0.696405
36864 0.697767
37376 0.69815
37888 0.698507
38400 0.698849
38912 0.6996
39424 0.699845
39936 0.70009
40448 0.700287
40960 0.700381
41472 0.700498
41984 0.702572
42496 0.702638
43008 0.702698
43520 0.702715
