0 0.471747
512 0.480017
1024 0.486842
1536 0.492832
2048 0.497911
2560 0.503241
3072 0.508391
3584 0.515228
4096 0.52023
4608 0.525154
5120 0.530101
5632 0.535009
6144 0.540582
6656 0.545564
7168 0.550415
7680 0.555198
8192 0.559613
8704 0.563856
9216 0.56799
9728 0.572376
10240 0.576289
10752 0.579588
11264 0.582887
11776 0.585928
12288 0.589107
12800 0.592137
13312 0.595143
13824 0.59888
14336 0.601833
14848 0.605129
15360 0.608019
15872 0.610867
16384 0.613566
16896 0.616775
17408 0.619546
17920 0.62209
18432 0.624408
18944 0.627683
19456 0.630264
19968 0.632607
20480 0.63543
20992 0.637675
21504 0.639681
22016 0.641516
22528 0.643552
23040 0.645317
23552 0.647875
24064 0.650672
24576 0.652329
25088 0.653874
25600 0.655443
26112 0.656934
26624 0.65871
27136 0.660081
27648 0.661452
28160 0.66281
28672 0.664386
29184 0.665703
29696 0.667482
30208 0.668719
30720 0.670616
31232 0.671828
31744 0.672964
32256 0.674083
32768 0.675836
33280 0.676947
33792 0.679018
34304 0.681364
34816 0.682453
35328 0.683324
35840 0.684186
36352 0.685024
36864 0.685831
37376 0.686728
37888 0.687548
38400 0.688251
38912 0.688814
39424 0.68968
39936 0.690368
40448 0.690869
40960 0.691366
41472 0.693649
41984 0.694136
42496 0.694583
43008 0.694987
43520 0.695986
44032 0.696628
44544 0.69833
45056 0.699038
45568 0.700135
46080 0.700705
46592 0.701152
47104 0.702062
47616 0.703074
48128 0.703743
48640 0.705832
49152 0.706504
49664 0.706727
50176 0.708112
50688 0.708875
51200 0.710799
51712 0.712133
52224 0.712636
52736 0.712805
53248 0.713139
53760 0.713233
54272 0.71331
54784 0.714368
55296 0.714844
