0 0.499215
512 0.506368
1024 0.513101
1536 0.518311
2048 0.523583
2560 0.528615
3072 0.533579
3584 0.538903
4096 0.543497
4608 0.547987
5120 0.552287
5632 0.556463
6144 0.560598
6656 0.56465
7168 0.568202
7680 0.571716
8192 0.575842
8704 0.580072
9216 0.583212
9728 0.586331
10240 0.589376
10752 0.593113
11264 0.596122
11776 0.599576
12288 0.602877
12800 0.605835
13312 0.608783
13824 0.611504
14336 0.614091
14848 0.61664
15360 0.620456
15872 0.623591
16384 0.626383
16896 0.629081
17408 0.631296
17920 0.633344
18432 0.63532
18944 0.637167
19456 0.638938
19968 0.640919
20480 0.642684
20992 0.64494
21504 0.648781
22016 0.651757
22528 0.653842
23040 0.655624
23552 0.657446
24064 0.659076
24576 0.66059
25088 0.662009
25600 0.663304
26112 0.665069
26624 0.666248
27136 0.66742
27648 0.668564
28160 0.669935
28672 0.671049
29184 0.671895
29696 0.672733
30208 0.673519
30720 0.674215
31232 0.676435
31744 0.677448
32256 0.679118
32768 0.680261
33280 0.682804
33792 0.684761
34304 0.685714
34816 0.686547
35328 0.687305
35840 0.688024
36352 0.689218
36864 0.690379
37376 0.691444
37888 0.692917
38400 0.694535
38912 0.696045
39424 0.697777
39936 0.698997
40448 0.700047
40960 0.701644
41472 0.702853
41984 0.704258
42496 0.705376
43008 0.706725
43520 0.70805
44032 0.708927
44544 0.710429
45056 0.711876
45568 0.713214
46080 0.714294
46592 0.71535
47104 0.716276
47616 0.717547
48128 0.718655
48640 0.719768
49152 0.720414
49664 0.720887
50176 0.721287
50688 0.722311
51200 0.7237
51712 0.725102
52224 0.725184
