0 0.500571
512 0.5083
1024 0.515659
1536 0.522521
2048 0.528954
2560 0.535181
3072 0.540828
3584 0.546417
4096 0.552371
4608 0.557864
5120 0.562389
5632 0.566687
6144 0.570873
6656 0.575878
7168 0.579673
7680 0.583276
8192 0.586856
8704 0.590348
9216 0.5938
9728 0.597561
10240 0.602948
10752 0.606553
11264 0.609624
11776 0.612598
12288 0.615926
12800 0.61889
13312 0.621853
13824 0.624718
14336 0.627565
14848 0.630423
15360 0.633255
15872 0.6359
16384 0.639096
16896 0.641607
17408 0.64432
17920 0.646816
18432 0.649287
18944 0.651736
19456 0.654061
19968 0.656737
20480 0.658912
20992 0.661266
21504 0.664654
22016 0.666815
22528 0.668938
23040 0.670866
23552 0.67247
24064 0.673975
24576 0.675907
25088 0.677567
25600 0.679055
26112 0.680378
26624 0.682324
27136 0.683566
27648 0.684769
28160 0.685942
28672 0.687099
29184 0.689159
29696 0.69082
30208 0.692579
30720 0.694165
31232 0.695353
31744 0.696446
32256 0.69741
32768 0.698355
33280 0.70039
33792 0.701321
34304 0.702228
34816 0.703088
35328 0.703915
35840 0.704575
36352 0.705208
36864 0.705744
37376 0.70627
37888 0.706778
38400 0.708181
38912 0.708563
39424 0.708808
39936 0.709493
40448 0.710401
40960 0.710844
41472 0.711154
41984 0.711336
42496 0.712049
43008 0.712255
43520 0.712684
44032 0.713134
44544 0.715198
45056 0.716403
45568 0.716684
46080 0.718401
46592 0.719811
47104 0.720877
47616 0.721819
48128 0.722258
48640 0.722413
49152 0.724181
49664 0.725647
50176 0.726421
50688 0.726485
51200 0.727908
51712 0.728103
52224 0.728208
