0 0.478646
512 0.485412
1024 0.491907
1536 0.497939
2048 0.503946
2560 0.509692
3072 0.514818
3584 0.519872
4096 0.525263
4608 0.530164
5120 0.53505
5632 0.539762
6144 0.544989
6656 0.549624
7168 0.553984
7680 0.55816
8192 0.56228
8704 0.565797
9216 0.569327
9728 0.572778
10240 0.576208
10752 0.579284
11264 0.582556
11776 0.58542
12288 0.589548
12800 0.593172
13312 0.596026
13824 0.599274
14336 0.602375
14848 0.604799
15360 0.607216
15872 0.609523
16384 0.611732
16896 0.613909
17408 0.616154
17920 0.618327
18432 0.620499
18944 0.622767
19456 0.625757
19968 0.628273
20480 0.630973
20992 0.634042
21504 0.636571
22016 0.638893
22528 0.641218
23040 0.643249
23552 0.645091
24064 0.646759
24576 0.648392
25088 0.650527
25600 0.652191
26112 0.653935
26624 0.655443
27136 0.658465
27648 0.66159
28160 0.663096
28672 0.664419
29184 0.665904
29696 0.667187
30208 0.668424
30720 0.670119
31232 0.671254
31744 0.672922
32256 0.674573
32768 0.675944
33280 0.676942
33792 0.679049
34304 0.680651
34816 0.681911
35328 0.683126
35840 0.684127
36352 0.685773
36864 0.68673
37376 0.687463
37888 0.688073
38400 0.690063
38912 0.691181
39424 0.691763
39936 0.692301
40448 0.692737
40960 0.693058
41472 0.694581
41984 0.695327
42496 0.695882
43008 0.696176
43520 0.697018
44032 0.697266
44544 0.698082
45056 0.699185
45568 0.699539
46080 0.699879
46592 0.700476
47104 0.701065
47616 0.701247
48128 0.701778
48640 0.70198
49152 0.702449
49664 0.704707
50176 0.704871
50688 0.704888
51200 0.705478
51712 0.705569
52224 0.706579
52736 0.706885
53248 0.707023
53760 0.707998
54272 0.70869
54784 0.710466
55296 0.710876
