0 0.497147
512 0.504536
1024 0.511738
1536 0.517821
2048 0.523423
2560 0.529005
3072 0.534497
3584 0.539544
4096 0.545026
4608 0.55053
5120 0.555913
5632 0.560193
6144 0.564431
6656 0.568294
7168 0.572116
7680 0.57578
8192 0.579782
8704 0.583196
9216 0.58647
9728 0.589893
10240 0.592939
10752 0.595874
11264 0.599108
11776 0.601864
12288 0.604919
12800 0.607652
13312 0.610666
13824 0.613387
14336 0.61581
14848 0.618306
15360 0.620825
15872 0.622994
16384 0.625147
16896 0.627768
17408 0.63022
17920 0.63247
18432 0.63466
18944 0.636924
19456 0.639118
19968 0.641506
20480 0.64403
20992 0.64684
21504 0.648728
22016 0.650463
22528 0.652173
23040 0.654018
23552 0.655675
24064 0.657307
24576 0.658867
25088 0.661751
25600 0.663041
26112 0.664507
26624 0.665746
27136 0.666959
27648 0.669016
28160 0.670959
28672 0.672113
29184 0.674157
29696 0.675215
30208 0.676969
30720 0.67845
31232 0.679797
31744 0.681008
32256 0.682956
32768 0.684289
33280 0.685652
33792 0.687295
34304 0.688516
34816 0.689968
35328 0.691649
35840 0.693093
36352 0.694199
36864 0.695273
37376 0.696284
37888 0.697269
38400 0.698345
38912 0.699322
39424 0.700073
39936 0.702238
40448 0.702955
40960 0.703481
41472 0.703957
41984 0.704431
42496 0.70596
43008 0.708563
43520 0.709349
44032 0.710042
44544 0.711273
45056 0.711944
45568 0.712702
46080 0.713135
46592 0.714242
47104 0.71479
47616 0.715104
48128 0.715831
48640 0.716072
49152 0.717089
49664 0.717447
50176 0.718153
50688 0.719141
51200 0.719839
51712 0.720684
52224 0.721358
52736 0.721797
53248 0.722212
53760 0.722469
54272 0.722923
54784 0.72349
55296 0.723621
55808 0.724521
56320 0.724919
56832 0.725024
57344 0.725269
57856 0.725335
58368 0.725395
58880 0.726303
59392 0.727262
59904 0.727358
60416 0.728401
60928 0.728662
