1 0
2 0
3 0
4 0
5 0
6 0
7 0
8 0
9 0
10 0
11 0
12 0
13 0
14 0
15 0
16 0
17 0
18 0
19 0
20 0
21 0
22 0
23 0
24 0
25 0
26 0
27 0
28 0
29 0
30 0
31 0
32 0
33 0
34 0
35 0
36 0
37 0
38 0
39 0
40 0
41 0
42 0
43 0
44 0
45 0
46 0
47 0
48 0
49 0
50 0
51 0
52 0
53 0
54 0
55 0
56 0
57 0
58 0
59 0
60 0
61 0
62 0
63 0
64 0
65 0
66 0
67 0
68 0
69 0
70 0
71 0
72 0
73 0
74 0
75 0
76 0
77 0
78 0
79 0
80 0
81 0
82 0
83 0
84 0
85 0
86 0
87 0
88 0
89 0
90 0
91 0
92 0
93 0
94 0
95 0
96 0
97 0
98 0
99 0
100 0
101 0
102 0
103 0
104 0
105 0
106 0
107 0
108 0
109 0
110 0
111 0
112 0
113 0
114 0
115 0
116 0
117 0
118 0
119 0
120 0
121 0
122 0
123 0
124 0
125 0
126 0
127 0
128 0
129 0
130 0
131 0
132 0
133 0
134 0
135 0
136 0
137 0
138 0
139 0
140 0
141 0
142 0
143 0
144 0
145 0
146 0
147 0
148 0
149 0
150 0
151 0
152 0
153 0
154 0
155 0
156 0
157 0
158 0
159 0
160 0
161 0
162 0
163 0
164 0
165 0
166 0
167 0
168 0
169 0
170 0
171 0
172 0
173 0
174 0
175 0
176 0
177 0
178 0
179 0
180 0
181 0
182 0
183 0
184 0
185 0
186 0
187 0
188 0
189 0
190 0
191 0
192 0
193 0
194 0
195 0
196 0
197 0
198 0
199 0
200 0
201 0
202 0
203 0
204 0
205 0
206 0
207 0
208 0
209 0
210 0
211 0
212 0
213 0
214 0
215 0
216 0
217 0
218 0
219 0
220 0
221 0
222 0
223 0
224 0
225 0
226 0
227 0
228 0
229 0
230 0
231 0
232 0
233 0
234 0
235 0
236 0
237 0
238 0
239 0
240 0
241 0
242 0
243 0
244 0
245 0
246 0
247 0
248 0
249 0
250 0
251 0
252 0
253 0
254 0
255 0
256 0
257 0
258 0
259 0
260 0
261 0
262 0
263 0
264 0
265 0
266 0
267 0
268 0
269 0
270 0
271 0
272 0
273 0
274 0
275 0
276 0
277 0
278 0
279 0
280 0
281 0
282 0
283 0
284 0
285 0
286 0
287 0
288 0
289 0
290 0
291 0
292 0
293 0
294 0
295 0
296 0
297 0
298 0
299 0
300 0
301 0
302 0
303 0
304 0
305 0
306 0
307 0
308 0
309 0
310 0
311 0
312 0
313 0
314 0
315 0
316 0
317 0
318 0
319 0
320 0
321 0
322 0
323 0
324 0
326 0
327 0
328 0
329 0
330 0
331 0
332 0
333 0
334 0
335 0
336 0
337 0
338 0
339 0
340 0
341 0
342 0
343 0
344 0
345 0
346 0
347 0
348 0
349 0
350 0
351 0
352 0
353 0
354 0
355 0
356 0
357 0
358 0
359 0
360 0
361 0
362 0
363 0
364 0
365 0
366 0
367 0
368 0
369 0
370 0
371 0
372 0
373 0
374 0
375 0
376 0
377 0
378 0
379 0
380 0
381 0
382 0
383 0
384 0
385 0
386 0
387 0
388 0
389 0
390 0
391 0
392 0
393 0
394 0
395 0
396 0
397 0
398 0
399 0
400 0
401 0
402 0
403 0
404 0
405 0
406 0
407 0
408 0
409 0
410 0
411 0
412 0
413 0
415 0
416 0
417 0
418 0
419 0
420 0
421 0
422 0
423 0
424 0
425 0
426 0
427 0
428 0
430 0
431 0
432 0
433 0
434 0
436 0
437 0
438 0
439 0
440 0
441 0
442 0
443 0
444 0
445 0
446 0
447 0
448 0
449 0
450 0
451 0
452 0
453 0
454 0
455 0
456 0
457 0
458 0
459 0
460 0
461 0
462 0
463 0
464 0
465 0
466 0
467 0
468 0
469 0
470 0
471 0
472 0
473 0
474 0
475 0
476 0
477 0
478 0
479 0
480 0
481 0
482 0
483 0
484 0
485 0
486 0
487 0
488 0
489 0
490 0
491 0
492 0
493 0
494 0
495 0
496 0
497 0
498 0
499 0
500 0
501 0
502 0
503 0
504 0
505 0
506 0
508 0
509 0
510 0
511 0
512 0
513 0
514 0
515 0
516 0
517 0
518 0
520 0
521 0
522 0
523 0
524 0
525 0
526 0
527 0
528 0
529 0
530 0
531 0
532 0
533 0
534 0
535 0
536 0
537 0
538 0
539 0
540 0
541 0
542 0
544 0
545 0
546 0
547 0
548 0
549 0
550 0
551 0
552 0
554 0
555 0
556 0
557 0
558 0
559 0
560 0
561 0
562 0
563 0
564 0
565 0
566 0
567 0
568 0
569 0
571 0
572 0
573 0
574 0
575 0
576 0
577 0
578 0
579 0
580 0
581 0
582 0
583 0
584 0
585 0
586 0
587 0
588 0
589 0
590 0
591 0
592 0
593 0
594 0
595 0
596 0
598 0
599 0
600 0
602 0
603 0
604 0
605 0
606 0
607 0
608 0
609 0
610 0
611 0
612 0
613 0
614 0
615 0
616 0
618 0
619 0
620 0
621 0
622 0
624 0
625 0
626 0
627 0
628 0
629 0
631 0
632 0
633 0
634 0
635 0
636 0
637 0
638 0
639 0
640 0
641 0
642 0
643 0
645 0
646 0
647 0
648 0
649 0
650 0
651 0
652 0
653 0
654 0
655 0
656 0
657 0
659 0
660 0
661 0
662 0
663 0
664 0
665 0
666 0
667 0
668 0
669 0
670 0
671 0
672 0
674 0
675 0
676 0
677 0
678 0
679 0
680 0
681 0
682 0
683 0
685 0
686 0
687 0
688 0
689 0
690 0
691 0
692 0
693 0
694 0
695 0
696 0
697 0
698 0
699 0
700 0
702 0
703 0
704 0
705 0
706 0
707 0
708 0
709 0
710 0
711 0
712 0
714 0
715 0
716 0
717 0
718 0
719 0
721 0
722 0
723 0
726 0
727 0
728 0
729 0
730 0
731 0
732 0
733 0
734 0
735 0
736 0
737 0
738 0
741 0
743 0
744 0
745 0
746 0
747 0
748 0
749 0
750 0
751 0
752 0
753 0
754 0
755 0
756 0
757 0
758 0
761 0
762 0
763 0
764 0
765 0
766 0
767 0
768 0
769 0
770 0
771 0
773 0
774 0
775 0
776 0
778 0
779 0
780 0
782 0
784 0
785 0
786 0
787 0
788 0
789 0
790 0
791 0
792 0
793 0
794 0
795 0
796 0
797 0
798 0
799 0
800 0
802 0
803 0
804 0
805 0
806 0
808 0
809 0
810 0
812 0
814 0
815 0
816 0
817 0
819 0
820 0
821 0
822 0
823 0
824 0
825 0
826 0
827 0
830 0
831 0
832 0
833 0
834 0
835 0
836 0
837 0
838 0
839 0
840 0
841 0
842 0
844 0
845 0
846 0
847 0
848 0
849 0
851 0
852 0
853 0
854 0
855 0
856 0
857 0
859 0
860 0
862 0
863 0
864 0
865 0
866 0
868 0
869 0
870 0
871 0
872 0
873 0
874 0
875 0
876 0
877 0
878 0
879 0
880 0
881 0
882 0
883 0
884 0
885 0
887 0
888 0
889 0
891 0
892 0
893 0
894 0
896 0
897 0
898 0
899 0
900 0
901 0
902 0
903 0
904 0
905 0
906 0
907 0
908 0
909 0
910 0
911 0
912 0
913 0
914 0
915 0
916 0
917 0
920 0
922 0
923 0
925 0
926 0
927 0
929 0
930 0
931 0
932 0
933 0
936 0
937 0
938 0
939 0
940 0
942 0
944 0
945 0
946 0
947 0
948 0
949 0
950 0
954 0
956 0
957 0
958 0
959 0
961 0
962 0
963 0
964 0
965 0
967 0
968 0
969 0
970 0
971 0
972 0
973 0
974 0
975 0
977 0
978 0
979 0
980 0
984 0
985 0
986 0
988 0
989 0
991 0
992 0
993 0
994 0
995 0
996 0
997 0
998 0
999 0
1000 0
1004 0
1005 0
1006 0
1007 0
1008 0
1009 0
1010 0
1011 0
1012 0
1013 0
1014 0
1015 0
1016 0
1017 0
1018 0
1020 0
1021 0
1022 0
1023 0
1024 0
1025 0
1026 0
1027 0
1028 0
1029 0
1030 0
1032 0
1033 0
1034 0
1035 0
1036 0
1038 0
1041 0
1042 0
1045 0
1047 0
1048 0
1049 0
1050 0
1051 0
1052 0
1055 0
1056 0
1057 0
1060 0
1061 0
1062 0
1066 0
1067 0
1068 0
1070 0
1071 0
1072 0
1073 0
1074 0
1075 0
1076 0
1077 0
1079 0
1080 0
1082 0
1084 0
1085 0
1086 0
1087 0
1088 0
1089 0
1090 0
1091 0
1092 0
1095 0
1096 0
1097 0
1098 0
1099 0
1100 0
1101 0
1102 0
1103 0
1105 0
1107 0
1108 0
1110 0
1111 0
1112 0
1113 0
1114 0
1115 0
1116 0
1117 0
1118 0
1119 0
1120 0
1121 0
1122 0
1123 0
1124 0
1125 0
1127 0
1129 0
1130 0
1131 0
1132 0
1133 0
1134 0
1135 0
1137 0
1138 0
1139 0
1143 0
1145 0
1146 0
1147 0
1148 0
1150 0
1151 0
1152 0
1153 0
1155 0
1156 0
1157 0
1159 0
1161 0
1163 0
1164 0
1165 0
1166 0
1167 0
1168 0
1169 0
1170 0
1172 0
1174 0
1175 0
1177 0
1179 0
1182 0
1184 0
1185 0
1186 0
1187 0
1189 0
1190 0
1191 0
1192 0
1193 0
1195 0
1197 0
1200 0
1201 0
1202 0
1204 0
1206 0
1207 0
1208 0
1209 0
1210 0
1212 0
1213 0
1214 0
1215 0
1216 0
1217 0
1218 0
1219 0
1221 0
1222 0
1223 0
1224 0
1225 0
1227 0
1230 0
1231 0
1233 0
1234 0
1235 0
1237 0
1238 0
1239 0
1240 0
1241 0
1242 0
1244 0
1247 0
1248 0
1249 0
1250 0
1251 0
1252 0
1253 0
1254 0
1258 0
1259 0
1261 0
1262 0
1263 0
1264 0
1265 0
1266 0
1268 0
1270 0
1272 0
1275 0
1276 0
1279 0
1281 0
1282 0
1283 0
1285 0
1287 0
1290 0
1291 0
1292 0
1293 0
1294 0
1295 0
1296 0
1297 0
1298 0
1299 0
1300 0
1301 0
1302 0
1303 0
1304 0
1307 0
1308 0
1310 0
1314 0
1315 0
1316 0
1318 0
1320 0
1322 0
1323 0
1324 0
1325 0
1326 0
1330 0
1331 0
1334 0
1335 0
1336 0
1337 0
1338 0
1340 0
1341 0
1342 0
1347 0
1348 0
1349 0
1352 0
1354 0
1358 0
1359 0
1360 0
1361 0
1362 0
1363 0
1364 0
1366 0
1367 0
1369 0
1370 0
1373 0
1374 0
1380 0
1382 0
1385 0
1386 0
1387 0
1389 0
1392 0
1394 0
1395 0
1398 0
1399 0
1400 0
1403 0
1405 0
1406 0
1408 0
1412 0
1413 0
1414 0
1418 0
1420 0
1421 0
1423 0
1424 0
1428 0
1430 0
1432 0
1433 0
1434 0
1436 0
1439 0
1440 0
1441 0
1442 0
1443 0
1448 0
1449 0
1450 0
1452 0
1454 0
1455 0
1456 0
1457 0
1458 0
1459 0
1461 0
1463 0
1465 0
1466 0
1467 0
1468 0
1469 0
1470 0
1471 0
1473 0
1475 0
1476 0
1477 0
1478 0
1479 0
1480 0
1481 0
1482 0
1485 0
1486 0
1487 0
1490 0
1491 0
1492 0
1493 0
1494 0
1495 0
1496 0
1497 0
1498 0
1502 0
1503 0
1504 0
1505 0
1506 0
1507 0
1508 0
1509 0
1510 0
1511 0
1513 0
1515 0
1516 0
1517 0
1519 0
1521 0
1522 0
1523 0
1524 0
1525 0
1527 0
1528 0
1529 0
1531 0
1533 0
1534 0
1536 0
1537 0
1538 0
1539 0
1540 0
1541 0
1543 0
1546 0
1551 0
1553 0
1554 0
1556 0
1558 0
1560 0
1561 0
1562 0
1566 0
1568 0
1569 0
1572 0
1573 0
1575 0
1578 0
1579 0
1581 0
1582 0
1583 0
1585 0
1587 0
1588 0
1590 0
1592 0
1593 0
1594 0
1595 0
1596 0
1598 0
1599 0
1600 0
1601 0
1602 0
1603 0
1605 0
1606 0
1607 0
1611 0
1612 0
1615 0
1619 0
1620 0
1621 0
1622 0
1623 0
1624 0
1625 0
1627 0
1628 0
1629 0
1630 0
1632 0
1633 0
1634 0
1636 0
1639 0
1641 0
1642 0
1643 0
1644 0
1645 0
1650 0
1653 0
1656 0
1657 0
1658 0
1659 0
1660 0
1661 0
1662 0
1663 0
1665 0
1667 0
1668 0
1673 0
1674 0
1675 0
1678 0
1679 0
1681 0
1685 0
1686 0
1687 0
1688 0
1689 0
1692 0
1693 0
1695 0
1696 0
1697 0
1699 0
1700 0
1701 0
1703 0
1706 0
1707 0
1709 0
1711 0
1712 0
1714 0
1715 0
1716 0
1717 0
1718 0
1720 0
1722 0
1723 0
1725 0
1728 0
1729 0
1734 0
1735 0
1737 0
1738 0
1739 0
1743 0
1744 0
1747 0
1749 0
1750 0
1753 0
1756 0
1757 0
1758 0
1760 0
1763 0
1765 0
1766 0
1768 0
1769 0
1771 0
1773 0
1775 0
1776 0
1778 0
1781 0
1782 0
1783 0
1784 0
1785 0
1787 0
1788 0
1789 0
1791 0
1794 0
1795 0
1796 0
1797 0
1798 0
1799 0
1801 0
1802 0
1804 0
1805 0
1806 0
1807 0
1811 0
1813 0
1818 0
1819 0
1820 0
1822 0
1823 0
1827 0
1830 0
1831 0
1832 0
1834 0
1837 0
1839 0
1841 0
1842 0
1844 0
1845 0
1847 0
1848 0
1849 0
1850 0
1851 0
1852 0
1858 0
1861 0
1862 0
1865 0
1866 0
1869 0
1870 0
1871 0
1872 0
1873 0
1875 0
1877 0
1878 0
1879 0
1880 0
1881 0
1882 0
1883 0
1885 0
1887 0
1888 0
1889 0
1891 0
1892 0
1894 0
1896 0
1898 0
1900 0
1902 0
1905 0
1906 0
1907 0
1908 0
1909 0
1911 0
1913 0
1914 0
1915 0
1918 0
1920 0
1921 0
1923 0
1924 0
1925 0
1928 0
1929 0
1931 0
1932 0
1933 0
1936 0
1937 0
1938 0
1941 0
1942 0
1945 0
1946 0
1947 0
1950 0
1951 0
1952 0
1953 0
1954 0
1956 0
1958 0
1960 0
1964 0
1965 0
1966 0
1967 0
1968 0
1970 0
1972 0
1973 0
1976 0
1977 0
1980 0
1986 0
1987 0
1990 0
1991 0
1992 0
1994 0
1995 0
1999 0
2000 0
2001 0
2004 0
2005 0
2006 0
2007 0
2008 0
2012 0
2013 0
2015 0
2016 0
2017 0
2023 0
2024 0
2025 0
2026 0
2027 0
2030 0
2032 0
2034 0
2035 0
2036 0
2042 0
2046 0
2047 0
2048 0
2049 0
2050 0
2052 0
2054 0
2058 0
2062 0
2063 0
2065 0
2066 0
2068 0
2069 0
2071 0
2073 0
2074 0
2075 0
2076 0
2077 0
2083 0
2086 0
2088 0
2090 0
2092 0
2093 0
2096 0
2098 0
2103 0
2104 0
2105 0
2107 0
2110 0
2112 0
2117 0
2118 0
2119 0
2124 0
2125 0
2127 0
2128 0
2132 0
2133 0
2134 0
2135 0
2136 0
2137 0
2138 0
2139 0
2140 0
2142 0
2143 0
2146 0
2147 0
2150 0
2152 0
2154 0
2161 0
2163 0
2165 0
2166 0
2170 0
2179 0
2181 0
2183 0
2185 0
2186 0
2188 0
2191 0
2192 0
2193 0
2199 0
2200 0
2202 0
2203 0
2204 0
2212 0
2213 0
2215 0
2217 0
2220 0
2222 0
2225 0
2226 0
2227 0
2228 0
2232 0
2233 0
2235 0
2239 0
2240 0
2241 0
2242 0
2246 0
2247 0
2248 0
2250 0
2251 0
2252 0
2254 0
2258 0
2261 0
2262 0
2263 0
2267 0
2271 0
2273 0
2277 0
2278 0
2279 0
2291 0
2297 0
2298 0
2301 0
2302 0
2303 0
2305 0
2308 0
2311 0
2312 0
2313 0
2314 0
2315 0
2318 0
2320 0
2321 0
2324 0
2326 0
2327 0
2329 0
2331 0
2332 0
2337 0
2339 0
2342 0
2343 0
2344 0
2345 0
2348 0
2350 0
2352 0
2354 0
2356 0
2357 0
2361 0
2363 0
2364 0
2365 0
2369 0
2371 0
2374 0
2377 0
2378 0
2380 0
2381 0
2382 0
2385 0
2386 0
2387 0
2388 0
2389 0
2393 0
2395 0
2396 0
2398 0
2399 0
2400 0
2401 0
2402 0
2405 0
2412 0
2413 0
2418 0
2421 0
2422 0
2423 0
2425 0
2427 0
2428 0
2432 0
2436 0
2438 0
2441 0
2442 0
2443 0
2444 0
2447 0
2448 0
2452 0
2453 0
2454 0
2456 0
2459 0
2460 0
2463 0
2464 0
2469 0
2470 0
2474 0
2479 0
2480 0
2481 0
2482 0
2484 0
2486 0
2488 0
2490 0
2496 0
2499 0
2501 0
2506 0
2507 0
2508 0
2510 0
2516 0
2524 0
2526 0
2527 0
2528 0
2529 0
2532 0
2533 0
2534 0
2535 0
2538 0
2542 0
2550 0
2551 0
2554 0
2555 0
2556 0
2557 0
2558 0
2559 0
2560 0
2562 0
2565 0
2568 0
2569 0
2573 0
2575 0
2576 0
2581 0
2585 0
2588 0
2601 0
2602 0
2604 0
2607 0
2608 0
2610 0
2612 0
2613 0
2614 0
2615 0
2617 0
2620 0
2621 0
2622 0
2623 0
2624 0
2627 0
2629 0
2630 0
2631 0
2632 0
2637 0
2641 0
2646 0
2654 0
2660 0
2662 0
2664 0
2665 0
2667 0
2672 0
2673 0
2675 0
2681 0
2682 0
2684 0
2685 0
2686 0
2689 0
2690 0
2694 0
2695 0
2697 0
2698 0
2699 0
2702 0
2705 0
2706 0
2711 0
2715 0
2716 0
2717 0
2720 0
2722 0
2723 0
2726 0
2728 0
2729 0
2731 0
2732 0
2734 0
2736 0
2737 0
2742 0
2745 0
2747 0
2749 0
2752 0
2753 0
2754 0
2762 0
2764 0
2765 0
2768 0
2769 0
2771 0
2772 0
2776 0
2783 0
2784 0
2786 0
2787 0
2789 0
2791 0
2793 0
2796 0
2797 0
2799 0
2802 0
2803 0
2810 0
2812 0
2813 0
2814 0
2817 0
2820 0
2824 0
2826 0
2827 0
2832 0
2834 0
2835 0
2838 0
2843 0
2846 0
2849 0
2850 0
2851 0
2852 0
2853 0
2856 0
2857 0
2858 0
2860 0
2863 0
2864 0
2865 0
2868 0
2869 0
2870 0
2871 0
2876 0
2877 0
2878 0
2880 0
2883 0
2884 0
2886 0
2888 0
2890 0
2893 0
2894 0
2896 0
2898 0
2901 0
2903 0
2905 0
2909 0
2911 0
2916 0
2921 0
2922 0
2931 0
2932 0
2934 0
2940 0
2941 0
2945 0
2948 0
2949 0
2951 0
2952 0
2954 0
2957 0
2958 0
2959 0
2960 0
2964 0
2968 0
2974 0
2975 0
2976 0
2979 0
2980 0
2981 0
2983 0
2985 0
2987 0
2990 0
2994 0
2997 0
2999 0
3002 0
3004 0
3008 0
3012 0
3013 0
3017 0
3018 0
3019 0
3024 0
3025 0
3026 0
3031 0
3033 0
3034 0
3036 0
3042 0
3043 0
3048 0
3050 0
3052 0
3053 0
3055 0
3058 0
3064 0
3065 0
3066 0
3069 0
3071 0
3072 0
3073 0
3074 0
3075 0
3077 0
3079 0
3081 0
3083 0
3086 0
3090 0
3091 0
3092 0
3094 0
3099 0
3100 0
3101 0
3103 0
3104 0
3107 0
3114 0
3118 0
3121 0
3123 0
3130 0
3131 0
3135 0
3139 0
3141 0
3142 0
3143 0
3144 0
3145 0
3146 0
3147 0
3150 0
3153 0
3155 0
3156 0
3160 0
3162 0
3164 0
3168 0
3169 0
3171 0
3179 0
3185 0
3186 0
3190 0
3191 0
3197 0
3200 0
3203 0
3205 0
3207 0
3208 0
3210 0
3212 0
3214 0
3215 0
3219 0
3223 0
3226 0
3228 0
3231 0
3239 0
3240 0
3241 0
3248 0
3255 0
3259 0
3260 0
3263 0
3267 0
3268 0
3269 0
3270 0
3271 0
3281 0
3287 0
3288 0
3292 0
3294 0
3298 0
3300 0
3301 0
3302 0
3305 0
3308 0
3312 0
3316 0
3319 0
3321 0
3322 0
3323 0
3327 0
3328 0
3330 0
3331 0
3332 0
3333 0
3342 0
3346 0
3348 0
3349 0
3354 0
3355 0
3356 0
3357 0
3366 0
3367 0
3369 0
3373 0
3377 0
3379 0
3382 0
3385 0
3386 0
3387 0
3390 0
3396 0
3397 0
3398 0
3400 0
3401 0
3405 0
3406 0
3408 0
3412 0
3413 0
3415 0
3418 0
3419 0
3422 0
3423 0
3426 0
3428 0
3430 0
3431 0
3432 0
3435 0
3437 0
3439 0
3444 0
3447 0
3451 0
3467 0
3476 0
3477 0
3480 0
3493 0
3494 0
3501 0
3504 0
3511 0
3512 0
3516 0
3517 0
3518 0
3522 0
3525 0
3528 0
3529 0
3531 0
3532 0
3534 0
3542 0
3543 0
3547 0
3552 0
3562 0
3564 0
3566 0
3574 0
3583 0
3585 0
3587 0
3588 0
3591 0
3598 0
3599 0
3602 0
3603 0
3614 0
3615 0
3616 0
3619 0
3623 0
3625 0
3627 0
3632 0
3634 0
3637 0
3638 0
3639 0
3643 0
3650 0
3652 0
3656 0
3659 0
3662 0
3665 0
3674 0
3675 0
3679 0
3684 0
3687 0
3692 0
3699 0
3704 0
3709 0
3710 0
3715 0
3717 0
3721 0
3723 0
3739 0
3741 0
3742 0
3744 0
3747 0
3749 0
3758 0
3761 0
3763 0
3769 0
3772 0
3775 0
3777 0
3779 0
3785 0
3793 0
3794 0
3795 0
3797 0
3803 0
3804 0
3806 0
3809 0
3812 0
3813 0
3814 0
3816 0
3817 0
3818 0
3819 0
3821 0
3828 0
3837 0
3838 0
3843 0
3845 0
3846 0
3847 0
3850 0
3852 0
3855 0
3857 0
3862 0
3864 0
3866 0
3868 0
3880 0
3882 0
3885 0
3886 0
3887 0
3892 0
3895 0
3896 0
3897 0
3899 0
3900 0
3902 0
3903 0
3908 0
3912 0
3914 0
3919 0
3928 0
3930 0
3932 0
3933 0
3935 0
3937 0
3940 0
3948 0
3950 0
3956 0
3957 0
3959 0
3962 0
3963 0
3965 0
3968 0
3971 0
3972 0
3979 0
3987 0
3991 0
4001 0
4002 0
4004 0
4008 0
4010 0
4013 0
4019 0
4020 0
4022 0
4023 0
4025 0
4027 0
4032 0
4040 0
4043 0
4047 0
4048 0
4049 0
4051 0
4054 0
4059 0
4062 0
4066 0
4068 0
4069 0
4071 0
4074 0
4078 0
4081 0
4083 0
4088 0
4091 0
4095 0
4101 0
4103 0
4104 0
4110 0
4112 0
4116 0
4120 0
4128 0
4130 0
4131 0
4138 0
4139 0
4144 0
4150 0
4155 0
4161 0
4162 0
4168 0
4169 0
4172 0
4177 0
4187 0
4192 0
4193 0
4194 0
4204 0
4209 0
4215 0
4223 0
4229 0
4231 0
4232 0
4245 0
4250 0
4252 0
4261 0
4264 0
4265 0
4267 0
4268 0
4269 0
4278 0
4290 0
4296 0
4297 0
4301 0
4312 0
4313 0
4318 0
4328 0
4330 0
4342 0
4343 0
4351 0
4352 0
4354 0
4355 0
4366 0
4369 0
4370 0
4373 0
4377 0
4380 0
4388 0
4392 0
4395 0
4400 0
4403 0
4404 0
4406 0
4410 0
4411 0
4413 0
4416 0
4429 0
4435 0
4438 0
4440 0
4441 0
4447 0
4454 0
4465 0
4468 0
4473 0
4475 0
4476 0
4487 0
4497 0
4499 0
4503 0
4505 0
4507 0
4509 0
4510 0
4511 0
4512 0
4514 0
4517 0
4518 0
4519 0
4529 0
4534 0
4539 0
4542 0
4544 0
4554 0
4558 0
4559 0
4560 0
4565 0
4571 0
4572 0
4574 0
4585 0
4588 0
4595 0
4604 0
4605 0
4606 0
4609 0
4615 0
4621 0
4623 0
4629 0
4631 0
4632 0
4637 0
4638 0
4639 0
4643 0
4657 0
4659 0
4661 0
4662 0
4663 0
4664 0
4666 0
4667 0
4678 0
4680 0
4683 0
4698 0
4700 0
4703 0
4705 0
4706 0
4711 0
4713 0
4714 0
4717 0
4720 0
4721 0
4722 0
4724 0
4726 0
4728 0
4730 0
4731 0
4733 0
4734 0
4736 0
4738 0
4739 0
4741 0
4744 0
4745 0
4746 0
4764 0
4768 0
4776 0
4784 0
4793 0
4806 0
4809 0
4810 0
4811 0
4818 0
4820 0
4824 0
4828 0
4831 0
4838 0
4848 0
4849 0
4857 0
4861 0
4869 0
4875 0
4883 0
4886 0
4889 0
4891 0
4895 0
4899 0
4900 0
4908 0
4910 0
4912 0
4914 0
4915 0
4923 0
4927 0
4933 0
4937 0
4949 0
4958 0
4960 0
4962 0
4963 0
4974 0
4985 0
4988 0
4989 0
4991 0
4993 0
4995 0
4998 0
5006 0
5009 0
5020 0
5024 0
5025 0
5028 0
5036 0
5037 0
5038 0
5040 0
5047 0
5050 0
5055 0
5063 0
5064 0
5068 0
5069 0
5073 0
5075 0
5078 0
5082 0
5084 0
5100 0
5108 0
5115 0
5118 0
5119 0
5123 0
5126 0
5127 0
5131 0
5135 0
5144 0
5145 0
5149 0
5161 0
5162 0
5179 0
5180 0
5192 0
5194 0
5198 0
5204 0
5210 0
5211 0
5212 0
5214 0
5217 0
5219 0
5231 0
5234 0
5242 0
5243 0
5245 0
5247 0
5249 0
5253 0
5256 0
5257 0
5262 0
5264 0
5267 0
5268 0
5273 0
5276 0
5277 0
5279 0
5284 0
5286 0
5290 0
5296 0
5299 0
5300 0
5301 0
5302 0
5313 0
5319 0
5323 0
5324 0
5326 0
5338 0
5355 0
5359 0
5364 0
5378 0
5389 0
5390 0
5392 0
5397 0
5404 0
5405 0
5407 0
5410 0
5419 0
5425 0
5427 0
5438 0
5448 0
5451 0
5453 0
5472 0
5482 0
5493 0
5502 0
5505 0
5506 0
5510 0
5514 0
5515 0
5523 0
5529 0
5534 0
5539 0
5543 0
5557 0
5559 0
5563 0
5566 0
5581 0
5588 0
5594 0
5610 0
5619 0
5624 0
5627 0
5629 0
5631 0
5632 0
5637 0
5640 0
5642 0
5645 0
5656 0
5658 0
5660 0
5670 0
5696 0
5708 0
5710 0
5713 0
5716 0
5717 0
5728 0
5735 0
5736 0
5742 0
5744 0
5745 0
5747 0
5748 0
5757 0
5766 0
5768 0
5771 0
5772 0
5774 0
5791 0
5793 0
5803 0
5806 0
5807 0
5813 0
5815 0
5816 0
5819 0
5830 0
5834 0
5841 0
5852 0
5853 0
5858 0
5860 0
5864 0
5872 0
5875 0
5877 0
5881 0
5884 0
5892 0
5902 0
5908 0
5912 0
5914 0
5922 0
5923 0
5930 0
5932 0
5939 0
5942 0
5948 0
5956 0
5958 0
5965 0
5966 0
5968 0
5972 0
5975 0
5982 0
5987 0
6023 0
6025 0
6032 0
6048 0
6050 0
6053 0
6060 0
6062 0
6069 0
6074 0
6075 0
6077 0
6082 0
6083 0
6090 0
6091 0
6096 0
6097 0
6099 0
6103 0
6105 0
6113 0
6121 0
6139 0
6143 0
6145 0
6147 0
6155 0
6165 0
6172 0
6177 0
6180 0
6186 0
6189 0
6198 0
6207 0
6211 0
6217 0
6226 0
6233 0
6243 0
6254 0
6256 0
6270 0
6272 0
6288 0
6290 0
6296 0
6298 0
6299 0
6303 0
6307 0
6312 0
6313 0
6320 0
6345 0
6347 0
6349 0
6355 0
6357 0
6366 0
6367 0
6374 0
6376 0
6385 0
6387 0
6394 0
6401 0
6408 0
6413 0
6416 0
6421 0
6428 0
6429 0
6440 0
6442 0
6451 0
6453 0
6454 0
6460 0
6462 0
6471 0
6481 0
6485 0
6488 0
6501 0
6502 0
6507 0
6521 0
6528 0
6530 0
6531 0
6533 0
6538 0
6539 0
6543 0
6544 0
6560 0
6561 0
6589 0
6590 0
6591 0
6593 0
6595 0
6605 0
6607 0
6610 0
6611 0
6614 0
6621 0
6625 0
6635 0
6637 0
6638 0
6640 0
6644 0
6651 0
6653 0
6659 0
6665 0
6672 0
6686 0
6687 0
6691 0
6695 0
6716 0
6718 0
6723 0
6726 0
6727 0
6730 0
6740 0
6741 0
6742 0
6743 0
6754 0
6770 0
6777 0
6780 0
6783 0
6802 0
6803 0
6806 0
6807 0
6810 0
6812 0
6821 0
6823 0
6828 0
6838 0
6846 0
6848 0
6869 0
6895 0
6896 0
6901 0
6914 0
6917 0
6920 0
6922 0
6933 0
6941 0
6943 0
6947 0
6950 0
6951 0
6955 0
6967 0
6986 0
6987 0
6990 0
6995 0
6997 0
7003 0
7006 0
7011 0
7022 0
7045 0
7068 0
7069 0
7070 0
7075 0
7076 0
7093 0
7128 0
7132 0
7146 0
7149 0
7152 0
7156 0
7164 0
7166 0
7172 0
7180 0
7181 0
7196 0
7201 0
7207 0
7214 0
7224 0
7226 0
7233 0
7234 0
7236 0
7239 0
7240 0
7241 0
7254 0
7256 0
7258 0
7259 0
7267 0
7273 0
7279 0
7281 0
7285 0
7296 0
7303 0
7304 0
7305 0
7309 0
7315 0
7318 0
7323 0
7324 0
7325 0
7330 0
7332 0
7333 0
7335 0
7339 0
7343 0
7345 0
7348 0
7350 0
7351 0
7355 0
7358 0
7360 0
7371 0
7373 0
7374 0
7385 0
7388 0
7395 0
7403 0
7416 0
7423 0
7424 0
7430 0
7438 0
7439 0
7442 0
7447 0
7453 0
7456 0
7464 0
7478 0
7479 0
7482 0
7484 0
7488 0
7493 0
7496 0
7500 0
7503 0
7508 0
7511 0
7512 0
7515 0
7518 0
7520 0
7524 0
7525 0
7531 0
7539 0
7549 0
7556 0
7561 0
7578 0
7582 0
7592 0
7601 0
7607 0
7612 0
7624 0
7634 0
7636 0
7642 0
7647 0
7655 0
7663 0
7664 0
7677 0
7689 0
7692 0
7693 0
7710 0
7711 0
7714 0
7719 0
7726 0
7731 0
7739 0
7744 0
7748 0
7758 0
7773 0
7779 0
7781 0
7784 0
7814 0
7823 0
7836 0
7849 0
7858 0
7869 0
7877 0
7887 0
7896 0
7903 0
7913 0
7924 0
7931 0
7936 0
7958 0
7962 0
7964 0
7988 0
7994 0
7999 0
8000 0
8012 0
8026 0
8029 0
8043 0
8068 0
8088 0
8110 0
8111 0
8120 0
8133 0
8135 0
8143 0
8146 0
8164 0
8168 0
8209 0
8221 0
8222 0
8241 0
8247 0
8254 0
8269 0
8270 0
8273 0
8288 0
8310 0
8312 0
8315 0
8324 0
8330 0
8334 0
8365 0
8373 0
8379 0
8386 0
8424 0
8439 0
8469 0
8488 0
8497 0
8501 0
8512 0
8516 0
8525 0
8528 0
8566 0
8572 0
8586 0
8587 0
8597 0
8598 0
8599 0
8605 0
8624 0
8625 0
8636 0
8637 0
8650 0
8673 0
8677 0
8678 0
8686 0
8695 0
8696 0
8700 0
8713 0
8717 0
8747 0
8749 0
8751 0
8754 0
8755 0
8756 0
8757 0
8759 0
8764 0
8768 0
8777 0
8785 0
8795 0
8798 0
8802 0
8814 0
8842 0
8847 0
8853 0
8856 0
8858 0
8862 0
8868 0
8879 0
8884 0
8891 0
8910 0
8920 0
8946 0
8948 0
8954 0
8972 0
8980 0
8981 0
8983 0
8995 0
9011 0
9024 0
9029 0
9038 0
9082 0
9086 0
9095 0
9096 0
9103 0
9107 0
9115 0
9118 0
9131 0
9155 0
9156 0
9162 0
9173 0
9181 0
9186 0
9200 0
9202 0
9206 0
9217 0
9238 0
9242 0
9249 0
9268 0
9269 0
9275 0
9279 0
9284 0
9297 0
9311 0
9318 0
9324 0
9326 0
9333 0
9335 0
9339 0
9342 0
9378 0
9386 0
9391 0
9395 0
9408 0
9412 0
9434 0
9439 0
9441 0
9448 0
9464 0
9469 0
9473 0
9490 0
9495 0
9503 0
9512 0
9525 0
9526 0
9536 0
9537 0
9539 0
9540 0
9542 0
9543 0
9560 0
9564 0
9571 0
9572 0
9575 0
9589 0
9635 0
9636 0
9639 0
9644 0
9661 0
9671 0
9692 0
9694 0
9700 0
9716 0
9719 0
9724 0
9729 0
9739 0
9745 0
9759 0
9772 0
9781 0
9792 0
9809 0
9817 0
9820 0
9837 0
9843 0
9844 0
9846 0
9847 0
9851 0
9876 0
9885 0
9886 0
9901 0
9902 0
9905 0
9917 0
9923 0
9928 0
9930 0
9951 0
9970 0
9973 0
9982 0
9983 0
10011 0
10017 0
10029 0
10034 0
10047 0
10049 0
10051 0
10057 0
10064 0
10073 0
10084 0
10099 0
10104 0
10105 0
10112 0
10117 0
10143 0
10163 0
10170 0
10187 0
10213 0
10223 0
10231 0
10245 0
10258 0
10263 0
10277 0
10302 0
10318 0
10322 0
10332 0
10347 0
10371 0
10394 0
10417 0
10420 0
10425 0
10429 0
10432 0
10447 0
10454 0
10459 0
10467 0
10474 0
10479 0
10488 0
10492 0
10495 0
10536 0
10546 0
10603 0
10609 0
10610 0
10612 0
10615 0
10618 0
10640 0
10644 0
10675 0
10684 0
10694 0
10704 0
10710 0
10713 0
10729 0
10738 0
10747 0
10782 0
10796 0
10806 0
10807 0
10809 0
10831 0
10845 0
10851 0
10856 0
10868 0
10873 0
10883 0
10886 0
10893 0
10921 0
10925 0
10926 0
10942 0
10962 0
10994 0
11001 0
11003 0
11007 0
11020 0
11026 0
11035 0
11046 0
11086 0
11090 0
11108 0
11112 0
11124 0
11135 0
11144 0
11147 0
11151 0
11166 0
11167 0
11180 0
11181 0
11187 0
11190 0
11206 0
11211 0
11212 0
11213 0
11221 0
11245 0
11261 0
11262 0
11283 0
11285 0
11290 0
11292 0
11330 0
11340 0
11341 0
11342 0
11397 0
11400 0
11419 0
11432 0
11434 0
11436 0
11438 0
11445 0
11448 0
11454 0
11506 0
11507 0
11514 0
11531 0
11533 0
11549 0
11556 0
11557 0
11562 0
11568 0
11590 0
11622 0
11629 0
11631 0
11648 0
11668 0
11676 0
11682 0
11697 0
11699 0
11707 0
11726 0
11731 0
11736 0
11742 0
11750 0
11763 0
11767 0
11769 0
11789 0
11816 0
11830 0
11831 0
11839 0
11841 0
11864 0
11867 0
11881 0
11888 0
11893 0
11898 0
11900 0
11916 0
11917 0
11968 0
11991 0
12001 0
12003 0
12011 0
12030 0
12057 0
12062 0
12086 0
12089 0
12102 0
12128 0
12138 0
12167 0
12174 0
12193 0
12197 0
12206 0
12216 0
12236 0
12268 0
12287 0
12289 0
12307 0
12340 0
12368 0
12373 0
12395 0
12406 0
12409 0
12422 0
12430 0
12434 0
12455 0
12458 0
12494 0
12518 0
12526 0
12552 0
12559 0
12581 0
12588 0
12589 0
12612 0
12634 0
12643 0
12655 0
12673 0
12688 0
12721 0
12735 0
12763 0
12781 0
12784 0
12817 0
12827 0
12847 0
12859 0
12883 0
12901 0
12913 0
12916 0
12926 0
12927 0
12938 0
12945 0
12948 0
12954 0
12969 0
12989 0
13005 0
13008 0
13013 0
13032 0
13040 0
13051 0
13056 0
13058 0
13067 0
13072 0
13080 0
13124 0
13146 0
13154 0
13162 0
13170 0
13176 0
13177 0
13185 0
13202 0
13203 0
13216 0
13236 0
13237 0
13251 0
13261 0
13271 0
13287 0
13288 0
13297 0
13301 0
13320 0
13335 0
13355 0
13356 0
13361 0
13370 0
13376 0
13377 0
13396 0
13402 0
13413 0
13428 0
13436 0
13447 0
13457 0
13462 0
13464 0
13469 0
13486 0
13490 0
13496 0
13502 0
13507 0
13513 0
13531 0
13549 0
13583 0
13584 0
13593 0
13607 0
13623 0
13627 0
13640 0
13644 0
13649 0
13669 0
13696 0
13709 0
13712 0
13731 0
13737 0
13749 0
13761 0
13767 0
13769 0
13774 0
13778 0
13817 0
13836 0
13864 0
13866 0
13875 0
13892 0
13894 0
13900 0
13925 0
13930 0
13935 0
13938 0
13948 0
13957 0
13996 0
14002 0
14006 0
14021 0
14024 0
14025 0
14033 0
14045 0
14052 0
14054 0
14056 0
14058 0
14070 0
14077 0
14080 0
14097 0
14100 0
14108 0
14117 0
14128 0
14140 0
14145 0
14149 0
14154 0
14191 0
14195 0
14216 0
14257 0
14273 0
14288 0
14303 0
14325 0
14343 0
14345 0
14347 0
14373 0
14380 0
14401 0
14403 0
14412 0
14418 0
14423 0
14430 0
14433 0
14455 0
14473 0
14490 0
14501 0
14502 0
14504 0
14508 0
14517 0
14534 0
14564 0
14567 0
14578 0
14613 0
14623 0
14628 0
14644 0
14659 0
14675 0
14689 0
14699 0
14700 0
14702 0
14716 0
14719 0
14745 0
14754 0
14766 0
14780 0
14789 0
14792 0
14811 0
14830 0
14852 0
14870 0
14879 0
14913 0
14960 0
15006 0
15024 0
15055 0
15070 0
15073 0
15084 0
15101 0
15127 0
15133 0
15136 0
15146 0
15161 0
15179 0
15183 0
15191 0
15204 0
15209 0
15213 0
15214 0
15222 0
15231 0
15251 0
15252 0
15254 0
15256 0
15265 0
15272 0
15279 0
15315 0
15318 0
15330 0
15337 0
15366 0
15419 0
15426 0
15446 0
15449 0
15467 0
15499 0
15506 0
15511 0
15522 0
15578 0
15587 0
15615 0
15626 0
15637 0
15650 0
15700 0
15728 0
15741 0
15742 0
15751 0
15755 0
15810 0
15839 0
15862 0
15871 0
15897 0
15910 0
15968 0
15981 0
16001 0
16002 0
16008 0
16029 0
16036 0
16045 0
16056 0
16084 0
16111 0
16124 0
16150 0
16155 0
16166 0
16210 0
16215 0
16232 0
16234 0
16240 0
16248 0
16260 0
16274 0
16289 0
16324 0
16327 0
16328 0
16348 0
16377 0
16465 0
16485 0
16521 0
16540 0
16551 0
16557 0
16579 0
16582 0
16735 0
16758 0
16777 0
16798 0
16811 0
16819 0
16846 0
16848 0
16863 0
16867 0
16893 0
16898 0
16900 0
16905 0
16932 0
16959 0
16986 0
16991 0
16995 0
16997 0
17005 0
17030 0
17039 0
17066 0
17085 0
17103 0
17133 0
17137 0
17211 0
17213 0
17262 0
17295 0
17296 0
17300 0
17307 0
17368 0
17373 0
17421 0
17432 0
17444 0
17541 0
17568 0
17603 0
17613 0
17614 0
17624 0
17637 0
17638 0
17671 0
17674 0
17681 0
17705 0
17735 0
17753 0
17782 0
17788 0
17799 0
17872 0
17874 0
17877 0
17938 0
17939 0
17940 0
17941 0
17955 0
18011 0
18037 0
18047 0
18052 0
18068 0
18084 0
18147 0
18154 0
18158 0
18162 0
18170 0
18224 0
18247 0
18258 0
18266 0
18280 0
18309 0
18344 0
18374 0
18380 0
18406 0
18407 0
18418 0
18459 0
18517 0
18519 0
18534 0
18559 0
18567 0
18577 0
18613 0
18632 0
18640 0
18667 0
18722 0
18739 0
18763 0
18768 0
18779 0
18787 0
18790 0
18803 0
18814 0
18816 0
18852 0
18879 0
18893 0
18899 0
18906 0
18934 0
18965 0
18978 0
19007 0
19028 0
19029 0
19070 0
19079 0
19139 0
19149 0
19169 0
19181 0
19243 0
19244 0
19266 0
19273 0
19296 0
19310 0
19322 0
19323 0
19341 0
19343 0
19349 0
19367 0
19432 0
19436 0
19451 0
19500 0
19520 0
19531 0
19557 0
19573 0
19581 0
19594 0
19621 0
19702 0
19725 0
19749 0
19791 0
19852 0
19862 0
19875 0
19879 0
19948 0
19964 0
19966 0
19968 0
19973 0
20020 0
20030 0
20034 0
20066 0
20102 0
20180 0
20202 0
20206 0
20239 0
20270 0
20276 0
20323 0
20327 0
20370 0
20388 0
20394 0
20400 0
20407 0
20480 0
20496 0
20531 0
20570 0
20606 0
20615 0
20655 0
20667 0
20671 0
20680 0
20751 0
20771 0
20816 0
20843 0
20871 0
20899 0
20952 0
20962 0
21007 0
21015 0
21033 0
21053 0
21093 0
21182 0
21218 0
21222 0
21235 0
21253 0
21297 0
21367 0
21374 0
21388 0
21391 0
21423 0
21436 0
21445 0
21492 0
21505 0
21525 0
21527 0
21537 0
21599 0
21630 0
21715 0
21754 0
21825 0
21828 0
21840 0
21852 0
21955 0
21964 0
22001 0
22032 0
22042 0
22046 0
22049 0
22050 0
22074 0
22128 0
22153 0
22161 0
22196 0
22208 0
22233 0
22237 0
22332 0
22345 0
22427 0
22497 0
22509 0
22515 0
22570 0
22582 0
22588 0
22590 0
22593 0
22647 0
22673 0
22806 0
22903 0
23014 0
23059 0
23085 0
23119 0
23156 0
23170 0
23283 0
23316 0
23383 0
23404 0
23447 0
23499 0
23513 0
23595 0
23661 0
23698 0
23705 0
23708 0
23717 0
23733 0
23737 0
23786 0
23814 0
23834 0
23916 0
23949 0
23970 0
23987 0
24003 0
24221 0
24275 0
24339 0
24498 0
24565 0
24641 0
24678 0
24683 0
24691 0
24722 0
24729 0
24740 0
24756 0
24760 0
24836 0
24848 0
24862 0
24924 0
24949 0
24983 0
25016 0
25039 0
25089 0
25107 0
25109 0
25143 0
25189 0
25195 0
25205 0
25223 0
25237 0
25326 0
25368 0
25437 0
25471 0
25637 0
25641 0
25659 0
25675 0
25683 0
25696 0
25789 0
25803 0
25901 0
25944 0
25954 0
25979 0
25995 0
25996 0
26008 0
26099 0
26147 0
26148 0
26172 0
26215 0
26258 0
26285 0
26303 0
26433 0
26448 0
26465 0
26584 0
26589 0
26629 0
26631 0
26668 0
26683 0
26689 0
26749 0
26784 0
26808 0
26835 0
26906 0
26923 0
26942 0
26945 0
26987 0
27006 0
27007 0
27032 0
27047 0
27088 0
27095 0
27172 0
27239 0
27242 0
27296 0
27371 0
27415 0
27419 0
27520 0
27602 0
27643 0
27676 0
27737 0
27741 0
27753 0
27784 0
27851 0
27869 0
27887 0
27916 0
27997 0
28103 0
28162 0
28166 0
28204 0
28221 0
28235 0
28255 0
28317 0
28372 0
28375 0
28386 0
28439 0
28477 0
28497 0
28527 0
28529 0
28552 0
28579 0
28641 0
28712 0
28728 0
28789 0
28808 0
28836 0
28858 0
28937 0
28971 0
29052 0
29094 0
29126 0
29159 0
29163 0
29165 0
29214 0
29241 0
29266 0
29345 0
29396 0
29447 0
29457 0
29490 0
29512 0
29551 0
29567 0
29604 0
29628 0
29631 0
29712 0
29744 0
29815 0
29843 0
29891 0
29898 0
29902 0
29904 0
29911 0
30021 0
30045 0
30071 0
30099 0
30106 0
30120 0
30151 0
30201 0
30271 0
30279 0
30312 0
30361 0
30398 0
30468 0
30511 0
30588 0
30599 0
30628 0
30632 0
30643 0
30663 0
30704 0
30840 0
30852 0
30900 0
30952 0
30958 0
31009 0
31038 0
31183 0
31242 0
31302 0
31336 0
31372 0
31486 0
31493 0
31512 0
31516 0
31595 0
31674 0
31725 0
31778 0
31846 0
31847 0
31865 0
31898 0
32003 0
32108 0
32136 0
32176 0
32199 0
32232 0
32284 0
32294 0
32305 0
32327 0
32347 0
32384 0
32391 0
32404 0
32408 0
32434 0
32458 0
32493 0
32550 0
32596 0
32643 0
32646 0
32671 0
32712 0
32755 0
32831 0
32832 0
32870 0
32879 0
32908 0
32917 0
32926 0
32985 0
33000 0
33068 0
33096 0
33106 0
33111 0
33175 0
33286 0
33313 0
33316 0
33353 0
33374 0
33404 0
33435 0
33592 0
33664 0
33673 0
33681 0
33789 0
33848 0
33883 0
33913 0
33997 0
34019 0
34074 0
34100 0
34119 0
34166 0
34261 0
34312 0
34328 0
34346 0
34379 0
34418 0
34424 0
34437 0
34446 0
34495 0
34503 0
34698 0
34712 0
34725 0
34732 0
34773 0
34775 0
34806 0
34816 0
34868 0
34892 0
34934 0
35029 0
35054 0
35090 0
35101 0
35106 0
35151 0
35163 0
35190 0
35221 0
35303 0
35307 0
35397 0
35421 0
35437 0
35507 0
35515 0
35518 0
35533 0
35645 0
35695 0
35741 0
35752 0
35817 0
35835 0
35846 0
35853 0
35863 0
35890 0
35895 0
35934 0
35938 0
35981 0
35983 0
36001 0
36054 0
36056 0
36075 0
36167 0
36180 0
36185 0
36201 0
36239 0
36397 0
36405 0
36431 0
36564 0
36690 0
36701 0
36724 0
36757 0
36783 0
36845 0
36868 0
36907 0
36914 0
36928 0
36946 0
36967 0
36975 0
37033 0
37184 0
37202 0
37325 0
37424 0
37457 0
37474 0
37495 0
37558 0
37578 0
37632 0
37745 0
37845 0
37863 0
38039 0
38049 0
38130 0
38132 0
38193 0
38241 0
38271 0
38299 0
38307 0
38320 0
38321 0
38340 0
38401 0
38492 0
38523 0
38534 0
38771 0
38889 0
38969 0
39016 0
39110 0
39173 0
39236 0
39278 0
39298 0
39383 0
39391 0
39447 0
39481 0
39610 0
39644 0
39659 0
39789 0
39817 0
39891 0
39896 0
39933 0
39971 0
40019 0
40128 0
40483 0
40547 0
40635 0
40724 0
40807 0
40821 0
40838 0
41097 0
41104 0
41166 0
41537 0
41556 0
41694 0
41727 0
41740 0
41767 0
41773 0
41810 0
42016 0
42048 0
42110 0
42245 0
42283 0
42372 0
42394 0
42399 0
42407 0
42439 0
42481 0
42581 0
42583 0
42705 0
42735 0
42854 0
42860 0
42974 0
43010 0
43123 0
43137 0
43195 0
43220 0
43291 0
43438 0
43755 0
43769 0
44154 0
44158 0
44226 0
44268 0
44320 0
44375 0
44523 0
44597 0
44621 0
44660 0
44745 0
44777 0
44849 0
44853 0
44890 0
44955 0
44957 0
45205 0
45291 0
45568 0
45593 0
45857 0
45884 0
45931 0
46010 0
46059 0
46118 0
46180 0
46181 0
46309 0
46327 0
46375 0
46418 0
46420 0
46426 0
46490 0
46519 0
46566 0
46584 0
46625 0
46666 0
46772 0
46777 0
46873 0
46996 0
47037 0
47139 0
47736 0
48047 0
48124 0
48215 0
48278 0
48306 0
48345 0
48401 0
48403 0
48470 0
48660 0
48998 0
49050 0
49099 0
49106 0
49131 0
49165 0
49408 0
49422 0
49436 0
49587 0
49623 0
49636 0
49645 0
49722 0
49841 0
49879 0
50023 0
50061 0
50163 0
50220 0
50249 0
50265 0
50539 0
50582 0
50672 0
50704 0
50763 0
50781 0
50816 0
50956 0
50989 0
51009 0
51055 0
51083 0
51258 0
51317 0
51330 0
51644 0
51813 0
51872 0
51899 0
51987 0
51997 0
52175 0
52332 0
52333 0
52498 0
52754 0
52756 0
52797 0
52832 0
52890 0
52974 0
53006 0
53098 0
53385 0
53422 0
53435 0
53509 0
53585 0
53759 0
53773 0
53869 0
53901 0
54027 0
54039 0
54079 0
54082 0
54126 0
54242 0
54333 0
54572 0
54681 0
55045 0
55208 0
55217 0
55241 0
55302 0
55478 0
55586 0
55614 0
55621 0
55631 0
55662 0
55805 0
55895 0
55924 0
55957 0
56204 0
56242 0
56263 0
56325 0
56397 0
56465 0
56797 0
56916 0
56924 0
57032 0
57040 0
57144 0
57260 0
57712 0
57742 0
58219 0
58256 0
58500 0
58555 0
58655 0
59222 0
59555 0
59580 0
59677 0
59858 0
60106 0
60118 0
60159 0
60238 0
60243 0
60395 0
60907 0
61512 0
61547 0
61550 0
61644 0
61914 0
61926 0
62090 0
62115 0
62280 0
