0 4339.59
2401 4227.63
4802 4137.58
7203 4062.12
9604 3996.28
12005 3938.91
14406 3890.57
16807 3848.76
19208 3811.82
21609 3780.55
24010 3750.52
26411 3725.69
28812 3702.78
31213 3683.12
33614 3664.1
36015 3650
38416 3636.21
40817 3623.43
43218 3611.97
45619 3601.48
48020 3591.6
50421 3584.04
52822 3577.11
55223 3569.85
57624 3564.43
60025 3558.74
62426 3553.27
64827 3548.34
67228 3544.39
69629 3540.48
72030 3536.82
74431 3534.31
76832 3531.07
79233 3527.99
81634 3525.38
84035 3523.12
86436 3520.74
88837 3518.99
91238 3517.27
93639 3515.38
96040 3513.67
98441 3512.4
100842 3511.04
103243 3509.17
105644 3508.19
108045 3507.05
110446 3505.99
112847 3504.78
115248 3503.59
117649 3502.48
120050 3501.71
122451 3501.01
124852 3500.42
127253 3499.81
129654 3499.43
132055 3498.9
134456 3498.27
136857 3497.54
139258 3497.17
141659 3496.84
144060 3496.26
146461 3495.74
148862 3495.05
151263 3494.48
153664 3493.98
156065 3493.39
158466 3492.84
160867 3492.3
163268 3491.85
165669 3491.49
168070 3491.34
170471 3491
172872 3490.69
175273 3490.31
177674 3490.16
180075 3489.98
182476 3489.84
184877 3489.56
187278 3489.3
189679 3488.93
192080 3488.67
194481 3488.44
196882 3488.33
199283 3488.12
201684 3488
204085 3487.83
206486 3487.71
208887 3487.41
211288 3487.18
213689 3486.89
216090 3486.73
218491 3486.67
220892 3486.59
223293 3486.38
225694 3486.32
228095 3486.25
230496 3486.12
232897 3486.04
235298 3485.93
237699 3485.88
240100 3485.7
242501 3485.61
244902 3485.48
247303 3485.42
249704 3485.28
252105 3485.25
254506 3485.16
256907 3485.11
259308 3485
261709 3484.97
264110 3484.92
268912 3484.76
271313 3484.55
273714 3484.45
276115 3484.38
278516 3484.24
280917 3484.04
285719 3483.98
288120 3483.9
290521 3483.68
292922 3483.5
295323 3483.31
297724 3483.15
300125 3483.03
302526 3482.94
304927 3482.84
307328 3482.78
309729 3482.7
312130 3482.59
314531 3482.5
316932 3482.47
319333 3482.45
321734 3482.42
324135 3482.4
326536 3482.34
328937 3482.25
331338 3482.15
333739 3482.04
336140 3481.98
338541 3481.97
340942 3481.86
343343 3481.69
345744 3481.47
348145 3481.19
350546 3481.06
352947 3480.95
355348 3480.81
357749 3480.79
360150 3480.73
362551 3480.72
364952 3480.68
367353 3480.48
369754 3480.41
372155 3480.36
374556 3480.35
376957 3480.32
379358 3480.21
381759 3480.16
384160 3480.15
386561 3480.14
388962 3480.13
391363 3480.04
393764 3479.98
396165 3479.93
398566 3479.88
400967 3479.84
403368 3479.67
405769 3479.54
408170 3479.38
410571 3479.34
417774 3479.32
420175 3479.26
422576 3479.25
429779 3479.23
432180 3479.19
434581 3479.17
436982 3479.13
439383 3479.09
441784 3479.01
444185 3478.98
446586 3478.93
448987 3478.87
451388 3478.84
453789 3478.83
456190 3478.78
465794 3478.77
468195 3478.74
475398 3478.73
477799 3478.68
480200 3478.62
482601 3478.56
485002 3478.45
487403 3478.3
489804 3478.26
492205 3478.19
494606 3478.09
497007 3478.07
504210 3478.02
506611 3478.01
509012 3477.96
511413 3477.95
513814 3477.93
518616 3477.9
521017 3477.86
523418 3477.81
525819 3477.79
528220 3477.76
530621 3477.71
533022 3477.64
535423 3477.61
537824 3477.57
540225 3477.48
542626 3477.45
557032 3477.42
561834 3477.41
564235 3477.37
566636 3477.36
569037 3477.35
571438 3477.34
573839 3477.32
581042 3477.31
583443 3477.28
585844 3477.21
590646 3477.2
624260 3477.09
626661 3477.07
636265 3477.01
638666 3476.99
641067 3476.89
643468 3476.86
650671 3476.84
653072 3476.73
655473 3476.72
657874 3476.71
662676 3476.68
674681 3476.62
677082 3476.58
684285 3476.47
686686 3476.29
689087 3476.05
691488 3476.01
693889 3475.88
696290 3475.76
698691 3475.75
703493 3475.74
705894 3475.73
713097 3475.72
715498 3475.69
717899 3475.6
720300 3475.5
722701 3475.36
725102 3475.27
727503 3475.23
729904 3475.22
732305 3475.2
737107 3475.11
739508 3474.91
741909 3474.79
746711 3474.78
749112 3474.75
751513 3474.7
753914 3474.68
758716 3474.65
763518 3474.61
768320 3474.59
799533 3474.51
818741 3474.46
821142 3474.44
825944 3474.41
830746 3474.4
833147 3474.39
835548 3474.36
837949 3474.32
857157 3474.28
859558 3474.2
861959 3474.19
866761 3474.16
881167 3474.14
888370 3474.13
890771 3474
893172 3473.97
895573 3473.9
907578 3473.8
909979 3473.77
912380 3473.75
943593 3473.74
945994 3473.72
948395 3473.68
977207 3473.66
979608 3473.64
982009 3473.63
984410 3473.62
1015623 3473.58
1020425 3473.57
1022826 3473.56
1030029 3473.55
1032430 3473.53
1034831 3473.52
1037232 3473.46
1039633 3473.39
1042034 3473.33
1046836 3473.32
1049237 3473.25
1051638 3473.23
1054039 3473.22
1066044 3473.19
1070846 3473.17
1073247 3473.13
1075648 3473.12
1078049 3473.07
1080450 3473.02
1082851 3472.97
1102059 3472.93
1106861 3472.86
1109262 3472.84
1111663 3472.82
1118866 3472.81
1133272 3472.79
1135673 3472.76
1138074 3472.72
1140475 3472.64
1142876 3472.56
1171688 3472.54
1183693 3472.53
1193297 3472.52
