128 2
0
53
127
1
11
50
2
40
53
3
85
116
4
91
102
5
106
114
6
12
75
7
18
40
8
84
126
9
57
60
2
10
86
11
72
73
12
52
68
5
13
84
14
17
69
15
83
118
16
79
88
17
54
96
18
100
121
19
97
115
20
67
74
2
21
59
17
22
60
23
65
96
3
24
50
25
29
70
26
72
124
27
91
103
17
28
54
28
29
100
30
37
123
20
25
31
32
38
63
8
33
83
34
68
126
35
85
117
9
26
36
18
24
37
8
38
41
1
39
87
40
71
118
21
41
77
42
77
123
1
2
43
13
42
44
45
74
114
44
46
69
1
47
121
48
104
114
2
6
49
50
100
125
51
53
73
4
52
109
53
59
85
16
40
54
25
35
55
56
100
115
57
67
110
2
58
98
48
59
90
9
60
111
44
60
61
59
62
116
1
63
93
64
77
78
19
25
65
18
66
96
41
50
67
25
68
121
69
90
97
38
70
93
65
71
101
18
46
72
69
73
127
20
68
74
75
88
103
34
76
126
58
77
117
38
62
78
79
95
100
4
72
80
34
81
88
49
82
102
54
83
104
2
84
87
85
96
126
61
85
86
4
83
87
13
68
88
89
91
117
71
90
115
51
73
91
18
92
108
34
93
102
5
55
94
83
95
114
65
71
96
1
97
114
20
54
98
48
99
108
19
40
100
23
56
101
7
35
102
22
74
103
38
104
124
8
57
105
53
98
106
1
42
107
56
58
108
109
126
127
32
59
110
45
98
111
1
112
124
82
103
113
58
83
114
70
85
115
37
78
116
27
107
117
23
28
118
3
23
119
29
87
120
38
60
121
8
61
122
55
68
123
57
82
124
39
81
125
54
118
126
10
50
127
0.720324
0.932557
0.000114
0.128124
0.302333
0.999041
0.146756
0.236089
0.186260
0.387911
0.345561
0.669746
0.396767
0.935539
0.538817
0.846311
0.685220
0.524548
0.204452
0.443453
0.878117
0.229577
0.027388
0.534414
0.417305
0.457205
0.558690
0.430699
0.140387
0.939128
0.198101
0.778389
0.968262
0.802758
0.313424
0.092801
0.692323
0.518153
0.876389
0.865020
0.085044
0.829603
0.039055
0.273050
0.169830
0.059243
0.878143
0.670528
0.421108
0.671654
0.957890
0.411788
0.533165
0.197551
0.691877
0.289630
0.686501
0.783314
0.834626
0.412539
0.018288
0.034171
0.750144
0.624030
0.748166
0.298495
0.280444
0.446135
0.789279
0.222125
0.103226
0.073364
0.908596
0.096172
0.293614
0.903370
0.287775
0.119490
0.130029
0.524799
0.916861
0.211628
0.910448
0.265547
0.298930
0.491573
0.584389
0.053363
0.613938
0.146729
0.956536
0.589306
0.260979
0.699758
0.231015
0.102334
0.949938
0.694400
0.493060
0.414179
0.540601
0.049953
0.765485
0.535896
0.139966
0.514889
0.792404
0.944595
0.029801
0.586555
0.883125
0.903402
0.447980
0.139276
0.892136
0.807391
0.377584
0.397677
0.538425
0.165354
0.361261
0.347766
0.571009
0.750812
0.637836
0.725998
0.126315
0.883306
0.647749
0.750942
0.353939
0.348898
0.763233
0.269928
0.356532
0.895886
0.881342
0.964840
0.011669
0.663441
0.498109
0.621696
0.073792
0.114746
0.064067
0.449912
0.355310
0.578390
0.941837
0.408137
0.379803
0.237027
0.771595
0.573679
0.301361
0.002870
0.772739
0.617145
0.152930
0.326645
0.009008
0.885942
0.709043
0.357270
0.470641
0.908535
0.764593
0.623360
0.269001
0.929437
0.831693
0.690897
0.551325
0.997323
0.070081
0.172341
0.742765
0.932595
0.191956
0.696818
0.464312
0.066000
0.230363
0.755463
0.208568
0.923025
0.049304
0.711525
0.518862
0.124271
0.172278
0.019880
0.107365
0.028306
0.509810
0.246211
0.102135
0.860028
0.288718
0.538831
0.967668
0.842031
0.278319
0.124173
0.233623
0.279184
0.091556
0.585759
0.417927
0.561030
0.367843
0.018647
0.812995
0.800633
0.289760
0.232974
0.612948
0.387861
0.426910
0.863542
0.751873
0.747122
0.427813
0.556240
0.361904
0.059918
0.153338
0.121343
0.937190
0.044552
0.916410
0.107494
0.616329
0.712989
0.035999
0.559717
0.654324
0.012556
0.129770
0.071974
0.360815
0.568100
0.274645
0.203293
0.073969
0.252326
0.152137
0.743826
0.938712
0.581359
0.371134
0.970020
0.050018
0.846829
0.740956
0.239848
0.204358
0.619956
0.981757
0.828981
0.893021
0.156791
0.759349
0.018576
0.039684
0.486345
0.813876
0.606329
0.762573
0.568851
0.455282
0.317362
0.109336
0.579745
0.146033
0.380141
0.508789
0.550948
0.215650
0.745334
0.462153
0.264920
0.132267
0.066335
0.764242
0.370084
0.212734
0.629718
0.095419
0.752756
0.162206
0.066536
0.356464
0.260315
0.095308
0.804755
0.931013
0.639461
0.576584
0.524670
0.839645
0.924808
0.623292
0.263297
0.728012
0.735066
0.522737
0.772178
0.736811
0.907816
0.165406
0.931972
0.426811
0.234362
0.728557
0.616778
0.756335
0.949016
0.397611
0.950176
0.203510
0.915606
0.008003
0.641566
0.926351
0.390008
0.294512
0.485991
0.024102
0.549548
0.452002
0.926181
0.808339
0.918733
0.368377
0.394876
0.034848
0.173956
0.354577
0.126330
0.078520
0.135079
0.693185
0.505662
0.459545
0.947970
0.961317
0.827115
0.334185
0.015019
0.472083
0.176196
0.503076
0.130997
0.885690
0.809491
0.534377
0.344737
0.281477
0.940107
0.878832
0.241489
0.844734
0.023884
0.905392
0.965727
0.459880
0.429968
0.798604
0.577068
0.285719
0.126526
0.490254
0.950043
0.599110
0.313611
0.593481
0.218393
0.433676
0.248700
0.807361
0.863802
0.315245
0.235268
0.577857
0.543897
0.184010
0.191260
0.787929
0.588840
0.612031
0.048137
0.420194
0.049711
0.679069
0.399415
0.918602
0.576904
0.000402
0.867517
0.376580
0.254703
0.973784
0.082255
0.604716
0.157756
0.828846
0.209493
0.628076
0.347690
0.285576
0.699884
0.586833
0.697509
0.750022
0.074724
0.755082
0.789400
0.698057
0.900529
0.864479
0.004663
0.322681
0.264203
0.450874
0.359816
0.382103
0.240218
0.410811
0.023169
0.401480
0.531668
0.621919
0.561459
0.430247
0.167831
0.973802
0.421075
0.677801
0.684688
0.426701
0.010000
0.343346
0.219866
0.797639
0.031956
0.879998
0.934872
0.662720
0.517594
0.270208
0.016463
0.252367
0.298800
0.854898
0.540720
0.802161
0.185114
0.572489
0.083546
0.733143
0.044272
0.519012
0.443808
0.568858
0.067032
0.465710
0.811772
0.342689
0.636291
0.068209
0.772850
0.079626
0.238211
0.982817
0.044418
0.181613
0.281217
0.811859
0.865090
0.688413
0.660332
0.569494
0.187379
0.160971
0.522287
0.466880
0.903879
0.225040
0.847022
0.592512
0.838779
0.312270
0.139280
0.916306
0.540305
0.257118
0.218683
0.110891
0.440828
0.192963
0.480278
0.499584
0.333284
0.208194
0.505464
0.248034
0.673147
0.851672
0.055459
0.415849
0.157580
0.233666
0.319224
0.101967
0.890517
0.515857
0.790374
0.477141
0.217499
0.621806
0.680440
0.544010
0.156217
0.654137
0.510361
0.144546
0.988065
0.222049
0.048300
0.519352
0.899064
0.785296
0.715330
0.022330
0.310328
0.872922
0.080784
0.844710
0.352121
0.538441
0.001013
0.866608
0.624630
0.826407
0.625112
0.854115
0.321452
0.098743
0.047318
0.651304
0.723365
0.610241
0.406304
0.799615
0.704335
0.034571
0.585359
0.770239
0.969565
0.259698
0.313755
0.257069
0.226462
0.632303
0.672335
0.345297
0.778922
0.446146
0.615265
0.782749
0.045661
0.990472
0.446100
0.300248
0.968013
0.901308
0.554032
0.541559
0.411354
0.974740
0.966047
0.636604
0.203058
0.659200
0.526426
0.809077
0.135428
0.458151
0.355705
0.887308
0.026219
0.577279
0.745637
0.917498
0.030400
0.314147
0.366543
0.726138
0.862346
0.480063
0.690942
0.487574
0.188637
0.841410
0.441904
0.555528
0.581577
0.486743
0.203906
0.275846
0.247733
0.225390
0.262173
0.646754
0.750172
0.200475
0.056929
0.879853
0.508516
0.465808
0.211960
0.724980
0.798604
0.027606
0.203674
0.593432
0.088616
0.843840
0.165690
0.381016
0.502997
0.511141
0.903602
0.540952
0.219524
0.959434
0.738131
0.803961
0.257803
0.709387
0.132430
0.465001
0.372088
0.947549
0.082855
0.221433
0.505726
0.081474
0.456978
0.428619
0.361275
0.109019
0.816008
0.633787
0.045812
0.696800
0.458523
0.766211
0.735732
0.342454
0.909637
0.845851
0.277405
0.824010
0.656316
0.626496
0.011280
0.143423
0.735354
0.078387
0.603495
0.066725
0.583960
0.458584
0.573521
0.113342
0.361017
0.027783
0.958700
0.394850
0.387135
0.746938
0.836180
0.452405
0.982142
0.450087
0.585353
0.474004
0.086257
0.803163
0.991451
0.402393
0.779500
0.904686
0.994365
0.773874
0.037428
0.125641
0.719089
0.618514
0.688116
0.010364
0.608813
0.003018
0.280685
0.951194
0.776215
0.905402
0.890166
0.795967
0.510599
0.145558
0.077779
0.157730
0.615304
0.187632
0.837804
0.622496
0.696005
0.989955
0.861190
0.711122
0.745322
0.731800
0.264549
0.909293
0.999769
0.249851
0.639059
0.173430
0.489700
0.119457
0.889375
0.812611
0.874510
0.264297
0.647724
0.819089
0.585579
0.310587
0.281583
0.982417
0.991654
0.533653
0.501636
0.314467
0.772315
0.910773
0.124280
0.366557
0.921018
0.512293
0.228605
0.938886
0.842486
0.030949
0.305572
0.716879
0.484322
0.027287
0.143943
0.522051
0.305798
0.325990
0.886920
0.859489
0.886842
0.690228
0.267088
0.452853
0.880343
0.628309
0.497983
0.290097
0.333439
0.576756
0.204483
0.311444
0.819605
0.517268
0.838838
0.916406
0.522796
0.247396
0.948977
0.371294
0.059449
0.931861
0.886499
0.936868
0.574344
0.920207
0.640905
0.227900
0.127807
0.087482
0.406703
0.227310
0.356410
0.174766
0.856473
0.607094
0.102008
0.413586
0.953121
0.816352
0.166814
0.701877
0.160416
0.240356
0.879272
0.574219
0.478450
0.348988
0.399153
0.228814
0.051641
0.664103
0.138715
0.497250
0.778638
0.519016
0.178053
0.570716
0.928124
0.996753
0.107664
0.816835
0.452644
0.594373
0.155992
0.901563
0.764124
0.595608
0.626922
0.032426
0.711095
0.093577
0.193461
0.879656
0.375435
0.319849
0.975350
0.604480
0.167983
0.955210
0.972788
0.195892
0.824238
0.166028
0.632616
0.624807
0.668733
0.056294
0.476882
0.980412
0.353006
0.771597
0.492072
0.209332
0.730091
0.585282
0.468628
0.613554
0.137663
0.319971
0.010889
0.111900
0.758278
0.313015
0.319953
0.165774
0.220234
0.462920
0.338708
0.635517
0.523896
0.037088
0.754891
0.870213
0.124823
0.139631
0.312501
0.018071
0.504519
0.689714
0.673849
0.130336
0.396799
0.022915
0.862912
0.519082
0.932257
0.809989
0.450759
0.672470
0.697937
0.686808
0.753610
0.449247
0.577774
0.914789
0.134606
0.005240
0.104669
0.484428
0.335511
0.859318
0.564364
0.830400
0.622589
0.673698
0.812855
0.578500
0.248261
0.274120
0.422766
0.560530
0.805611
0.352430
0.247527
0.855828
0.010772
0.195037
0.246920
0.747321
0.249870
0.773799
0.261934
0.427737
0.524276
0.807698
0.380255
0.353535
0.036090
0.767285
0.449966
0.308642
0.976481
0.733245
0.057447
0.744473
0.163089
0.214112
0.541293
0.198948
0.272699
0.142518
0.493268
0.377083
0.733943
0.110920
0.920697
0.674564
0.660063
0.799777
0.690075
0.080530
0.168086
0.207626
0.601804
0.917334
0.654961
0.711315
0.517694
0.553885
0.069485
0.834854
0.484744
0.435306
0.617898
0.923456
0.100721
0.706052
0.028270
0.126210
0.375883
0.976044
0.772834
0.159834
0.407131
0.202602
0.934955
0.404202
0.446410
0.146751
0.328819
0.729319
0.344065
0.188745
0.047464
0.754306
0.903231
0.210732
0.881428
0.600954
0.812956
0.748928
0.960228
0.597127
0.928267
0.295482
0.044928
0.731606
0.360133
0.945308
0.076018
0.782182
0.338023
0.056141
0.790980
0.835272
0.749122
0.192250
0.465830
0.300081
0.199965
0.080104
0.076169
0.904631
0.892464
0.370154
0.720971
Optimum: ?